LISFLOOD-FP model/DEM_edit_04.asc
ncols 433
nrows  491
xllcorner  1194560
yllcorner  -5.844710e+05
cellsize  25
nodata_value  -9.999000e+03
[rows 330 to 359 of 491, columns 66 to 131 of 433]
121.224 121.217 121.194 121.181 121.215 121.197 121.136 121.075 121.067 121.077 121.105 121.138 121.149 121.145 121.113 121.091 121.083 121.067 121.128 121.090 120.977 120.990 120.992 121.043 121.043 121.037 121.033 121.045 121.106 121.164 121.201 121.246 121.257 121.282 121.290 121.328 121.416 121.464 121.439 121.449 121.463 121.447 121.443 121.395 121.381 121.361 121.358 121.356 121.280 121.401 121.219 121.400 121.330 121.104 121.302 121.304 121.236 121.242 121.427 121.379 121.384 121.463 121.396 121.382 121.385 121.449
121.190 121.204 121.199 121.148 121.177 121.103 121.063 121.035 121.062 121.066 121.112 121.118 121.087 121.138 121.064 121.111 121.122 121.065 121.054 121.006 121.069 121.114 121.070 121.042 121.094 121.126 121.155 121.177 121.117 121.134 121.128 121.190 121.222 121.287 121.243 121.302 121.385 121.459 121.493 121.507 121.498 121.444 121.427 121.426 121.435 121.401 121.362 121.241 121.381 121.365 121.249 121.292 121.307 121.164 121.386 121.361 121.386 121.370 121.412 121.397 121.441 121.442 121.445 121.465 121.462 121.369
121.163 121.145 121.132 121.153 121.078 121.019 121.018 121.044 121.042 121.046 121.085 121.097 121.119 121.066 121.064 121.106 121.096 121.062 120.949 120.968 121.090 121.067 121.082 121.095 121.145 121.210 121.221 121.230 121.183 121.151 121.145 121.171 121.200 121.160 121.222 121.350 121.387 121.456 121.484 121.499 121.485 121.461 121.449 121.451 121.434 121.415 121.340 121.341 121.348 121.388 121.289 121.281 121.305 121.181 121.337 121.386 121.407 121.416 121.338 121.407 121.408 121.413 121.379 121.393 121.344 121.359
121.161 121.103 121.109 121.069 120.955 120.980 120.977 120.981 121.005 121.051 121.080 121.088 121.102 121.057 121.083 121.083 121.057 120.975 120.933 121.046 121.061 121.068 121.094 121.095 121.132 121.238 121.206 121.241 121.229 121.213 121.186 121.228 121.205 121.177 121.216 121.276 121.398 121.460 121.510 121.527 121.464 121.453 121.442 121.440 121.437 121.397 121.383 121.402 121.361 121.408 121.274 121.300 121.293 121.188 121.258 121.275 121.336 121.368 121.386 121.410 121.412 121.391 121.426 121.381 121.412 121.421
121.127 121.042 121.069 120.880 120.864 120.853 120.940 120.910 120.909 120.975 121.004 120.976 121.034 121.073 121.084 121.017 120.942 120.935 120.957 120.992 120.998 121.042 121.057 121.074 121.122 121.214 121.183 121.202 121.245 121.217 121.264 121.217 121.243 121.192 121.257 121.310 121.320 121.425 121.492 121.487 121.454 121.463 121.458 121.417 121.413 121.385 121.403 121.376 121.340 121.299 121.232 121.339 121.195 121.201 121.315 121.359 121.382 121.369 121.224 121.245 121.294 121.465 121.441 121.456 121.427 121.374
121.133 121.074 120.863 120.890 120.940 120.839 120.945 120.908 120.816 120.863 120.874 120.897 120.926 121.074 121.010 120.918 120.933 120.996 120.994 120.993 120.996 120.998 121.014 121.050 121.119 121.180 121.206 121.205 121.269 121.288 121.240 121.196 121.234 121.245 121.271 121.314 121.323 121.428 121.426 121.428 121.450 121.423 121.415 121.413 121.395 121.390 121.394 121.381 121.380 121.396 121.372 121.383 121.228 121.400 121.343 121.325 121.366 121.263 121.355 121.376 121.261 121.380 121.420 121.406 121.287 121.151
121.114 120.993 120.828 120.865 120.842 120.844 120.840 120.806 120.899 120.917 120.983 120.979 120.868 120.931 120.910 120.915 120.973 120.970 120.961 120.981 120.992 121.018 121.075 121.094 121.185 121.184 121.190 121.235 121.274 121.281 121.245 121.221 121.245 121.262 121.266 121.274 121.284 121.413 121.362 121.327 121.376 121.420 121.424 121.389 121.378 121.362 121.356 121.373 121.387 121.399 121.383 121.155 121.347 121.387 121.360 121.379 121.373 121.240 121.326 121.311 121.229 121.212 121.154 121.174 121.189 121.298
120.964 120.864 120.991 120.865 120.865 120.806 120.833 120.925 120.925 120.942 120.952 121.009 120.894 120.972 121.021 120.907 120.941 120.961 120.950 120.992 120.987 121.021 121.069 121.074 121.140 121.187 121.217 121.223 121.304 121.323 121.268 121.224 121.204 121.250 121.307 121.282 121.245 121.359 121.389 121.321 121.295 121.398 121.409 121.377 121.385 121.384 121.367 121.380 121.380 121.359 121.333 121.171 121.186 121.249 121.305 121.340 121.374 121.279 121.394 121.395 121.415 121.313 121.335 121.376 121.384 121.267
120.933 120.899 120.886 120.933 120.852 120.777 120.885 120.928 120.846 120.937 120.969 120.992 120.941 121.001 121.020 120.892 120.968 120.980 120.963 121.001 121.016 121.069 121.062 121.077 121.107 121.167 121.182 121.229 121.319 121.347 121.267 121.212 121.221 121.214 121.297 121.337 121.286 121.231 121.305 121.307 121.307 121.255 121.346 121.402 121.385 121.420 121.384 121.349 121.360 121.352 121.319 121.226 121.332 121.195 121.252 121.381 121.408 121.298 121.385 121.405 121.427 121.419 121.270 121.397 121.319 121.388
120.824 120.814 120.863 120.925 120.803 120.868 120.857 120.909 120.844 120.969 120.876 120.949 120.944 121.005 120.959 120.870 120.967 120.911 120.956 121.033 121.038 121.071 121.073 121.103 121.153 121.214 121.261 121.283 121.335 121.357 121.299 121.257 121.203 121.229 121.256 121.305 121.380 121.391 121.340 121.264 121.326 121.339 121.205 121.349 121.388 121.391 121.395 121.415 121.382 121.371 121.373 121.211 121.255 121.315 121.333 121.254 121.312 121.355 121.423 121.312 121.377 121.380 121.315 121.388 121.395 121.387
120.775 120.846 120.862 120.803 120.898 120.907 120.921 120.882 120.826 120.873 120.962 120.958 120.911 120.989 120.954 120.855 120.889 120.958 120.980 121.020 121.061 121.109 121.126 121.195 121.257 121.258 121.303 121.328 121.367 121.364 121.356 121.293 121.247 121.211 121.281 121.290 121.356 121.345 121.360 121.362 121.266 121.313 121.330 121.214 121.340 121.389 121.384 121.430 121.409 121.380 121.348 121.229 121.306 121.291 121.326 121.260 121.298 121.272 121.402 121.387 121.315 121.370 121.316 121.384 121.385 121.357
120.745 120.862 120.882 120.830 120.898 120.907 120.892 120.883 120.880 120.963 120.962 120.947 120.906 120.980 120.956 120.854 120.875 120.913 120.963 121.008 121.094 121.156 121.187 121.264 121.332 121.320 121.324 121.351 121.378 121.419 121.370 121.279 121.223 121.248 121.228 121.305 121.323 121.249 121.263 121.323 121.292 121.204 121.355 121.279 121.199 121.329 121.340 121.378 121.403 121.358 121.330 121.204 121.326 121.313 121.276 121.328 121.353 121.326 121.411 121.394 121.421 121.458 121.405 121.308 121.304 121.297
120.743 120.911 120.796 120.767 120.801 120.902 120.868 120.945 120.885 120.903 121.014 121.010 120.931 120.973 120.858 120.870 120.895 120.880 120.929 121.041 121.122 121.182 121.253 121.312 121.340 121.355 121.358 121.360 121.392 121.387 121.359 121.316 121.281 121.287 121.248 121.315 121.313 121.335 121.257 121.215 121.294 121.259 121.235 121.320 121.205 121.256 121.301 121.336 121.321 121.228 121.324 121.229 121.345 121.331 121.225 121.315 121.372 121.374 121.391 121.394 121.437 121.445 121.372 121.374 121.317 121.138
120.728 120.757 120.746 120.858 120.827 120.881 120.919 120.858 120.921 120.907 120.962 121.016 120.909 120.973 120.845 120.911 120.903 120.901 120.931 121.028 121.123 121.202 121.249 121.322 121.372 121.427 121.389 121.356 121.396 121.391 121.394 121.312 121.234 121.256 121.270 121.334 121.332 121.326 121.332 121.304 121.225 121.263 121.308 121.206 121.289 121.220 121.179 121.268 121.229 121.297 121.364 121.224 121.291 121.365 121.250 121.162 121.264 121.237 121.266 121.257 121.239 121.344 121.291 121.377 121.340 121.308
120.935 120.732 120.882 120.873 120.809 120.892 120.825 120.849 120.884 120.962 120.909 120.953 120.862 120.949 120.877 120.927 120.854 120.860 120.916 120.974 121.101 121.213 121.231 121.345 121.448 121.440 121.363 121.349 121.363 121.383 121.369 121.297 121.240 121.275 121.290 121.325 121.328 121.321 121.326 121.333 121.292 121.198 121.226 121.148 121.151 121.161 121.155 121.145 121.273 121.323 121.328 121.181 121.280 121.346 121.279 121.232 121.275 121.286 121.341 121.333 121.288 121.358 121.353 121.262 121.287 121.299
120.892 120.809 120.881 120.934 120.867 120.888 120.910 120.952 120.896 120.961 120.907 120.983 120.919 120.822 120.898 120.901 120.859 120.865 120.871 120.985 121.120 121.196 121.212 121.302 121.434 121.439 121.401 121.355 121.370 121.394 121.323 121.277 121.267 121.264 121.292 121.286 121.369 121.331 121.270 121.177 121.201 121.226 121.256 121.262 121.247 121.277 121.254 121.227 121.247 121.267 121.139 121.256 121.289 121.273 121.318 121.215 121.239 121.357 121.379 121.382 121.377 121.262 121.269 121.350 121.277 121.201
120.861 120.811 120.825 120.859 120.901 120.881 120.925 120.932 120.880 120.948 120.994 120.975 120.918 120.858 120.870 120.885 120.890 120.860 120.928 120.981 121.093 121.191 121.200 121.233 121.259 121.438 121.439 121.361 121.350 121.345 121.292 121.282 121.232 121.248 121.300 121.309 121.350 121.297 121.293 121.289 121.277 121.173 121.222 121.216 121.231 121.277 121.260 121.237 121.200 121.124 121.084 121.337 121.339 121.298 121.333 121.333 121.189 121.285 121.313 121.233 121.206 121.149 120.985 121.150 121.210 121.082
120.863 120.854 120.917 120.821 120.858 120.890 120.830 120.881 120.864 120.918 120.978 120.924 120.922 120.901 120.858 120.844 120.907 120.856 120.882 120.934 121.013 121.156 121.196 121.194 121.207 121.306 121.401 121.404 121.349 121.344 121.260 121.234 121.191 121.290 121.311 121.323 121.322 121.298 121.241 121.156 121.239 121.306 121.177 121.128 121.154 121.166 121.158 121.143 121.171 121.208 121.132 121.311 121.333 121.314 121.352 121.319 121.259 121.197 121.177 121.280 121.339 121.293 121.230 121.027 121.014 121.028
120.910 120.811 120.878 120.895 120.847 120.823 120.937 120.967 120.969 120.951 120.946 120.939 120.916 120.847 120.867 120.808 120.853 120.847 120.813 120.915 120.909 121.065 121.157 121.175 121.232 121.237 121.323 121.325 121.339 121.325 121.260 121.190 121.206 121.259 121.317 121.328 121.328 121.308 121.242 121.134 121.150 121.203 121.120 121.135 121.209 121.114 121.280 121.247 121.256 121.140 121.224 121.290 121.287 121.334 121.351 121.317 121.284 121.344 121.314 121.399 121.389 121.244 121.222 121.131 121.205 121.254
120.794 120.854 120.947 120.930 120.907 120.845 120.882 120.887 120.872 120.894 120.876 120.961 120.947 120.886 120.787 120.819 120.839 120.791 120.815 120.850 120.902 120.991 121.037 121.116 121.154 121.182 121.216 121.289 121.313 121.283 121.288 121.236 121.218 121.273 121.345 121.328 121.282 121.250 121.204 121.162 121.092 121.160 121.158 121.269 121.187 121.205 121.283 121.275 121.222 121.100 121.260 121.295 121.291 121.337 121.334 121.309 121.283 121.378 121.326 121.325 121.286 121.293 121.252 121.069 121.213 121.214
120.789 120.884 120.905 120.897 120.850 120.843 120.878 120.910 120.972 120.977 120.950 120.859 120.884 120.840 120.785 120.892 120.902 120.871 120.786 120.788 120.910 120.955 120.969 120.977 121.055 121.116 121.163 121.216 121.234 121.223 121.246 121.224 121.255 121.290 121.313 121.285 121.282 121.303 121.207 121.136 121.140 121.237 121.270 121.230 121.184 121.280 121.283 121.183 121.111 121.183 121.256 121.328 121.326 121.354 121.341 121.337 121.361 121.359 121.287 121.380 121.364 121.303 121.246 121.175 121.166 121.169
120.881 120.795 120.908 120.865 120.877 120.909 120.931 120.848 120.935 120.943 120.952 120.944 120.920 120.855 120.862 120.798 120.823 120.746 120.744 120.812 120.817 120.907 120.908 120.880 120.943 121.058 121.115 121.182 121.173 121.178 121.205 121.213 121.253 121.278 121.313 121.308 121.284 121.217 121.258 121.235 121.262 121.178 121.203 121.163 121.239 121.218 121.140 121.172 121.242 121.263 121.229 121.260 121.353 121.366 121.347 121.361 121.359 121.226 121.331 121.381 121.267 121.256 121.240 120.950 121.236 121.216
120.924 120.841 120.913 120.941 120.911 120.900 120.908 120.984 120.911 120.876 120.978 120.925 120.915 120.850 120.876 120.851 120.763 120.824 120.759 120.719 120.737 120.814 120.901 120.906 120.941 120.994 121.085 121.143 121.140 121.136 121.156 121.189 121.248 121.299 121.266 121.272 121.264 121.173 121.209 121.225 121.112 121.177 121.105 121.222 121.261 121.132 121.210 121.235 121.226 121.279 121.195 121.270 121.351 121.351 121.340 121.347 121.229 121.332 121.382 121.318 121.246 121.272 121.144 121.038 121.220 121.178
120.900 120.884 120.836 120.882 120.943 120.895 120.895 120.959 121.004 120.939 120.865 120.877 120.840 120.795 120.839 120.792 120.804 120.866 120.742 120.784 120.771 120.778 120.745 120.790 120.874 120.955 121.026 121.066 121.085 121.091 121.125 121.197 121.274 121.302 121.270 121.242 121.272 121.207 121.142 121.159 121.183 121.180 121.140 121.234 121.215 121.122 121.139 121.194 121.225 121.254 121.239 121.198 121.310 121.329 121.339 121.352 121.339 121.350 121.364 121.349 121.347 121.302 121.126 121.167 121.222 121.157
120.876 120.948 120.934 120.839 120.902 120.975 120.975 120.977 121.009 120.970 120.871 120.882 120.873 120.868 120.854 120.845 120.827 120.810 120.716 120.782 120.859 120.896 120.829 120.876 120.936 120.994 121.083 121.045 121.017 121.062 121.154 121.225 121.258 121.252 121.205 121.245 121.325 121.241 121.191 121.221 121.244 121.204 121.196 121.195 121.156 121.249 121.190 121.133 121.261 121.241 121.280 121.170 121.262 121.281 121.325 121.355 121.383 121.335 121.350 121.331 121.313 121.236 121.022 121.220 121.178 121.084
120.847 120.904 120.939 120.871 120.942 120.970 121.013 120.996 121.005 120.951 120.859 120.924 120.894 120.876 120.815 120.770 120.823 120.812 120.783 120.805 120.791 120.816 120.863 120.907 120.966 121.014 121.098 121.102 121.062 121.107 121.177 121.168 121.225 121.234 121.186 121.267 121.267 121.229 121.265 121.257 121.194 121.190 121.174 121.110 121.156 121.263 121.181 121.109 121.254 121.255 121.284 121.237 121.228 121.299 121.329 121.352 121.388 121.380 121.347 121.246 121.147 121.013 121.186 121.218 121.206 121.079
120.892 120.898 120.892 120.902 120.937 120.947 121.010 121.003 120.986 120.961 120.891 120.892 120.897 120.827 120.794 120.803 120.804 120.835 120.821 120.788 120.852 120.854 120.869 120.909 120.976 121.019 121.098 121.109 121.102 121.126 121.153 121.153 121.209 121.233 121.187 121.188 121.215 121.233 121.146 121.161 121.166 121.175 121.106 121.140 121.233 121.150 121.213 121.201 121.270 121.297 121.289 121.267 121.300 121.324 121.333 121.337 121.358 121.354 121.317 121.273 121.015 121.179 121.219 121.249 121.205 121.050
120.896 120.857 120.908 120.920 120.912 120.969 120.982 120.972 120.962 120.926 120.855 120.899 120.848 120.883 120.837 120.838 120.833 120.829 120.849 120.850 120.873 120.816 120.918 120.920 120.974 121.030 121.093 121.125 121.136 121.150 121.119 121.097 121.127 121.188 121.159 121.113 121.027 121.065 121.176 121.254 121.247 121.099 121.161 121.185 121.183 121.212 121.246 121.244 121.273 121.230 121.262 121.224 121.242 121.287 121.315 121.364 121.362 121.319 121.242 121.046 121.016 121.263 121.236 121.195 121.130 121.113
120.886 120.886 120.903 120.943 120.915 120.921 120.976 120.970 120.911 120.926 120.883 120.912 120.860 120.841 120.851 120.859 120.811 120.856 120.834 120.862 120.814 120.820 120.906 120.926 121.013 121.019 121.035 121.124 121.170 121.113 121.091 121.122 121.085 121.038 120.998 120.974 121.021 121.179 121.246 121.257 121.193 121.147 121.216 121.172 121.207 121.255 121.275 121.277 121.210 121.194 121.147 121.174 121.261 121.218 121.254 121.346 121.304 121.248 121.114 121.264 121.054 121.209 121.233 121.199 121.215 121.169
120.835 120.777 120.776 120.805 120.858 120.847 120.941 120.925 120.929 120.906 120.868 120.878 120.890 120.829 120.826 120.811 120.858 120.846 120.855 120.872 120.883 120.868 120.873 120.945 120.983 120.990 121.028 121.121 121.134 121.145 121.081 121.061 120.987 120.715 120.925 121.041 121.132 121.192 121.246 121.276 121.268 121.233 121.216 121.231 121.172 121.228 121.272 121.245 121.264 121.273 121.212 121.147 121.136 121.235 121.137 121.208 121.270 121.294 121.233 121.280 121.138 121.055 121.230 121.228 121.223 121.198
