LISFLOOD-FP model/DEM_edit_04.asc
ncols 433
nrows  491
xllcorner  1194560
yllcorner  -5.844710e+05
cellsize  25
nodata_value  -9.999000e+03
[rows 90 to 119 of 491, columns 198 to 263 of 433]
133.061 133.087 133.162 133.305 133.541 133.839 134.148 134.516 134.951 135.373 135.599 135.731 135.777 135.839 135.878 135.823 135.748 135.562 135.115 134.211 133.265 132.666 132.216 131.769 131.410 131.142 130.984 130.906 130.861 130.745 130.532 130.317 130.132 129.871 129.555 129.187 128.772 128.379 127.998 127.468 126.941 126.454 126.020 125.724 125.448 125.209 124.979 124.718 124.423 124.149 123.933 123.705 123.426 123.135 122.936 122.719 122.591 122.544 122.427 122.234 122.110 121.963 121.850 121.732 121.654 121.609
132.911 132.937 133.018 133.181 133.370 133.719 134.013 134.371 134.788 135.168 135.404 135.551 135.628 135.698 135.742 135.674 135.558 135.399 135.077 134.304 133.296 132.631 132.097 131.692 131.394 131.169 131.003 130.897 130.810 130.735 130.663 130.579 130.445 130.161 129.818 129.426 129.035 128.706 128.294 127.766 127.221 126.683 126.377 126.064 125.788 125.494 125.210 124.925 124.642 124.388 124.160 123.922 123.687 123.402 123.126 122.830 122.611 122.439 122.310 122.178 122.052 121.916 121.791 121.684 121.625 121.562
132.821 132.833 132.926 133.081 133.273 133.545 133.845 134.215 134.631 134.925 135.187 135.362 135.438 135.468 135.507 135.498 135.478 135.363 135.016 134.285 133.334 132.648 132.079 131.690 131.409 131.204 131.034 130.933 130.843 130.779 130.766 130.740 130.626 130.372 130.018 129.644 129.291 128.956 128.514 128.007 127.546 127.139 126.793 126.445 126.113 125.781 125.494 125.187 124.889 124.623 124.366 124.111 123.899 123.593 123.275 123.019 122.775 122.533 122.256 122.106 122.021 121.882 121.755 121.655 121.578 121.530
132.784 132.777 132.846 132.996 133.187 133.415 133.725 134.072 134.441 134.692 134.959 135.137 135.126 135.140 135.193 135.256 135.341 135.272 134.916 134.188 133.330 132.668 132.071 131.674 131.392 131.201 131.085 130.990 130.933 130.880 130.831 130.814 130.786 130.579 130.252 129.877 129.528 129.101 128.641 128.187 127.778 127.391 127.046 126.729 126.393 126.087 125.792 125.479 125.165 124.889 124.617 124.278 123.965 123.714 123.491 123.181 122.876 122.575 122.241 122.008 121.930 121.806 121.712 121.636 121.528 121.447
132.717 132.722 132.802 132.922 133.087 133.310 133.586 133.930 134.262 134.518 134.750 134.891 134.848 134.829 134.877 134.998 135.172 135.179 134.871 134.219 133.311 132.634 132.096 131.683 131.414 131.239 131.113 131.031 130.996 130.976 130.915 130.933 130.894 130.671 130.354 129.966 129.611 129.197 128.757 128.344 127.990 127.649 127.315 127.007 126.694 126.395 126.084 125.749 125.435 125.137 124.865 124.584 124.272 123.994 123.670 123.327 122.983 122.627 122.261 121.969 121.864 121.779 121.694 121.626 121.526 121.417
132.595 132.629 132.699 132.814 132.994 133.177 133.447 133.771 134.128 134.372 134.602 134.682 134.662 134.662 134.701 134.828 135.023 135.080 134.877 134.384 133.484 132.628 132.061 131.663 131.414 131.254 131.151 131.088 131.055 131.043 131.026 131.044 130.923 130.661 130.309 129.930 129.570 129.212 128.818 128.497 128.192 127.916 127.632 127.326 127.023 126.734 126.410 126.069 125.723 125.429 125.098 124.828 124.551 124.227 123.876 123.497 123.095 122.678 122.291 122.002 121.814 121.727 121.693 121.617 121.473 121.361
132.497 132.544 132.590 132.686 132.851 133.035 133.281 133.612 133.982 134.241 134.457 134.573 134.548 134.557 134.577 134.661 134.813 134.923 134.853 134.477 133.733 132.757 132.149 131.717 131.419 131.229 131.134 131.109 131.121 131.108 131.147 131.122 130.910 130.592 130.242 129.905 129.575 129.245 128.918 128.666 128.439 128.213 127.957 127.699 127.386 127.114 126.789 126.407 126.024 125.717 125.377 125.032 124.694 124.341 123.971 123.553 123.136 122.754 122.354 122.004 121.797 121.687 121.642 121.563 121.430 121.295
132.381 132.424 132.476 132.575 132.723 132.888 133.115 133.384 133.775 134.157 134.345 134.563 134.506 134.475 134.484 134.538 134.616 134.708 134.753 134.500 133.912 133.126 132.299 131.780 131.433 131.226 131.136 131.119 131.122 131.215 131.261 131.141 130.898 130.599 130.297 129.994 129.657 129.375 129.108 128.895 128.769 128.610 128.336 128.040 127.716 127.427 127.088 126.674 126.304 125.971 125.638 125.275 124.860 124.408 123.976 123.580 123.158 122.705 122.332 122.062 121.846 121.719 121.640 121.568 121.452 121.355
132.280 132.317 132.347 132.442 132.602 132.776 132.976 133.246 133.610 134.032 134.259 134.544 134.526 134.430 134.388 134.411 134.481 134.553 134.613 134.514 134.106 133.512 132.552 131.921 131.542 131.292 131.174 131.142 131.165 131.239 131.282 131.161 130.930 130.695 130.422 130.126 129.832 129.605 129.389 129.187 129.084 128.876 128.613 128.303 128.038 127.667 127.293 126.932 126.588 126.246 125.885 125.520 125.067 124.571 124.150 123.681 123.209 122.770 122.502 122.219 121.940 121.766 121.667 121.564 121.489 121.374
132.168 132.172 132.230 132.311 132.470 132.648 132.846 133.121 133.472 133.934 134.230 134.516 134.499 134.384 134.327 134.313 134.327 134.355 134.413 134.420 134.240 133.767 132.951 132.147 131.712 131.426 131.274 131.210 131.242 131.268 131.295 131.181 130.985 130.792 130.589 130.353 130.147 129.955 129.731 129.488 129.295 129.093 128.880 128.639 128.346 127.929 127.500 127.112 126.784 126.470 126.104 125.730 125.291 124.775 124.272 123.739 123.307 122.926 122.551 122.254 122.012 121.805 121.655 121.531 121.470 121.350
132.040 132.049 132.122 132.207 132.328 132.507 132.719 132.985 133.285 133.730 134.203 134.468 134.467 134.312 134.233 134.180 134.184 134.212 134.223 134.243 134.231 133.970 133.373 132.584 131.928 131.569 131.370 131.281 131.275 131.250 131.236 131.194 131.099 130.957 130.796 130.594 130.375 130.211 130.000 129.800 129.594 129.396 129.223 128.991 128.688 128.249 127.722 127.316 126.979 126.621 126.288 125.920 125.478 124.932 124.405 123.951 123.533 123.162 122.765 122.412 122.145 121.944 121.733 121.578 121.478 121.405
131.901 131.940 132.033 132.135 132.254 132.404 132.590 132.834 133.142 133.530 133.990 134.283 134.335 134.179 134.094 134.066 134.067 134.123 134.151 134.150 134.147 134.061 133.714 133.120 132.284 131.729 131.457 131.310 131.244 131.211 131.210 131.248 131.224 131.107 130.895 130.682 130.513 130.333 130.142 130.006 129.830 129.611 129.456 129.206 128.896 128.491 127.982 127.571 127.216 126.835 126.496 126.114 125.637 125.150 124.691 124.240 123.941 123.675 123.228 122.780 122.483 122.194 121.853 121.624 121.483 121.374
131.811 131.861 131.964 132.068 132.196 132.338 132.510 132.718 132.982 133.337 133.728 134.046 134.174 134.110 134.029 134.023 134.036 134.117 134.156 134.166 134.144 134.078 133.921 133.526 132.694 131.915 131.562 131.341 131.226 131.189 131.225 131.288 131.275 131.182 130.940 130.737 130.613 130.444 130.269 130.128 129.986 129.776 129.548 129.279 128.998 128.607 128.177 127.798 127.423 127.059 126.695 126.284 125.845 125.433 124.979 124.631 124.318 123.981 123.568 123.209 122.870 122.487 122.020 121.685 121.535 121.397
131.759 131.813 131.915 132.036 132.159 132.272 132.387 132.590 132.816 133.124 133.517 133.849 134.006 134.006 133.975 133.987 134.050 134.171 134.213 134.202 134.187 134.148 134.032 133.685 132.985 132.081 131.648 131.389 131.226 131.180 131.165 131.232 131.193 131.080 130.936 130.778 130.675 130.550 130.399 130.271 130.149 129.996 129.762 129.485 129.229 128.871 128.452 128.070 127.677 127.271 126.809 126.491 126.122 125.681 125.261 124.871 124.507 124.147 123.826 123.612 123.309 122.791 122.275 121.819 121.563 121.439
131.671 131.764 131.895 131.988 132.086 132.122 132.233 132.424 132.648 132.924 133.287 133.623 133.820 133.834 133.860 133.929 134.068 134.193 134.208 134.247 134.271 134.238 134.064 133.682 132.995 132.206 131.733 131.441 131.247 131.165 131.139 131.126 131.112 131.030 130.937 130.841 130.729 130.642 130.528 130.426 130.350 130.250 130.068 129.819 129.528 129.181 128.822 128.451 128.057 127.633 127.143 126.876 126.493 126.077 125.628 125.149 124.745 124.367 124.058 123.850 123.542 122.980 122.472 121.945 121.609 121.457
131.629 131.720 131.813 131.850 131.878 131.946 132.083 132.260 132.470 132.706 133.042 133.389 133.639 133.706 133.784 133.855 133.996 134.086 134.144 134.171 134.200 134.202 134.026 133.605 132.973 132.275 131.812 131.489 131.289 131.181 131.123 131.095 131.103 131.042 130.988 130.905 130.809 130.740 130.643 130.558 130.457 130.301 130.114 129.897 129.614 129.248 128.959 128.622 128.349 128.009 127.711 127.444 127.043 126.555 126.006 125.469 125.025 124.604 124.242 123.916 123.632 123.175 122.629 122.075 121.709 121.484
131.619 131.714 131.759 131.731 131.745 131.805 131.943 132.114 132.316 132.551 132.789 133.111 133.386 133.515 133.615 133.746 133.852 133.911 133.950 133.947 133.937 133.965 133.895 133.532 133.015 132.394 131.899 131.575 131.382 131.261 131.161 131.122 131.100 131.065 131.049 130.982 130.895 130.844 130.760 130.648 130.492 130.271 130.057 129.829 129.563 129.269 129.028 128.761 128.588 128.441 128.343 128.041 127.499 126.893 126.279 125.732 125.262 124.802 124.388 124.003 123.662 123.224 122.646 122.173 121.949 121.592
131.608 131.655 131.620 131.598 131.625 131.693 131.826 131.999 132.194 132.410 132.610 132.893 133.174 133.340 133.445 133.574 133.655 133.668 133.705 133.718 133.717 133.773 133.735 133.531 133.160 132.591 132.048 131.730 131.527 131.390 131.259 131.177 131.125 131.093 131.099 131.068 131.009 130.939 130.855 130.706 130.543 130.344 130.126 129.912 129.691 129.450 129.235 129.054 128.961 128.981 128.856 128.421 127.777 127.114 126.505 125.942 125.443 124.982 124.539 124.117 123.669 123.170 122.620 122.352 122.150 121.822
131.520 131.481 131.462 131.478 131.525 131.599 131.724 131.887 132.062 132.300 132.496 132.749 133.011 133.063 133.201 133.328 133.431 133.422 133.472 133.476 133.505 133.591 133.586 133.463 133.249 132.827 132.306 131.914 131.700 131.545 131.414 131.319 131.246 131.208 131.174 131.165 131.123 131.049 130.956 130.843 130.684 130.510 130.319 130.119 129.927 129.715 129.562 129.496 129.577 129.598 129.279 128.642 127.977 127.361 126.725 126.139 125.622 125.159 124.687 124.198 123.602 123.094 122.732 122.481 122.245 121.904
131.404 131.345 131.353 131.398 131.453 131.550 131.654 131.811 131.967 132.136 132.357 132.592 132.730 132.807 132.930 133.118 133.223 133.215 133.256 133.287 133.332 133.416 133.423 133.359 133.215 132.999 132.564 132.146 131.902 131.767 131.645 131.524 131.459 131.418 131.400 131.387 131.340 131.261 131.167 131.084 130.969 130.855 130.697 130.566 130.442 130.301 130.214 130.229 130.264 130.131 129.589 128.862 128.198 127.579 126.921 126.344 125.842 125.360 124.844 124.281 123.599 123.186 122.885 122.629 122.298 122.004
131.346 131.280 131.277 131.321 131.394 131.530 131.620 131.733 131.892 132.030 132.153 132.296 132.430 132.579 132.726 132.918 133.045 133.066 133.126 133.173 133.224 133.300 133.291 133.266 133.184 133.049 132.803 132.456 132.194 132.052 131.931 131.842 131.746 131.704 131.710 131.703 131.659 131.591 131.573 131.516 131.450 131.352 131.279 131.212 131.104 131.028 130.984 130.921 130.760 130.439 129.880 129.194 128.494 127.794 127.135 126.573 126.046 125.563 125.029 124.437 123.815 123.453 123.095 122.763 122.390 122.178
131.193 131.200 131.216 131.260 131.355 131.478 131.564 131.664 131.750 131.844 131.955 132.123 132.268 132.399 132.607 132.780 132.904 132.983 133.065 133.140 133.205 133.276 133.295 133.294 133.278 133.235 133.172 133.050 132.713 132.533 132.473 132.476 132.414 132.370 132.300 132.250 132.248 132.187 132.103 132.048 131.968 131.892 131.854 131.807 131.713 131.581 131.465 131.326 131.019 130.575 130.061 129.439 128.750 127.997 127.319 126.726 126.160 125.680 125.197 124.593 123.951 123.597 123.274 122.784 122.411 122.184
131.118 131.162 131.178 131.220 131.314 131.415 131.475 131.526 131.615 131.734 131.872 132.013 132.151 132.340 132.567 132.770 132.888 132.958 133.028 133.119 133.240 133.360 133.423 133.496 133.508 133.612 133.735 133.679 133.477 133.383 133.349 133.290 133.192 133.045 132.895 132.845 132.809 132.774 132.675 132.635 132.589 132.495 132.293 132.119 131.975 131.788 131.660 131.525 131.182 130.704 130.199 129.520 128.813 128.099 127.395 126.787 126.223 125.711 125.245 124.644 124.186 123.861 123.497 122.980 122.533 122.245
131.097 131.110 131.131 131.166 131.251 131.321 131.336 131.383 131.507 131.635 131.795 131.950 132.109 132.306 132.531 132.776 132.940 132.988 133.070 133.215 133.369 133.541 133.661 133.809 133.873 134.008 134.095 134.062 133.969 133.922 133.921 133.860 133.684 133.486 133.357 133.323 133.319 133.315 133.262 133.167 133.038 132.750 132.426 132.202 132.001 131.787 131.653 131.486 131.172 130.758 130.242 129.513 128.806 128.094 127.394 126.835 126.274 125.842 125.533 125.120 124.584 124.238 123.826 123.398 122.961 122.475
131.095 131.097 131.098 131.129 131.165 131.200 131.234 131.320 131.462 131.581 131.732 131.881 132.079 132.297 132.539 132.797 133.025 133.095 133.242 133.441 133.590 133.840 133.972 134.123 134.268 134.318 134.313 134.314 134.314 134.290 134.303 134.261 134.017 133.750 133.647 133.632 133.631 133.672 133.590 133.395 133.166 132.819 132.462 132.151 131.898 131.647 131.443 131.236 130.963 130.623 130.097 129.387 128.690 128.007 127.437 126.955 126.526 126.156 125.857 125.455 124.931 124.560 124.189 123.735 123.265 122.753
131.145 131.133 131.113 131.114 131.106 131.125 131.151 131.263 131.397 131.511 131.679 131.869 132.074 132.324 132.586 132.875 133.132 133.233 133.461 133.665 133.821 134.015 134.130 134.277 134.460 134.537 134.431 134.415 134.485 134.505 134.502 134.413 134.140 133.844 133.715 133.675 133.678 133.695 133.642 133.479 133.186 132.830 132.471 132.121 131.807 131.504 131.219 130.957 130.680 130.304 129.782 129.113 128.467 128.014 127.582 127.165 126.826 126.547 126.215 125.636 125.223 124.936 124.550 124.086 123.577 123.055
131.319 131.280 131.158 131.126 131.127 131.110 131.140 131.222 131.360 131.490 131.678 131.882 132.107 132.390 132.662 132.995 133.291 133.473 133.680 133.800 133.958 134.117 134.252 134.394 134.564 134.587 134.416 134.366 134.475 134.601 134.575 134.452 134.224 133.924 133.764 133.739 133.746 133.727 133.630 133.463 133.197 132.889 132.533 132.165 131.797 131.476 131.180 130.876 130.586 130.199 129.746 129.230 128.721 128.380 127.953 127.596 127.306 126.983 126.497 125.946 125.620 125.356 125.028 124.491 123.912 123.351
131.557 131.577 131.457 131.321 131.271 131.231 131.201 131.236 131.350 131.526 131.796 132.032 132.250 132.539 132.844 133.147 133.355 133.613 133.829 133.950 134.025 134.167 134.332 134.464 134.561 134.524 134.363 134.310 134.424 134.564 134.576 134.482 134.298 134.018 133.857 133.817 133.831 133.758 133.628 133.453 133.254 133.013 132.666 132.322 131.944 131.597 131.327 131.128 130.900 130.558 130.158 129.728 129.363 129.057 128.652 128.265 127.892 127.371 126.739 126.402 126.070 125.840 125.502 124.854 124.232 123.605
131.880 131.905 131.898 131.730 131.650 131.600 131.553 131.513 131.531 131.694 131.995 132.192 132.393 132.696 132.946 133.157 133.377 133.642 133.863 133.945 134.037 134.152 134.269 134.374 134.407 134.334 134.223 134.210 134.329 134.491 134.495 134.409 134.260 134.018 133.883 133.814 133.785 133.647 133.538 133.436 133.277 133.039 132.730 132.400 132.072 131.771 131.521 131.333 131.115 130.763 130.441 130.156 129.888 129.647 129.365 129.028 128.547 127.726 127.180 126.783 126.444 126.200 125.859 125.184 124.466 123.760
132.164 132.138 132.135 132.064 131.991 131.932 131.898 131.839 131.824 131.874 132.035 132.181 132.384 132.655 132.933 133.117 133.315 133.565 133.717 133.815 133.933 134.060 134.162 134.212 134.200 134.094 134.004 134.040 134.177 134.302 134.286 134.175 134.040 133.868 133.772 133.680 133.571 133.414 133.355 133.253 133.062 132.776 132.462 132.203 131.956 131.714 131.493 131.291 131.019 130.640 130.378 130.169 129.996 129.881 129.743 129.444 128.751 128.089 127.542 127.093 126.708 126.378 125.967 125.312 124.602 123.892
