LISFLOOD-FP model/DEM_edit_04.asc
ncols 433
nrows  491
xllcorner  1194560
yllcorner  -5.844710e+05
cellsize  25
nodata_value  -9.999000e+03
[rows 150 to 179 of 491, columns 264 to 329 of 433]
120.345 121.048 121.118 120.919 121.060 121.033 120.780 121.063 121.075 120.608 120.150 120.584 121.108 120.982 120.644 120.672 120.356 120.712 120.788 120.857 120.459 120.314 120.638 120.709 120.761 120.405 120.386 120.119 120.549 120.887 120.635 120.074 120.592 120.692 120.765 120.816 120.788 120.782 120.798 120.699 120.479 120.347 120.543 120.804 120.617 120.828 121.116 121.053 121.255 121.632 121.937 122.207 122.474 123.190 124.155 124.886 125.587 126.233 126.841 127.383 127.856 128.316 128.731 129.078 129.356 129.542
120.121 120.542 121.119 121.082 120.695 120.755 120.645 120.831 120.954 120.708 120.228 120.636 120.971 120.718 120.891 120.727 120.569 121.177 120.837 120.998 120.452 120.375 120.661 120.469 120.233 120.694 120.832 120.175 120.645 120.721 120.672 120.626 120.256 120.725 120.518 120.377 120.618 120.936 120.667 120.463 120.748 120.885 120.475 120.651 120.583 120.540 120.903 120.902 121.227 121.520 121.914 122.269 122.602 123.140 124.016 124.828 125.512 126.123 126.671 127.157 127.616 128.097 128.578 128.921 129.153 129.271
120.464 120.229 120.368 120.584 120.776 121.136 120.524 120.848 121.048 120.846 120.242 120.463 121.067 120.920 120.829 120.428 120.742 121.161 120.681 120.882 120.850 120.475 121.016 120.799 120.365 120.891 120.752 120.077 120.644 120.757 120.396 120.267 120.080 120.230 120.201 120.229 120.502 120.552 120.604 120.906 120.874 120.906 120.616 120.546 120.534 120.566 120.958 121.027 121.045 121.422 121.915 122.168 122.509 123.029 123.778 124.692 125.330 125.883 126.404 126.878 127.314 127.782 128.261 128.580 128.788 128.859
121.034 120.821 120.165 120.486 121.082 120.991 120.509 120.824 121.029 120.913 120.404 120.353 121.031 120.994 120.718 120.322 120.760 120.714 120.410 120.825 120.873 120.442 120.847 120.491 120.543 120.491 120.336 119.986 120.728 120.757 120.689 120.077 120.273 120.360 120.842 120.631 120.348 120.813 120.974 120.974 120.507 120.576 120.388 120.678 120.561 120.494 120.712 121.001 120.976 121.282 121.801 122.113 122.468 122.985 123.647 124.581 125.200 125.637 126.062 126.468 126.925 127.365 127.754 128.100 128.249 128.251
120.868 120.784 120.136 120.672 121.106 120.715 120.810 120.484 121.096 120.987 120.739 120.420 120.905 120.522 120.468 120.986 120.784 120.940 120.927 120.628 120.663 120.435 120.781 120.466 120.970 120.904 120.555 120.072 120.090 120.680 120.490 120.145 120.659 120.828 120.853 121.005 120.885 120.427 120.673 120.514 120.796 120.482 120.529 120.421 120.881 120.685 120.538 120.726 120.878 121.067 121.521 121.966 122.219 122.777 123.506 124.330 124.948 125.320 125.643 126.016 126.430 126.829 127.200 127.509 127.633 127.543
120.905 121.124 120.499 120.288 120.957 121.018 121.076 120.873 120.821 120.797 120.495 120.484 120.689 120.480 120.976 121.082 120.887 120.768 120.888 120.624 120.320 120.122 120.291 120.712 120.632 120.749 120.799 120.702 120.532 120.105 120.261 120.099 120.588 120.648 120.877 120.910 120.858 120.679 120.643 121.126 120.988 120.800 120.766 120.433 120.910 120.903 120.786 120.507 120.758 120.928 121.252 121.695 121.961 122.482 123.167 123.874 124.442 124.767 125.001 125.446 125.884 126.283 126.625 126.839 126.828 126.670
121.095 120.853 121.002 120.634 120.638 120.972 120.989 120.922 120.901 120.537 120.442 120.468 120.814 120.299 120.857 121.016 120.612 120.679 120.676 120.283 120.127 120.561 120.944 120.854 120.626 120.672 120.825 120.756 120.696 120.102 120.009 120.467 120.425 120.444 120.643 120.923 120.796 120.963 120.581 120.856 121.006 120.829 120.915 120.394 120.600 120.536 120.356 120.758 120.676 120.755 121.027 121.317 121.818 122.320 122.662 123.157 123.609 123.917 124.124 124.699 125.321 125.677 125.966 126.094 126.001 125.791
121.014 120.910 120.777 120.721 120.385 120.537 120.552 120.557 120.664 120.955 121.086 120.364 120.288 120.584 121.118 120.665 120.994 120.956 120.966 120.516 120.414 120.525 120.825 120.788 120.575 120.434 120.589 120.499 120.755 120.309 120.140 120.739 120.766 120.670 120.503 120.450 120.757 120.944 120.880 120.582 121.065 120.908 120.840 120.646 120.528 120.755 120.339 120.759 120.613 120.742 120.968 120.978 121.273 121.818 122.222 122.641 122.946 123.101 123.383 124.168 124.748 125.083 125.311 125.411 125.332 125.088
120.859 121.045 120.976 121.018 120.809 120.186 120.467 121.145 120.913 121.058 120.804 120.458 120.234 120.752 121.086 120.621 120.756 120.842 120.841 120.549 120.617 120.849 120.548 120.757 120.550 120.529 120.794 120.752 120.596 120.124 120.286 120.925 120.824 120.739 120.904 120.501 120.812 120.980 121.054 120.652 120.928 120.926 120.681 121.002 120.850 120.783 120.402 120.488 120.725 120.693 120.765 120.827 120.921 121.173 121.565 122.006 122.295 122.439 122.926 123.504 124.125 124.457 124.664 124.811 124.759 124.507
121.028 120.606 120.906 120.963 120.895 120.213 120.882 121.162 120.978 120.691 120.764 120.927 120.251 120.714 121.177 121.035 120.546 120.957 121.061 120.591 120.582 120.796 120.741 120.577 120.810 120.406 120.749 120.747 120.719 120.407 120.160 120.784 120.850 120.592 120.801 120.513 120.903 121.025 121.015 120.698 120.750 120.537 120.600 120.376 120.568 120.802 120.753 120.327 120.908 120.809 120.729 120.801 120.767 120.940 121.100 121.288 121.724 122.042 122.324 122.931 123.419 123.888 124.122 124.224 124.148 123.896
121.068 120.979 120.724 120.893 120.417 120.507 121.054 121.092 120.877 120.625 121.064 120.909 120.268 120.960 121.097 121.176 120.698 120.878 121.007 120.545 120.841 120.716 120.847 120.460 120.362 120.025 120.507 120.479 120.699 120.187 120.447 120.801 120.735 120.783 120.769 120.690 120.419 120.500 120.899 121.089 121.058 121.029 120.896 120.770 120.400 120.742 120.980 120.399 120.699 120.942 120.998 120.678 120.759 120.885 120.985 120.995 121.370 121.683 121.946 122.396 122.860 123.425 123.638 123.692 123.504 123.271
120.885 120.813 120.776 120.697 120.445 120.460 120.899 121.037 120.907 120.586 120.973 120.782 120.246 120.448 120.954 121.090 120.793 120.686 120.759 120.554 120.774 120.623 120.573 120.616 120.264 120.197 120.428 120.442 120.038 120.510 120.865 120.735 120.728 120.740 120.944 120.993 120.419 120.605 120.447 120.984 121.135 120.701 120.787 120.810 120.660 120.588 120.978 120.375 120.540 120.920 120.855 120.610 120.729 121.028 120.937 120.876 121.117 121.418 121.759 122.211 122.749 123.016 123.083 123.205 122.953 122.690
121.050 120.598 120.817 120.954 120.796 120.311 120.696 121.006 120.710 120.641 121.021 121.092 120.634 120.319 120.978 121.114 120.889 120.391 120.561 120.760 120.948 120.800 120.665 120.330 120.264 120.610 120.875 120.834 120.114 120.213 120.576 120.895 120.922 120.759 120.901 120.430 120.506 120.996 120.630 120.510 120.521 120.474 120.918 120.881 120.787 120.355 120.382 120.692 120.743 120.683 120.657 120.620 120.809 120.760 121.119 120.732 120.834 121.128 121.292 121.821 122.394 122.502 122.824 122.883 122.730 122.468
120.974 120.753 120.993 121.073 120.752 120.813 120.363 120.950 120.667 120.919 120.964 121.130 121.007 120.303 120.482 120.510 120.206 120.248 120.856 120.701 120.970 120.963 120.850 120.476 120.388 120.983 120.996 120.732 120.160 120.420 120.174 120.499 120.550 120.395 120.684 120.771 120.541 121.005 120.876 120.973 120.759 120.418 120.880 120.682 120.787 120.489 120.299 120.636 120.789 120.594 120.457 120.487 120.527 120.742 120.873 120.976 120.912 120.813 121.005 121.201 121.637 122.077 122.432 122.456 122.453 122.298
120.605 120.531 120.436 120.678 120.767 120.416 120.208 120.543 120.831 121.095 121.093 121.153 120.893 120.359 120.185 120.221 120.183 120.638 120.640 120.623 120.882 120.817 120.760 120.398 120.632 120.850 120.732 120.234 120.596 120.940 120.610 120.274 120.253 120.443 120.496 120.291 120.515 120.858 120.999 120.901 120.888 120.524 120.767 120.859 120.865 120.983 120.322 120.515 120.608 120.407 120.374 120.577 120.725 120.764 120.769 120.844 120.953 120.887 120.900 120.877 121.064 121.364 121.716 122.024 122.096 121.941
120.804 120.878 120.653 120.355 120.450 120.273 120.395 121.077 121.073 121.076 120.817 120.930 121.069 120.751 120.377 120.161 120.453 120.596 120.652 120.783 120.699 120.911 120.793 120.325 120.518 120.494 120.246 120.402 120.897 120.757 120.820 120.730 121.007 120.937 120.881 120.852 120.953 120.670 120.798 120.644 120.592 120.453 120.377 120.533 120.461 120.717 120.571 120.312 120.373 120.535 120.580 120.510 120.773 120.820 120.684 120.834 120.719 120.735 120.918 120.695 120.700 120.933 121.050 121.304 121.516 121.527
120.826 120.603 120.915 120.757 120.244 120.163 120.623 121.080 120.859 120.607 120.600 120.964 121.175 121.183 120.955 120.513 120.182 120.276 121.001 121.088 120.931 120.466 120.532 120.114 120.120 120.405 120.648 120.726 120.851 120.721 120.786 120.717 120.883 120.924 120.935 120.954 120.980 120.908 120.627 120.867 120.854 120.805 120.644 120.687 120.605 120.335 120.474 120.301 120.387 120.574 120.779 120.617 120.611 120.785 120.568 120.611 120.604 120.583 120.622 120.575 120.502 120.611 120.663 120.711 120.766 120.730
120.956 120.631 120.858 120.957 120.611 120.249 120.237 120.841 120.814 120.987 121.030 120.615 120.984 120.994 120.970 120.918 120.311 120.340 120.881 120.801 120.909 120.379 120.025 120.089 120.570 120.823 120.720 120.737 120.757 120.573 120.898 120.952 121.043 120.915 120.885 120.981 120.888 120.798 120.814 120.836 120.759 120.629 120.750 120.954 121.068 120.726 120.316 120.287 120.240 120.493 120.558 120.539 120.496 120.522 120.507 120.555 120.599 120.496 120.477 120.502 120.491 120.472 120.513 120.480 120.453 120.422
120.814 120.763 120.793 120.948 120.969 120.582 120.193 120.554 120.952 121.132 121.163 121.077 120.892 121.014 120.904 120.953 120.404 120.275 120.869 120.738 120.828 120.419 120.207 120.877 120.811 120.478 120.706 120.851 120.452 120.887 120.940 120.533 120.740 120.598 120.938 121.038 120.958 121.006 121.154 121.058 120.763 120.925 120.984 120.792 120.692 120.721 120.349 120.386 120.437 120.272 120.459 120.466 120.400 120.308 120.300 120.516 120.586 120.444 120.495 120.398 120.495 120.456 120.454 120.419 120.404 120.394
120.433 120.773 120.858 120.681 120.736 120.388 120.138 120.496 120.867 120.936 121.096 121.010 120.671 120.602 120.828 120.929 120.342 120.155 120.854 120.867 120.537 120.098 120.527 120.874 120.801 120.524 120.925 120.836 120.536 120.599 120.323 120.528 120.612 120.597 120.324 120.436 120.722 120.950 121.031 121.090 120.697 121.149 120.995 120.871 120.688 120.346 120.459 120.689 120.446 120.404 120.283 120.505 120.640 120.487 120.294 120.517 120.485 120.469 120.446 120.451 120.497 120.458 120.503 120.463 120.422 120.396
120.817 120.696 120.873 121.065 120.796 120.185 120.153 120.422 120.944 120.824 120.870 120.654 120.797 120.953 120.669 120.516 120.128 120.379 120.907 120.778 120.106 120.375 120.904 120.917 120.495 120.315 120.616 120.386 120.780 120.367 120.822 121.007 121.005 120.996 120.786 120.527 120.741 121.145 120.890 120.843 120.710 120.971 120.903 120.906 120.886 120.702 120.449 120.709 120.564 120.458 120.259 120.349 120.516 120.511 120.284 120.396 120.453 120.491 120.454 120.365 120.415 120.527 120.413 120.465 120.463 120.368
120.960 120.905 120.831 121.005 120.438 120.175 120.698 120.964 120.997 121.059 120.806 120.801 120.868 120.872 120.810 120.723 120.223 120.184 120.409 120.402 120.293 120.619 120.623 120.459 120.382 120.500 120.353 120.653 120.277 120.693 120.996 120.982 120.844 120.644 120.883 120.998 120.565 120.737 120.745 121.023 120.882 120.615 120.705 120.882 120.568 120.698 120.408 120.467 120.522 120.592 120.427 120.223 120.394 120.476 120.356 120.308 120.293 120.379 120.376 120.393 120.409 120.377 120.322 120.392 120.296 120.342
121.003 120.793 120.919 121.020 120.260 120.404 120.954 121.158 121.180 120.978 120.881 120.916 120.753 120.897 121.128 121.031 120.578 120.079 120.113 120.152 120.799 120.981 120.710 120.662 120.845 120.617 120.960 120.943 120.766 120.996 120.843 120.633 120.896 121.012 121.171 121.200 120.920 120.707 120.703 121.099 121.076 120.884 120.478 120.802 120.510 120.526 120.584 120.577 120.467 120.403 120.405 120.324 120.234 120.241 120.276 120.321 120.328 120.342 120.317 120.341 120.343 120.341 120.386 120.391 120.302 120.360
120.833 120.889 120.649 120.957 120.270 120.239 120.316 120.671 120.830 120.927 120.969 120.873 120.502 121.001 121.084 120.943 120.688 120.038 120.080 120.222 120.733 121.104 121.073 120.990 120.953 120.947 120.942 120.629 120.858 120.550 120.344 120.651 121.125 120.857 120.823 121.105 120.829 121.039 120.484 120.989 121.068 120.847 120.370 120.446 120.400 120.604 120.600 120.516 120.511 120.586 120.410 120.339 120.325 120.284 120.309 120.223 120.279 120.437 120.379 120.454 120.300 120.274 120.269 120.246 120.236 120.250
120.797 120.718 120.818 121.071 120.263 120.755 121.052 121.129 120.986 120.767 120.901 121.084 120.756 120.522 120.628 120.698 120.651 120.098 120.061 120.092 120.124 120.600 120.878 120.821 120.789 120.749 120.644 121.024 120.838 120.532 120.973 120.556 121.044 120.760 120.656 120.769 120.955 120.932 120.462 120.828 120.873 120.408 120.523 120.606 120.480 120.611 120.597 120.503 120.533 120.535 120.409 120.506 120.407 120.397 120.468 120.330 120.226 120.240 120.291 120.356 120.290 120.353 120.304 120.250 120.205 120.178
120.731 120.755 121.124 121.125 120.428 120.303 120.808 121.096 121.119 121.130 120.724 121.024 120.968 120.494 120.115 120.139 120.055 119.977 120.066 120.245 120.216 120.114 120.115 120.617 120.906 121.045 120.941 120.660 120.470 120.849 121.053 120.931 120.672 120.447 120.975 121.170 121.083 120.912 120.520 120.355 120.377 120.497 120.716 121.089 120.811 120.490 120.479 120.521 120.522 120.433 120.428 120.512 120.412 120.481 120.445 120.437 120.291 120.307 120.355 120.301 120.305 120.344 120.389 120.436 120.418 120.261
120.511 120.788 121.122 121.137 120.411 120.782 121.128 120.966 120.787 120.842 120.831 121.088 120.865 120.328 120.038 120.021 120.026 120.123 120.547 120.838 120.850 120.705 120.365 120.044 120.385 120.487 120.421 120.408 120.995 121.073 120.957 121.052 121.141 120.574 121.069 121.141 120.795 120.377 120.442 120.712 121.061 121.068 121.136 120.910 120.578 120.520 120.464 120.553 120.484 120.435 120.447 120.334 120.407 120.479 120.412 120.374 120.331 120.434 120.325 120.416 120.476 120.474 120.359 120.292 120.275 120.231
121.089 121.079 121.093 120.997 120.341 121.090 121.102 120.978 121.178 120.909 120.981 121.126 120.884 120.232 120.121 120.580 120.828 120.838 120.828 120.883 120.895 120.847 120.887 120.270 120.037 120.580 120.977 120.775 120.715 120.712 120.905 120.871 120.749 120.911 121.107 120.900 120.567 120.378 120.880 120.946 120.991 120.813 120.717 120.456 120.519 120.362 120.371 120.481 120.329 120.483 120.408 120.362 120.326 120.497 120.401 120.298 120.438 120.391 120.331 120.442 120.495 120.329 120.421 120.389 120.289 120.166
120.510 120.582 120.995 120.462 120.303 120.916 121.118 120.854 121.093 120.715 120.724 120.669 120.630 120.092 120.186 120.745 121.061 120.848 120.728 120.647 120.840 120.276 120.538 120.359 120.172 120.857 120.982 120.820 120.810 120.654 121.080 121.034 120.679 120.960 120.780 120.433 120.666 120.869 120.731 121.050 120.915 121.112 121.033 120.504 120.344 120.393 120.362 120.369 120.334 120.358 120.351 120.466 120.313 120.385 120.438 120.317 120.463 120.386 120.391 120.373 120.320 120.282 120.382 120.338 120.377 120.213
120.225 120.195 120.318 120.195 120.215 120.457 120.742 121.088 121.083 120.903 120.431 120.171 120.090 120.024 120.103 120.264 120.915 120.840 120.514 120.594 120.416 120.393 120.660 120.279 120.121 120.359 121.019 120.792 120.918 121.026 120.830 120.981 120.775 120.541 120.555 120.815 121.152 121.032 121.017 120.995 120.648 120.917 120.834 120.392 120.462 120.487 120.467 120.455 120.427 120.350 120.453 120.453 120.388 120.355 120.350 120.309 120.383 120.364 120.453 120.536 120.428 120.281 120.316 120.373 120.312 120.186
