LISFLOOD-FP model/DEM_edit_04.asc
ncols 433
nrows  491
xllcorner  1194560
yllcorner  -5.844710e+05
cellsize  25
nodata_value  -9.999000e+03
[rows 60 to 89 of 491, columns 330 to 395 of 433]
122.560 122.708 122.799 122.958 123.163 123.368 123.597 123.832 124.145 124.415 124.668 124.867 125.036 125.256 125.490 125.768 126.084 126.414 126.772 127.222 127.685 128.182 128.776 129.420 130.099 130.759 131.347 131.851 132.339 132.824 133.254 133.601 133.939 134.277 134.606 134.800 134.928 135.009 135.068 135.108 -9999.000 -9999.000 -9999.000 -9999.000 -9999.000 -9999.000 -9999.000 -9999.000 -9999.000 -9999.000 -9999.000 -9999.000 -9999.000 -9999.000 -9999.000 -9999.000 -9999.000 -9999.000 -9999.000 -9999.000 -9999.000 -9999.000 -9999.000 -9999.000 -9999.000 -9999.000
122.694 122.825 122.911 123.082 123.255 123.424 123.691 123.966 124.293 124.562 124.796 125.007 125.209 125.468 125.701 126.012 126.333 126.695 127.080 127.517 127.953 128.398 128.977 129.624 130.357 130.980 131.577 132.102 132.560 132.987 133.353 133.718 134.018 134.308 134.642 134.818 134.948 135.079 135.157 135.180 -9999.000 -9999.000 -9999.000 -9999.000 -9999.000 -9999.000 -9999.000 -9999.000 -9999.000 -9999.000 -9999.000 -9999.000 -9999.000 -9999.000 -9999.000 -9999.000 -9999.000 -9999.000 -9999.000 -9999.000 -9999.000 -9999.000 -9999.000 -9999.000 -9999.000 -9999.000
122.822 122.955 123.057 123.216 123.345 123.522 123.795 124.036 124.355 124.613 124.884 125.121 125.359 125.667 125.970 126.251 126.590 126.916 127.335 127.736 128.151 128.643 129.182 129.818 130.549 131.211 131.715 132.161 132.631 133.009 133.358 133.712 134.047 134.307 134.592 134.783 134.946 135.077 135.196 135.228 -9999.000 -9999.000 -9999.000 -9999.000 -9999.000 -9999.000 -9999.000 -9999.000 -9999.000 -9999.000 -9999.000 -9999.000 -9999.000 -9999.000 -9999.000 -9999.000 -9999.000 -9999.000 -9999.000 -9999.000 -9999.000 -9999.000 -9999.000 -9999.000 -9999.000 -9999.000
122.951 123.072 123.159 123.325 123.439 123.619 123.861 124.088 124.363 124.671 124.941 125.206 125.509 125.848 126.182 126.496 126.814 127.157 127.525 127.884 128.279 128.769 129.297 129.947 130.669 131.278 131.762 132.239 132.655 133.017 133.379 133.713 134.021 134.285 134.509 134.702 134.864 135.012 135.151 135.176 -9999.000 -9999.000 -9999.000 -9999.000 -9999.000 -9999.000 -9999.000 -9999.000 -9999.000 -9999.000 -9999.000 -9999.000 -9999.000 -9999.000 -9999.000 -9999.000 -9999.000 -9999.000 -9999.000 -9999.000 -9999.000 -9999.000 -9999.000 -9999.000 -9999.000 -9999.000
122.905 123.168 123.268 123.410 123.544 123.725 123.912 124.168 124.373 124.691 124.986 125.303 125.636 125.978 126.331 126.676 127.028 127.381 127.700 128.039 128.464 128.923 129.465 130.044 130.671 131.266 131.756 132.234 132.670 132.985 133.342 133.685 134.019 134.293 134.447 134.604 134.767 134.865 135.013 135.083 -9999.000 -9999.000 -9999.000 -9999.000 -9999.000 -9999.000 -9999.000 -9999.000 -9999.000 -9999.000 -9999.000 -9999.000 -9999.000 -9999.000 -9999.000 -9999.000 -9999.000 -9999.000 -9999.000 -9999.000 -9999.000 -9999.000 -9999.000 -9999.000 -9999.000 -9999.000
123.138 123.229 123.356 123.533 123.641 123.761 123.968 124.209 124.374 124.722 125.031 125.339 125.693 126.080 126.443 126.799 127.167 127.542 127.973 128.276 128.649 129.093 129.602 130.099 130.649 131.202 131.703 132.163 132.517 132.782 133.135 133.556 133.897 134.182 134.351 134.503 134.649 134.783 134.875 -9999.000 -9999.000 -9999.000 -9999.000 -9999.000 -9999.000 -9999.000 -9999.000 -9999.000 -9999.000 -9999.000 -9999.000 -9999.000 -9999.000 -9999.000 -9999.000 -9999.000 -9999.000 -9999.000 -9999.000 -9999.000 -9999.000 -9999.000 -9999.000 -9999.000 -9999.000 -9999.000
123.219 123.284 123.432 123.704 123.777 123.893 124.052 124.265 124.410 124.756 125.069 125.393 125.749 126.152 126.538 126.921 127.278 127.661 128.048 128.418 128.740 129.061 129.514 130.107 130.607 131.096 131.519 131.948 132.252 132.533 132.862 133.285 133.634 133.907 134.127 134.315 134.510 134.719 134.795 -9999.000 -9999.000 -9999.000 -9999.000 -9999.000 -9999.000 -9999.000 -9999.000 -9999.000 -9999.000 -9999.000 -9999.000 -9999.000 -9999.000 -9999.000 -9999.000 -9999.000 -9999.000 -9999.000 -9999.000 -9999.000 -9999.000 -9999.000 -9999.000 -9999.000 -9999.000 -9999.000
123.264 123.369 123.531 123.772 123.946 123.994 124.147 124.328 124.482 124.760 125.128 125.481 125.828 126.187 126.600 126.987 127.349 127.716 128.089 128.479 128.915 129.262 129.660 130.064 130.451 130.840 131.221 131.617 131.926 132.220 132.521 132.874 133.206 133.565 133.811 134.078 134.323 134.571 134.672 -9999.000 -9999.000 -9999.000 -9999.000 -9999.000 -9999.000 -9999.000 -9999.000 -9999.000 -9999.000 -9999.000 -9999.000 -9999.000 -9999.000 -9999.000 -9999.000 -9999.000 -9999.000 -9999.000 -9999.000 -9999.000 -9999.000 -9999.000 -9999.000 -9999.000 -9999.000 -9999.000
123.363 123.394 123.610 123.882 124.105 124.175 124.234 124.417 124.613 124.838 125.189 125.529 125.951 126.323 126.658 127.034 127.369 127.715 128.105 128.537 128.965 129.337 129.745 130.141 130.501 130.812 131.099 131.419 131.740 131.996 132.254 132.549 132.890 133.268 133.561 133.902 134.137 134.379 134.440 -9999.000 -9999.000 -9999.000 -9999.000 -9999.000 -9999.000 -9999.000 -9999.000 -9999.000 -9999.000 -9999.000 -9999.000 -9999.000 -9999.000 -9999.000 -9999.000 -9999.000 -9999.000 -9999.000 -9999.000 -9999.000 -9999.000 -9999.000 -9999.000 -9999.000 -9999.000 -9999.000
123.080 123.417 123.586 123.775 124.232 124.345 124.396 124.503 124.679 124.935 125.278 125.615 125.995 126.413 126.745 127.078 127.420 127.787 128.116 128.502 128.878 129.321 129.732 130.156 130.484 130.811 131.115 131.472 131.737 132.024 132.262 132.460 132.686 132.996 133.375 133.697 134.009 134.238 134.352 -9999.000 -9999.000 -9999.000 -9999.000 -9999.000 -9999.000 -9999.000 -9999.000 -9999.000 -9999.000 -9999.000 -9999.000 -9999.000 -9999.000 -9999.000 -9999.000 -9999.000 -9999.000 -9999.000 -9999.000 -9999.000 -9999.000 -9999.000 -9999.000 -9999.000 -9999.000 -9999.000
123.250 123.478 123.484 123.497 124.163 124.520 124.578 124.622 124.773 125.026 125.318 125.610 125.903 126.305 126.656 126.994 127.401 127.855 128.279 128.713 129.129 129.529 129.842 130.100 130.400 130.721 131.103 131.419 131.744 132.022 132.346 132.512 132.735 133.052 133.295 133.600 133.894 134.091 -9999.000 -9999.000 -9999.000 -9999.000 -9999.000 -9999.000 -9999.000 -9999.000 -9999.000 -9999.000 -9999.000 -9999.000 -9999.000 -9999.000 -9999.000 -9999.000 -9999.000 -9999.000 -9999.000 -9999.000 -9999.000 -9999.000 -9999.000 -9999.000 -9999.000 -9999.000 -9999.000 -9999.000
123.142 123.415 123.655 124.009 123.994 124.374 124.692 124.730 124.812 125.106 125.373 125.645 125.904 126.272 126.635 127.033 127.446 127.929 128.396 128.888 129.399 129.846 130.291 130.692 130.952 131.163 131.426 131.762 132.021 132.250 132.436 132.646 132.813 133.057 133.368 133.641 133.884 134.020 -9999.000 -9999.000 -9999.000 -9999.000 -9999.000 -9999.000 -9999.000 -9999.000 -9999.000 -9999.000 -9999.000 -9999.000 -9999.000 -9999.000 -9999.000 -9999.000 -9999.000 -9999.000 -9999.000 -9999.000 -9999.000 -9999.000 -9999.000 -9999.000 -9999.000 -9999.000 -9999.000 -9999.000
123.418 123.585 123.811 123.915 123.997 124.266 124.635 124.840 124.924 125.171 125.407 125.658 125.966 126.297 126.646 127.035 127.488 128.009 128.596 129.116 129.628 130.124 130.642 131.143 131.492 131.735 132.018 132.305 132.524 132.652 132.782 132.892 133.079 133.274 133.450 133.639 133.970 134.094 -9999.000 -9999.000 -9999.000 -9999.000 -9999.000 -9999.000 -9999.000 -9999.000 -9999.000 -9999.000 -9999.000 -9999.000 -9999.000 -9999.000 -9999.000 -9999.000 -9999.000 -9999.000 -9999.000 -9999.000 -9999.000 -9999.000 -9999.000 -9999.000 -9999.000 -9999.000 -9999.000 -9999.000
123.243 123.336 123.842 124.209 123.948 124.702 124.574 124.891 125.021 125.194 125.436 125.702 125.956 126.324 126.663 127.041 127.576 128.138 128.717 129.298 129.821 130.403 131.078 131.619 132.021 132.350 132.610 132.888 133.119 133.246 133.319 133.363 133.477 133.620 133.766 133.919 134.071 134.055 -9999.000 -9999.000 -9999.000 -9999.000 -9999.000 -9999.000 -9999.000 -9999.000 -9999.000 -9999.000 -9999.000 -9999.000 -9999.000 -9999.000 -9999.000 -9999.000 -9999.000 -9999.000 -9999.000 -9999.000 -9999.000 -9999.000 -9999.000 -9999.000 -9999.000 -9999.000 -9999.000 -9999.000
123.182 123.229 123.383 123.787 124.009 124.893 124.759 124.885 125.091 125.260 125.502 125.721 126.008 126.347 126.731 127.140 127.643 128.218 128.827 129.421 130.018 130.655 131.379 132.032 132.530 132.938 133.252 133.502 133.724 133.811 133.833 133.869 133.943 134.069 134.157 134.251 134.368 134.331 -9999.000 -9999.000 -9999.000 -9999.000 -9999.000 -9999.000 -9999.000 -9999.000 -9999.000 -9999.000 -9999.000 -9999.000 -9999.000 -9999.000 -9999.000 -9999.000 -9999.000 -9999.000 -9999.000 -9999.000 -9999.000 -9999.000 -9999.000 -9999.000 -9999.000 -9999.000 -9999.000 -9999.000
123.052 123.311 123.582 123.795 123.914 124.552 125.002 124.907 125.155 125.274 125.546 125.777 126.062 126.433 126.832 127.253 127.748 128.314 128.894 129.511 130.160 130.766 131.507 132.260 132.904 133.386 133.758 134.000 134.188 134.337 134.390 134.420 134.502 134.556 134.586 134.643 134.707 134.610 -9999.000 -9999.000 -9999.000 -9999.000 -9999.000 -9999.000 -9999.000 -9999.000 -9999.000 -9999.000 -9999.000 -9999.000 -9999.000 -9999.000 -9999.000 -9999.000 -9999.000 -9999.000 -9999.000 -9999.000 -9999.000 -9999.000 -9999.000 -9999.000 -9999.000 -9999.000 -9999.000 -9999.000
122.888 123.258 123.565 123.979 124.180 124.415 125.091 125.030 125.229 125.370 125.632 125.952 126.222 126.560 126.933 127.371 127.867 128.460 128.997 129.633 130.263 130.949 131.615 132.311 132.963 133.500 134.007 134.383 134.668 134.794 134.869 134.957 135.026 135.074 135.110 135.135 135.087 -9999.000 -9999.000 -9999.000 -9999.000 -9999.000 -9999.000 -9999.000 -9999.000 -9999.000 -9999.000 -9999.000 -9999.000 -9999.000 -9999.000 -9999.000 -9999.000 -9999.000 -9999.000 -9999.000 -9999.000 -9999.000 -9999.000 -9999.000 -9999.000 -9999.000 -9999.000 -9999.000 -9999.000 -9999.000
122.913 123.318 123.603 124.037 124.563 124.704 125.150 125.222 125.348 125.475 125.693 126.048 126.378 126.750 127.088 127.471 127.934 128.462 129.088 129.775 130.388 131.003 131.656 132.290 132.872 133.406 133.943 134.424 134.828 135.095 135.253 135.368 135.459 135.544 135.570 135.604 135.512 -9999.000 -9999.000 -9999.000 -9999.000 -9999.000 -9999.000 -9999.000 -9999.000 -9999.000 -9999.000 -9999.000 -9999.000 -9999.000 -9999.000 -9999.000 -9999.000 -9999.000 -9999.000 -9999.000 -9999.000 -9999.000 -9999.000 -9999.000 -9999.000 -9999.000 -9999.000 -9999.000 -9999.000 -9999.000
122.906 123.404 123.895 124.357 124.895 124.806 125.182 125.480 125.404 125.592 125.835 126.122 126.460 126.868 127.262 127.689 128.112 128.627 129.146 129.705 130.353 130.973 131.625 132.204 132.739 133.223 133.769 134.271 134.730 135.120 135.425 135.650 135.833 135.948 135.965 135.959 135.888 -9999.000 -9999.000 -9999.000 -9999.000 -9999.000 -9999.000 -9999.000 -9999.000 -9999.000 -9999.000 -9999.000 -9999.000 -9999.000 -9999.000 -9999.000 -9999.000 -9999.000 -9999.000 -9999.000 -9999.000 -9999.000 -9999.000 -9999.000 -9999.000 -9999.000 -9999.000 -9999.000 -9999.000 -9999.000
123.237 123.403 123.857 124.552 125.156 125.021 125.201 125.410 125.485 125.689 125.916 126.169 126.517 126.868 127.314 127.779 128.292 128.785 129.265 129.788 130.405 130.994 131.553 132.070 132.599 133.074 133.570 134.065 134.550 135.012 135.488 135.870 136.166 136.315 136.332 136.323 136.290 -9999.000 -9999.000 -9999.000 -9999.000 -9999.000 -9999.000 -9999.000 -9999.000 -9999.000 -9999.000 -9999.000 -9999.000 -9999.000 -9999.000 -9999.000 -9999.000 -9999.000 -9999.000 -9999.000 -9999.000 -9999.000 -9999.000 -9999.000 -9999.000 -9999.000 -9999.000 -9999.000 -9999.000 -9999.000
123.071 123.441 123.830 124.729 125.306 125.218 125.412 125.449 125.530 125.725 125.960 126.245 126.607 126.994 127.457 127.964 128.475 129.040 129.471 129.991 130.560 131.132 131.609 132.135 132.655 133.140 133.613 134.041 134.484 134.928 135.462 136.030 136.419 136.587 136.689 136.694 136.566 -9999.000 -9999.000 -9999.000 -9999.000 -9999.000 -9999.000 -9999.000 -9999.000 -9999.000 -9999.000 -9999.000 -9999.000 -9999.000 -9999.000 -9999.000 -9999.000 -9999.000 -9999.000 -9999.000 -9999.000 -9999.000 -9999.000 -9999.000 -9999.000 -9999.000 -9999.000 -9999.000 -9999.000 -9999.000
123.072 123.454 123.899 124.758 125.475 125.348 125.357 125.505 125.649 125.796 126.028 126.379 126.748 127.185 127.681 128.124 128.631 129.217 129.791 130.289 130.913 131.384 131.832 132.319 132.784 133.268 133.750 134.214 134.688 135.136 135.706 136.241 136.569 136.838 136.953 137.015 -9999.000 -9999.000 -9999.000 -9999.000 -9999.000 -9999.000 -9999.000 -9999.000 -9999.000 -9999.000 -9999.000 -9999.000 -9999.000 -9999.000 -9999.000 -9999.000 -9999.000 -9999.000 -9999.000 -9999.000 -9999.000 -9999.000 -9999.000 -9999.000 -9999.000 -9999.000 -9999.000 -9999.000 -9999.000 -9999.000
123.187 123.486 123.927 124.397 125.424 125.478 125.474 125.609 125.685 125.846 126.108 126.487 126.891 127.382 127.925 128.384 128.968 129.591 130.152 130.763 131.351 131.766 132.151 132.591 133.023 133.457 133.956 134.437 134.902 135.399 135.983 136.526 136.864 137.091 137.240 137.353 137.480 137.616 137.780 -9999.000 -9999.000 -9999.000 -9999.000 -9999.000 -9999.000 -9999.000 -9999.000 -9999.000 -9999.000 -9999.000 -9999.000 -9999.000 -9999.000 -9999.000 -9999.000 -9999.000 -9999.000 -9999.000 -9999.000 -9999.000 -9999.000 -9999.000 -9999.000 -9999.000 -9999.000 -9999.000
123.411 123.715 124.064 124.374 124.859 125.399 125.506 125.590 125.738 125.939 126.239 126.603 127.071 127.593 128.191 128.744 129.335 130.006 130.600 131.200 131.840 132.253 132.643 133.078 133.457 133.853 134.266 134.736 135.182 135.683 136.325 136.876 137.208 137.412 137.507 137.596 137.672 137.765 137.915 138.161 -9999.000 -9999.000 -9999.000 -9999.000 -9999.000 -9999.000 -9999.000 -9999.000 -9999.000 -9999.000 -9999.000 -9999.000 -9999.000 -9999.000 -9999.000 -9999.000 -9999.000 -9999.000 -9999.000 -9999.000 -9999.000 -9999.000 -9999.000 -9999.000 -9999.000 -9999.000
123.265 123.830 124.053 124.542 125.281 125.868 125.678 125.581 125.788 125.993 126.329 126.742 127.275 127.797 128.465 129.060 129.718 130.381 131.003 131.589 132.240 132.768 133.201 133.602 133.947 134.292 134.656 135.054 135.502 136.091 136.717 137.176 137.508 137.730 137.869 137.949 138.097 138.197 138.264 138.417 138.639 138.918 -9999.000 -9999.000 -9999.000 -9999.000 -9999.000 -9999.000 -9999.000 -9999.000 -9999.000 -9999.000 -9999.000 139.393 139.381 139.420 139.600 139.592 -9999.000 -9999.000 -9999.000 -9999.000 -9999.000 -9999.000 -9999.000 -9999.000
123.292 123.854 124.195 124.930 125.634 125.835 125.601 125.609 125.830 126.121 126.470 126.975 127.619 128.164 128.847 129.482 130.153 130.882 131.505 132.106 132.703 133.191 133.636 133.994 134.398 134.726 135.033 135.390 135.832 136.394 137.003 137.402 137.732 137.970 138.117 138.285 138.468 138.617 138.694 138.786 138.923 139.123 139.342 139.510 -9999.000 -9999.000 -9999.000 -9999.000 -9999.000 -9999.000 -9999.000 -9999.000 -9999.000 139.384 139.366 139.400 139.550 139.555 139.574 139.585 139.643 139.646 139.693 139.854 139.973 140.017
123.486 123.859 124.139 124.998 125.350 125.614 125.681 125.640 125.887 126.205 126.624 127.188 127.881 128.582 129.195 129.868 130.642 131.506 132.226 132.792 133.354 133.772 134.143 134.539 134.933 135.178 135.411 135.682 136.040 136.536 137.022 137.482 137.819 138.082 138.329 138.543 138.726 138.915 139.075 139.140 139.293 139.452 139.524 139.603 139.672 139.801 139.910 -9999.000 -9999.000 -9999.000 -9999.000 -9999.000 -9999.000 139.373 139.358 139.366 139.401 139.501 139.553 139.603 139.599 139.648 139.726 139.847 139.990 140.036
123.591 123.928 124.162 124.618 125.408 125.477 125.639 125.816 125.994 126.359 126.831 127.476 128.270 128.975 129.656 130.454 131.332 132.216 132.891 133.379 133.920 134.358 134.714 135.034 135.310 135.583 135.760 135.983 136.308 136.648 137.118 137.546 137.880 138.167 138.474 138.747 138.993 139.134 139.321 139.405 139.511 139.655 139.752 139.772 139.813 139.921 139.926 139.937 140.009 -9999.000 -9999.000 -9999.000 -9999.000 139.363 139.379 139.361 139.393 139.462 139.532 139.585 139.625 139.699 139.744 139.861 139.957 140.054
123.357 123.650 124.094 124.907 125.658 125.619 125.697 125.941 126.174 126.549 127.109 127.812 128.573 129.318 130.155 131.049 131.899 132.708 133.406 133.906 134.316 134.641 134.960 135.223 135.521 135.782 136.017 136.253 136.543 136.885 137.271 137.624 137.913 138.199 138.485 138.811 139.129 139.360 139.503 139.635 139.731 139.810 139.874 139.901 139.960 139.988 140.012 140.039 140.060 -9999.000 -9999.000 -9999.000 139.548 139.480 139.415 139.430 139.503 139.570 139.626 139.683 139.707 139.731 139.810 139.901 139.984 140.058
123.223 123.622 124.446 125.412 125.836 125.818 125.769 126.014 126.351 126.776 127.282 127.927 128.808 129.667 130.616 131.510 132.359 133.145 133.801 134.259 134.559 134.799 134.971 135.179 135.458 135.710 135.996 136.325 136.660 137.048 137.425 137.732 137.948 138.177 138.474 138.806 139.190 139.449 139.602 139.697 139.768 139.857 139.856 139.880 139.931 139.984 140.026 140.094 140.099 -9999.000 -9999.000 -9999.000 139.608 139.598 139.544 139.531 139.603 139.701 139.779 139.879 139.900 139.940 139.981 140.048 140.098 140.156
