Data/res-0031.wd
ncols         433
nrows         491
xllcorner     1194560.000000
yllcorner     -584471.000000
cellsize      25.000000
NODATA_value  -9999.000000
[rows 272 to 305 of 491, columns 154 to 230 of 433]
0.054 0.054 0.157 2.005 0.470 0.063 0.068 0.070 0.073 0.102 0.103 0.144 0.128 0.124 0.129 0.112 0.076 0.176 0.077 0.151 0.137 0.038 0.017 0.030 0.072 0.125 0.040 0.118 0.126 0.091 0.158 0.020 0.151 0.111 0.072 0.000 0.042 0.261 0.398 0.200 0.166 0.124 0.029 0.052 0.277 0.062 0.020 0.021 0.021 0.071 0.062 0.101 0.119 0.112 0.167 0.350 0.582 0.409 0.454 0.187 0.154 0.151 0.146 0.114 0.323 0.274 0.081 0.013 0.077 0.234 0.190 0.100 0.144 0.118 0.036 0.010 0.067
0.058 0.058 0.033 1.520 1.634 0.053 0.109 0.073 0.083 0.109 0.100 0.096 0.066 0.067 0.112 0.130 0.149 0.179 0.097 0.092 0.109 0.137 0.110 0.104 0.043 0.147 0.052 0.093 0.142 0.187 0.108 0.100 0.199 0.120 0.024 0.000 0.107 0.333 0.196 0.086 0.025 0.003 0.015 0.151 0.270 0.270 0.122 0.113 0.021 0.028 0.042 0.077 0.048 0.089 0.214 0.423 0.364 0.509 0.178 0.166 0.141 0.175 0.171 0.387 0.180 0.065 0.036 0.000 0.002 0.212 0.312 0.326 0.155 0.118 0.022 0.015 0.039
0.052 0.047 0.031 0.468 2.162 0.331 0.070 0.104 0.108 0.085 0.090 0.060 0.077 0.092 0.085 0.094 0.091 0.135 0.068 0.048 0.120 0.060 0.047 0.064 0.038 0.190 0.048 0.170 0.069 0.038 0.120 0.228 0.039 0.061 0.019 0.069 0.207 0.174 0.049 0.060 0.051 0.006 0.169 0.214 0.098 0.240 0.110 0.107 0.080 0.083 0.090 0.092 0.115 0.127 0.206 0.403 0.300 0.372 0.431 0.461 0.461 0.347 0.338 0.157 0.087 0.053 0.040 0.003 0.014 0.102 0.202 0.260 0.345 0.070 0.060 0.051 0.197
0.068 0.049 0.045 0.062 1.716 1.521 0.114 0.149 0.129 0.039 0.041 0.069 0.064 0.062 0.056 0.053 0.057 0.112 0.064 0.050 0.086 0.072 0.068 0.065 0.080 0.187 0.064 0.145 0.027 0.152 0.203 0.133 0.079 0.055 0.053 0.108 0.138 0.107 0.096 0.047 0.013 0.060 0.324 0.007 0.090 0.295 0.148 0.148 0.165 0.230 0.104 0.063 0.119 0.188 0.188 0.305 0.347 0.261 0.157 0.220 0.398 0.169 0.070 0.085 0.071 0.033 0.036 0.016 0.009 0.117 0.189 0.035 0.176 0.188 0.230 0.216 0.006
0.146 0.061 0.056 0.046 0.531 2.141 0.273 0.084 0.117 0.019 0.038 0.049 0.035 0.054 0.036 0.049 0.044 0.091 0.116 0.048 0.097 0.052 0.047 0.039 0.044 0.136 0.027 0.165 0.065 0.192 0.280 0.153 0.201 0.159 0.136 0.140 0.081 0.115 0.055 0.089 0.042 0.148 0.093 0.000 0.018 0.248 0.048 0.020 0.027 0.110 0.136 0.099 0.115 0.054 0.095 0.335 0.274 0.404 0.226 0.139 0.286 0.265 0.118 0.071 0.114 0.010 0.007 0.013 0.022 0.145 0.045 0.054 0.013 0.049 0.298 0.136 0.090
0.208 0.096 0.057 0.061 0.112 1.895 1.364 0.038 0.037 0.031 0.023 0.025 0.031 0.014 0.006 0.000 0.000 0.026 0.094 0.063 0.077 0.049 0.038 0.033 0.042 0.155 0.077 0.128 0.160 0.098 0.223 0.207 0.096 0.034 0.057 0.126 0.063 0.108 0.013 0.000 0.023 0.241 0.082 0.019 0.172 0.135 0.147 0.036 0.046 0.055 0.062 0.147 0.187 0.113 0.135 0.243 0.091 0.290 0.175 0.132 0.298 0.270 0.094 0.138 0.028 0.012 0.014 0.078 0.137 0.034 0.041 0.180 0.054 0.064 0.285 0.310 0.140
0.116 0.141 0.056 0.048 0.036 0.705 1.992 0.076 0.017 0.022 0.016 0.006 0.014 0.000 0.000 0.000 0.000 0.000 0.002 0.038 0.046 0.032 0.039 0.034 0.071 0.134 0.040 0.093 0.179 0.170 0.115 0.258 0.203 0.130 0.058 0.104 0.051 0.102 0.018 0.022 0.042 0.230 0.051 0.033 0.235 0.000 0.000 0.023 0.025 0.074 0.116 0.121 0.083 0.140 0.188 0.217 0.078 0.201 0.257 0.123 0.191 0.379 0.291 0.132 0.072 0.094 0.126 0.054 0.021 0.042 0.004 0.059 0.205 0.088 0.256 0.248 0.424
0.169 0.102 0.061 0.053 0.052 0.190 2.079 0.593 0.006 0.004 0.008 0.023 0.007 0.000 0.000 0.000 0.000 0.000 0.000 0.000 0.009 0.046 0.032 0.025 0.031 0.071 0.057 0.107 0.167 0.134 0.130 0.256 0.331 0.176 0.184 0.043 0.035 0.125 0.073 0.122 0.218 0.084 0.039 0.015 0.193 0.182 0.056 0.049 0.074 0.120 0.070 0.122 0.122 0.093 0.069 0.109 0.175 0.116 0.289 0.111 0.051 0.245 0.303 0.462 0.195 0.071 0.000 0.009 0.056 0.046 0.073 0.028 0.192 0.225 0.126 0.082 0.302
0.116 0.108 0.057 0.045 0.035 0.017 1.552 1.597 0.005 0.000 0.000 0.000 0.000 0.000 0.000 0.000 0.000 0.000 0.000 0.000 0.016 0.024 0.038 0.025 0.038 0.062 0.074 0.050 0.091 0.098 0.157 0.079 0.208 0.229 0.082 0.188 0.066 0.083 0.136 0.115 0.055 0.000 0.005 0.044 0.182 0.008 0.187 0.044 0.068 0.094 0.129 0.073 0.067 0.075 0.101 0.192 0.106 0.105 0.231 0.138 0.163 0.146 0.087 0.366 0.072 0.008 0.041 0.113 0.010 0.014 0.004 0.023 0.100 0.229 0.127 0.016 0.322
0.145 0.073 0.096 0.058 0.034 0.021 0.711 1.988 0.058 0.000 0.000 0.000 0.000 0.000 0.000 0.000 0.000 0.000 0.000 0.000 0.000 0.002 0.014 0.014 0.061 0.062 0.020 0.036 0.053 0.024 0.075 0.048 0.118 0.237 0.158 0.111 0.050 0.052 0.068 0.051 0.000 0.000 0.004 0.042 0.160 0.000 0.137 0.120 0.123 0.057 0.046 0.147 0.159 0.130 0.183 0.123 0.091 0.139 0.211 0.109 0.094 0.087 0.110 0.258 0.149 0.025 0.020 0.010 0.012 0.018 0.049 0.012 0.141 0.149 0.018 0.021 0.085
0.151 0.129 0.091 0.052 0.045 0.049 0.263 2.092 0.365 0.001 0.015 0.000 0.000 0.000 0.000 0.000 0.000 0.000 0.000 0.000 0.000 0.000 0.000 0.000 0.054 0.026 0.030 0.054 0.000 0.037 0.057 0.045 0.115 0.182 0.121 0.083 0.053 0.133 0.015 0.076 0.025 0.068 0.008 0.005 0.076 0.005 0.013 0.233 0.150 0.056 0.102 0.171 0.137 0.096 0.088 0.153 0.125 0.203 0.135 0.172 0.125 0.098 0.115 0.172 0.144 0.077 0.024 0.007 0.006 0.006 0.006 0.031 0.129 0.000 0.000 0.047 0.028
0.163 0.121 0.073 0.053 0.041 0.027 0.021 1.703 1.537 0.002 0.001 0.005 0.001 0.000 0.000 0.000 0.000 0.000 0.000 0.000 0.000 0.000 0.000 0.000 0.085 0.074 0.028 0.017 0.033 0.012 0.033 0.036 0.093 0.066 0.119 0.073 0.056 0.042 0.005 0.005 0.000 0.000 0.011 0.010 0.034 0.008 0.008 0.234 0.079 0.136 0.090 0.073 0.082 0.090 0.106 0.204 0.156 0.138 0.125 0.081 0.070 0.076 0.071 0.245 0.008 0.000 0.001 0.007 0.063 0.000 0.070 0.220 0.088 0.034 0.065 0.000 0.044
0.190 0.133 0.069 0.056 0.051 0.023 0.012 0.330 2.061 0.602 0.000 0.000 0.000 0.000 0.000 0.000 0.000 0.000 0.000 0.000 0.000 0.000 0.000 0.000 0.017 0.000 0.011 0.002 0.011 0.017 0.024 0.043 0.113 0.034 0.041 0.092 0.078 0.014 0.037 0.000 0.000 0.000 0.000 0.042 0.019 0.035 0.058 0.211 0.105 0.065 0.092 0.089 0.089 0.074 0.171 0.079 0.116 0.161 0.175 0.144 0.104 0.071 0.049 0.285 0.163 0.087 0.077 0.086 0.052 0.131 0.232 0.116 0.035 0.168 0.127 0.128 0.119
0.179 0.176 0.063 0.046 0.032 0.029 0.013 0.009 1.029 2.015 0.373 0.000 0.000 0.000 0.000 0.000 0.000 0.000 0.000 0.000 0.000 0.000 0.000 0.020 0.025 0.000 0.000 0.000 0.006 0.013 0.027 0.055 0.019 0.017 0.027 0.059 0.016 0.007 0.023 0.026 0.000 0.000 0.000 0.000 0.029 0.100 0.109 0.244 0.060 0.072 0.066 0.121 0.114 0.140 0.154 0.115 0.182 0.095 0.080 0.136 0.139 0.124 0.152 0.242 0.211 0.077 0.007 0.101 0.266 0.187 0.000 0.046 0.040 0.063 0.105 0.000 0.003
0.171 0.114 0.068 0.064 0.050 0.022 0.018 0.007 0.000 1.251 1.883 0.221 0.000 0.000 0.000 0.000 0.000 0.000 0.000 0.000 0.000 0.000 0.000 0.000 0.000 0.000 0.000 0.024 0.051 0.002 0.021 0.013 0.006 0.015 0.044 0.035 0.000 0.042 0.076 0.003 0.000 0.004 0.000 0.000 0.026 0.049 0.039 0.216 0.194 0.092 0.074 0.136 0.179 0.096 0.109 0.162 0.173 0.088 0.110 0.164 0.054 0.035 0.025 0.064 0.244 0.111 0.138 0.269 0.116 0.043 0.024 0.105 0.036 0.043 0.062 0.040 0.030
0.223 0.122 0.098 0.050 0.052 0.054 0.063 0.068 0.412 0.399 1.532 1.795 0.163 0.000 0.000 0.000 0.000 0.000 0.000 0.000 0.000 0.000 0.000 0.000 0.000 0.000 0.000 0.000 0.009 0.002 0.005 0.002 0.005 0.013 0.046 0.016 0.002 0.014 0.000 0.000 0.000 0.023 0.000 0.000 0.047 0.010 0.040 0.056 0.218 0.219 0.053 0.092 0.154 0.130 0.098 0.120 0.087 0.091 0.093 0.123 0.070 0.034 0.023 0.017 0.196 0.322 0.355 0.340 0.139 0.136 0.216 0.121 0.039 0.091 0.029 0.025 0.004
0.285 0.165 0.069 0.042 0.053 0.060 0.049 0.050 0.028 0.000 0.159 1.460 1.870 1.177 0.130 0.000 0.000 0.000 0.000 0.000 0.000 0.000 0.000 0.000 0.000 0.000 0.000 0.000 0.018 0.002 0.004 0.003 0.003 0.001 0.000 0.000 0.005 0.001 0.000 0.000 0.000 0.032 0.022 0.040 0.042 0.017 0.018 0.068 0.040 0.267 0.086 0.075 0.066 0.103 0.083 0.089 0.086 0.087 0.093 0.055 0.076 0.033 0.011 0.019 0.251 0.057 0.000 0.165 0.048 0.042 0.014 0.019 0.073 0.001 0.000 0.057 0.019
0.196 0.169 0.041 0.062 0.042 0.060 0.034 0.032 0.010 0.105 0.230 0.000 0.329 1.465 1.799 1.270 0.246 0.000 0.000 0.000 0.000 0.000 0.000 0.000 0.000 0.000 0.000 0.000 0.006 0.010 0.005 0.009 0.000 0.003 0.000 0.000 0.000 0.000 0.000 0.000 0.000 0.051 0.012 0.035 0.027 0.036 0.060 0.133 0.190 0.259 0.132 0.056 0.075 0.100 0.124 0.091 0.114 0.084 0.033 0.047 0.045 0.039 0.002 0.080 0.188 0.022 0.029 0.141 0.187 0.221 0.101 0.012 0.097 0.003 0.071 0.005 0.000
0.187 0.114 0.039 0.045 0.032 0.019 0.008 0.168 0.215 0.185 0.000 0.000 0.000 0.000 0.160 1.517 1.913 1.466 0.295 0.000 0.000 0.000 0.000 0.000 0.000 0.000 0.000 0.000 0.011 0.059 0.000 0.037 0.011 0.000 0.000 0.000 0.000 0.000 0.000 0.000 0.000 0.014 0.015 0.101 0.084 0.026 0.058 0.061 0.158 0.397 0.092 0.074 0.114 0.126 0.119 0.081 0.092 0.115 0.097 0.080 0.076 0.064 0.067 0.133 0.098 0.008 0.008 0.028 0.068 0.173 0.334 0.078 0.059 0.086 0.025 0.039 0.048
0.113 0.173 0.129 0.046 0.015 0.027 0.221 0.115 0.014 0.000 0.000 0.000 0.000 0.000 0.000 0.000 0.199 1.377 1.885 1.804 1.048 0.000 0.000 0.000 0.000 0.000 0.000 0.000 0.015 0.033 0.000 0.028 0.011 0.000 0.000 0.000 0.000 0.000 0.000 0.000 0.000 0.003 0.023 0.069 0.040 0.029 0.040 0.071 0.125 0.279 0.132 0.075 0.081 0.100 0.080 0.091 0.111 0.117 0.073 0.103 0.081 0.019 0.044 0.090 0.013 0.035 0.013 0.010 0.010 0.022 0.099 0.216 0.046 0.002 0.027 0.141 0.000
0.148 0.130 0.067 0.046 0.062 0.179 0.070 0.000 0.000 0.000 0.000 0.000 0.000 0.000 0.000 0.000 0.000 0.000 0.000 0.346 1.735 1.361 0.000 0.000 0.000 0.000 0.000 0.000 0.009 0.016 0.000 0.006 0.000 0.000 0.000 0.000 0.000 0.000 0.000 0.000 0.000 0.019 0.058 0.073 0.056 0.100 0.085 0.108 0.154 0.364 0.195 0.192 0.201 0.115 0.096 0.069 0.101 0.125 0.088 0.076 0.088 0.021 0.165 0.051 0.023 0.104 0.019 0.000 0.001 0.007 0.019 0.183 0.104 0.031 0.101 0.014 0.052
0.124 0.113 0.013 0.052 0.121 0.008 0.002 0.001 0.000 0.000 0.000 0.000 0.000 0.000 0.000 0.000 0.000 0.000 0.000 0.000 0.191 1.854 0.423 0.000 0.000 0.000 0.000 0.000 0.029 0.000 0.000 0.000 0.000 0.000 0.000 0.000 0.000 0.000 0.000 0.000 0.000 0.000 0.022 0.080 0.101 0.146 0.150 0.108 0.118 0.367 0.083 0.068 0.066 0.080 0.112 0.137 0.127 0.073 0.060 0.039 0.126 0.099 0.112 0.001 0.001 0.092 0.118 0.002 0.001 0.001 0.005 0.150 0.256 0.236 0.009 0.023 0.118
0.095 0.075 0.014 0.174 0.010 0.000 0.002 0.002 0.000 0.000 0.000 0.000 0.000 0.000 0.000 0.000 0.000 0.000 0.000 0.000 0.000 1.198 1.732 0.000 0.000 0.000 0.000 0.000 0.027 0.000 0.000 0.000 0.000 0.000 0.000 0.929 1.248 1.280 1.220 0.083 0.000 0.000 0.032 0.066 0.128 0.162 0.297 0.194 0.140 0.354 0.128 0.133 0.167 0.168 0.136 0.132 0.097 0.104 0.103 0.112 0.054 0.000 0.064 0.000 0.000 0.000 0.130 0.083 0.111 0.032 0.053 0.070 0.054 0.257 0.143 0.045 0.010
0.136 0.091 0.110 0.035 0.051 0.000 0.002 0.001 0.000 0.000 0.000 0.000 0.000 0.000 0.000 0.000 0.000 0.000 0.000 0.000 0.000 0.138 1.729 1.392 0.604 0.700 0.402 0.355 0.090 0.000 0.000 0.000 0.000 0.000 0.000 1.382 0.000 0.000 1.097 1.333 0.285 0.000 0.134 0.233 0.157 0.116 0.175 0.282 0.482 0.235 0.131 0.170 0.185 0.225 0.154 0.117 0.069 0.050 0.109 0.030 0.014 0.027 0.037 0.000 0.006 0.010 0.123 0.000 0.000 0.091 0.000 0.000 0.001 0.174 0.045 0.000 0.000
0.190 0.210 0.111 0.042 0.047 0.072 0.056 0.025 0.000 0.000 0.000 0.000 0.000 0.000 0.000 0.000 0.000 0.000 0.000 0.000 0.000 0.000 0.049 1.204 1.471 1.339 1.661 1.651 0.279 0.715 1.119 0.015 0.000 0.000 0.000 1.386 0.000 0.000 0.349 0.970 1.224 0.335 0.938 1.108 1.065 1.125 0.981 1.078 0.522 0.115 0.136 0.182 0.177 0.180 0.137 0.107 0.126 0.093 0.034 0.003 0.013 0.037 0.000 0.000 0.010 0.000 0.117 0.022 0.000 0.000 0.009 0.010 0.006 0.179 0.014 0.000 0.000
0.119 0.188 0.045 0.000 0.000 0.000 0.000 0.000 0.000 0.000 0.000 0.000 0.000 0.000 0.000 0.000 0.000 0.000 0.000 0.000 0.000 0.000 0.000 0.000 0.000 0.000 0.066 1.123 1.877 1.661 0.895 1.463 0.735 0.000 0.983 0.786 0.000 0.000 1.060 1.204 1.289 1.628 1.481 1.097 1.633 0.392 0.162 0.259 0.552 0.083 0.116 0.128 0.125 0.137 0.077 0.060 0.042 0.031 0.049 0.087 0.086 0.009 0.006 0.006 0.028 0.000 0.000 0.000 0.000 0.012 0.007 0.146 0.338 0.291 0.358 0.148 0.125
0.090 0.165 0.302 0.110 0.000 0.000 0.025 0.000 0.000 0.000 0.000 0.000 0.000 0.000 0.000 0.000 0.000 0.000 0.000 0.000 0.000 0.000 0.000 0.000 0.000 0.000 0.253 1.227 1.264 0.025 0.000 0.000 1.062 1.315 0.988 0.000 0.000 0.000 0.166 0.076 0.000 0.134 0.042 0.324 1.335 0.160 0.088 0.169 0.576 0.412 0.121 0.145 0.122 0.063 0.086 0.053 0.071 0.091 0.059 0.000 0.000 0.004 0.004 0.004 0.002 0.002 0.003 0.009 0.027 0.042 0.000 0.173 0.036 0.000 0.327 0.141 0.000
0.227 0.285 0.248 0.325 0.204 0.174 0.029 0.000 0.000 0.000 0.000 0.000 0.000 0.000 0.000 0.000 0.000 0.000 0.000 0.000 0.000 0.000 0.000 0.000 0.000 0.000 1.369 0.893 0.000 0.000 0.000 0.000 0.000 0.000 0.000 0.000 0.000 0.000 0.000 0.000 0.000 0.000 0.058 0.331 1.030 0.083 0.127 0.167 0.220 0.500 0.598 0.577 0.143 0.072 0.058 0.072 0.132 0.055 0.000 0.005 0.003 0.005 0.006 0.007 0.009 0.015 0.035 0.008 0.000 0.000 0.000 0.252 0.000 0.000 0.417 0.014 0.095
0.172 0.169 0.133 0.093 0.044 0.099 0.114 0.106 0.073 0.000 0.000 0.000 0.000 0.000 0.000 0.000 0.000 0.000 0.000 0.000 0.000 0.000 0.000 0.000 0.000 0.881 1.157 0.001 0.000 0.000 0.000 0.000 0.000 0.000 0.000 0.000 0.000 0.000 0.000 0.037 0.000 0.000 0.017 0.120 1.232 1.217 0.752 0.129 0.108 0.141 0.164 0.439 0.691 0.273 0.145 0.121 0.101 0.033 0.004 0.014 0.000 0.000 0.000 0.000 0.000 0.000 0.000 0.000 0.000 0.000 0.000 0.287 0.000 0.000 0.228 0.407 0.082
0.266 0.075 0.128 0.096 0.029 0.000 0.000 0.005 0.000 0.000 0.000 0.000 0.000 0.000 0.000 0.000 0.000 0.000 0.000 0.000 0.000 0.000 0.000 0.000 0.097 1.446 0.066 0.000 0.000 0.000 0.000 0.000 0.000 0.000 0.000 0.000 0.000 0.000 0.044 0.016 0.013 0.024 0.078 0.104 0.158 0.323 1.241 0.763 0.137 0.134 0.179 0.190 0.139 0.389 0.490 0.060 0.000 0.001 0.024 0.003 0.000 0.000 0.000 0.000 0.000 0.000 0.000 0.000 0.000 0.000 0.000 0.214 0.000 0.000 0.000 0.130 0.441
0.178 0.107 0.043 0.000 0.004 0.054 0.029 0.000 0.000 0.000 0.000 0.000 0.000 0.000 0.000 0.000 0.000 0.000 0.000 0.000 0.000 0.000 0.000 0.600 1.420 0.635 0.000 0.000 0.000 0.000 0.000 0.000 0.000 0.000 0.000 0.000 0.000 0.000 0.046 0.075 0.030 0.042 0.046 0.080 0.077 0.065 0.170 1.202 1.129 0.191 0.163 0.161 0.083 0.091 0.236 0.303 0.004 0.000 0.000 0.000 0.000 0.000 0.000 0.000 0.000 0.000 0.000 0.000 0.000 0.000 0.132 0.111 0.000 0.000 0.000 0.040 0.131
0.159 0.136 0.201 0.000 0.000 0.000 0.016 0.000 0.000 0.000 0.000 0.000 0.000 0.000 0.000 0.000 0.000 0.000 0.000 0.000 0.146 1.184 1.316 1.190 0.190 0.000 0.000 0.000 0.000 0.000 0.000 0.000 0.000 0.000 0.000 0.000 0.000 0.000 0.000 0.073 0.136 0.074 0.048 0.070 0.122 0.070 0.078 0.159 0.784 1.345 0.117 0.073 0.023 0.080 0.000 0.401 0.037 0.000 0.000 0.000 0.000 0.000 0.000 0.000 0.000 0.000 0.000 0.000 0.000 0.000 0.179 0.000 0.000 0.000 0.000 0.069 0.011
0.117 0.049 0.193 0.137 0.024 0.000 0.000 0.000 0.000 0.000 0.000 0.000 0.000 0.000 0.000 0.000 0.000 0.000 0.000 0.915 1.363 0.667 0.000 0.000 0.000 0.000 0.000 0.000 0.000 0.000 0.000 0.000 0.000 0.000 0.000 0.000 0.000 0.000 0.030 0.108 0.102 0.161 0.107 0.103 0.173 0.150 0.130 0.180 0.161 1.206 0.221 0.146 0.064 0.046 0.000 0.095 0.271 0.000 0.000 0.000 0.000 0.000 0.000 0.000 0.000 0.000 0.000 0.000 0.035 0.213 0.038 0.000 0.000 0.000 0.000 0.074 0.014
0.055 0.182 0.133 0.157 0.098 0.081 0.000 0.000 0.000 0.000 0.000 0.000 0.000 0.000 0.000 0.000 0.000 0.000 0.628 1.270 0.000 0.000 0.000 0.000 0.000 0.000 0.000 0.000 0.000 0.000 0.000 0.000 0.000 0.000 0.000 0.000 0.047 0.045 0.038 0.088 0.111 0.122 0.165 0.136 0.221 0.132 0.195 0.219 0.131 0.723 1.243 0.791 0.042 0.000 0.000 0.000 0.391 0.332 0.000 0.000 0.000 0.001 0.000 0.000 0.000 0.000 0.024 0.111 0.170 0.000 0.062 0.000 0.000 0.000 0.090 0.152 0.038
