Data/res-0210.Qy
ncols         433
nrows         492
xllcorner     1194560.000000
yllcorner     -584483.500000
cellsize      25.000000
NODATA_value  -9999.000000
[rows 198 to 230 of 492, columns 76 to 151 of 433]
0.010 0.002 0.020 0.028 0.018 0.031 0.033 0.035 0.023 0.024 0.022 0.013 0.011 0.007 0.020 0.014 0.018 0.022 0.024 0.027 0.036 0.028 0.049 0.088 0.086 0.135 0.094 0.153 0.138 0.042 0.017 0.000 0.000 0.000 0.000 0.000 0.000 0.000 0.000 0.000 0.000 0.000 0.000 0.000 0.000 0.000 0.000 0.000 0.000 0.000 0.000 0.001 0.001 0.003 0.007 0.002 0.001 0.000 0.000 0.000 0.000 0.000 0.000 0.000 0.000 0.000 0.000 0.000 0.000 0.000 0.000 0.000 0.000 0.000 0.000 0.001
0.004 0.002 0.022 0.040 0.019 0.018 0.038 0.039 0.023 0.032 0.026 0.000 0.006 0.006 0.015 0.022 0.021 0.021 0.024 0.024 0.035 0.027 0.043 0.091 0.092 0.108 0.100 0.137 0.069 0.030 0.079 0.042 0.003 0.001 0.001 0.000 0.000 0.000 0.000 0.000 0.000 0.000 0.000 0.000 0.000 0.000 0.000 0.000 0.000 0.000 0.000 0.001 0.002 0.003 0.004 0.002 0.002 0.000 0.000 0.000 0.000 0.000 0.000 0.000 0.000 0.000 0.000 0.000 0.000 0.000 0.000 0.000 0.000 0.000 0.000 0.000
0.004 0.003 0.016 0.047 0.017 0.011 0.051 0.038 0.020 0.034 0.017 0.003 0.005 0.006 0.019 0.018 0.020 0.028 0.026 0.020 0.030 0.026 0.052 0.103 0.076 0.082 0.123 0.131 0.054 0.027 0.022 0.101 0.020 0.001 0.001 0.000 0.000 0.000 0.000 0.000 0.000 0.000 0.000 0.000 0.000 0.000 0.000 0.000 0.000 0.000 0.000 0.001 0.002 0.002 0.002 0.003 0.004 0.000 0.000 0.000 0.000 0.000 0.000 0.000 0.000 0.000 0.000 0.000 0.000 0.000 0.000 0.000 0.000 0.000 0.000 0.000
0.012 0.022 0.021 0.016 0.014 0.015 0.053 0.033 0.029 0.025 0.012 0.004 0.008 0.007 0.012 0.018 0.029 0.028 0.029 0.019 0.019 0.037 0.067 0.088 0.060 0.080 0.103 0.142 0.056 0.027 0.023 0.053 0.078 0.006 0.001 0.000 0.000 0.000 0.000 0.000 0.000 0.000 0.000 0.000 0.000 0.000 0.000 0.000 0.000 0.000 0.000 0.001 0.002 0.001 0.001 0.002 0.005 0.000 0.000 0.000 0.000 0.000 0.000 0.000 0.000 0.000 0.000 0.000 0.000 0.000 0.000 0.000 0.000 0.000 0.000 0.000
0.019 0.015 0.010 0.010 0.010 0.026 0.054 0.028 0.025 0.021 0.010 0.008 0.006 0.005 0.009 0.018 0.036 0.025 0.030 0.019 0.015 0.051 0.069 0.075 0.049 0.094 0.076 0.080 0.083 0.065 0.022 0.033 0.098 0.023 0.001 0.000 0.000 0.000 0.000 0.000 0.000 0.000 0.000 0.000 0.000 0.000 0.000 0.000 0.000 0.000 0.000 0.001 0.002 0.001 0.001 0.001 0.004 0.003 0.000 0.000 0.000 0.000 0.000 0.000 0.000 0.000 0.000 0.000 0.000 0.000 0.000 0.000 0.000 0.000 0.000 0.000
0.019 0.007 0.013 0.014 0.021 0.032 0.038 0.017 0.021 0.008 0.006 0.012 0.005 0.004 0.010 0.015 0.041 0.024 0.034 0.028 0.032 0.035 0.047 0.078 0.051 0.102 0.062 0.065 0.083 0.067 0.027 0.027 0.094 0.045 0.001 0.000 0.000 0.000 0.000 0.000 0.000 0.000 0.000 0.000 0.000 0.000 0.000 0.000 0.000 0.000 0.001 0.000 0.001 0.001 0.001 0.001 0.004 0.002 0.000 0.000 0.000 0.000 0.000 0.000 0.000 0.000 0.000 0.000 0.000 0.000 0.000 0.000 0.000 0.000 0.000 0.000
0.018 0.012 0.036 0.015 0.025 0.008 0.018 0.020 0.020 0.003 0.005 0.012 0.005 0.005 0.006 0.017 0.052 0.029 0.029 0.036 0.028 0.026 0.035 0.072 0.075 0.093 0.056 0.064 0.060 0.078 0.040 0.022 0.061 0.084 0.000 0.000 0.000 0.000 0.000 0.000 0.000 0.000 0.000 0.000 0.000 0.000 0.000 0.000 0.000 0.000 0.000 0.000 0.001 0.001 0.001 0.001 0.005 0.001 0.000 0.000 0.000 0.000 0.000 0.000 0.000 0.000 0.000 0.000 0.000 0.000 0.000 0.000 0.000 0.000 0.000 0.000
0.020 0.007 0.022 0.010 0.024 0.010 0.008 0.027 0.016 0.004 0.004 0.003 0.014 0.007 0.009 0.056 0.033 0.020 0.020 0.035 0.027 0.034 0.042 0.055 0.088 0.081 0.044 0.066 0.048 0.053 0.080 0.020 0.047 0.078 0.019 0.002 0.001 0.002 0.000 0.000 0.000 0.000 0.000 0.000 0.000 0.000 0.000 0.000 0.000 0.000 0.001 0.000 0.001 0.001 0.000 0.001 0.006 0.001 0.000 0.000 0.000 0.000 0.000 0.000 0.000 0.000 0.000 0.000 0.000 0.000 0.000 0.000 0.000 0.000 0.000 0.000
0.018 0.004 0.020 0.007 0.031 0.010 0.001 0.022 0.021 0.004 0.003 0.003 0.014 0.028 0.008 0.043 0.034 0.018 0.016 0.028 0.031 0.055 0.037 0.036 0.092 0.083 0.040 0.065 0.036 0.033 0.097 0.034 0.043 0.052 0.046 0.007 0.001 0.001 0.001 0.000 0.000 0.000 0.001 0.000 0.000 0.000 0.000 0.000 0.000 0.001 0.001 0.000 0.001 0.000 0.000 0.003 0.005 0.000 0.000 0.000 0.000 0.000 0.000 0.000 0.000 0.000 0.000 0.000 0.000 0.000 0.000 0.000 0.000 0.000 0.000 0.000
0.006 0.004 0.018 0.015 0.028 0.006 0.001 0.017 0.016 0.016 0.007 0.004 0.012 0.024 0.008 0.041 0.040 0.013 0.023 0.023 0.045 0.046 0.034 0.034 0.083 0.091 0.051 0.057 0.032 0.023 0.076 0.065 0.040 0.034 0.049 0.023 0.001 0.001 0.001 0.000 0.000 0.001 0.001 0.000 0.000 0.000 0.000 0.000 0.000 0.001 0.000 0.000 0.001 0.000 0.000 0.004 0.003 0.000 0.000 0.000 0.000 0.000 0.000 0.000 0.000 0.000 0.000 0.000 0.000 0.000 0.000 0.000 0.000 0.000 0.000 0.000
0.005 0.011 0.014 0.022 0.020 0.004 0.009 0.009 0.011 0.016 0.017 0.005 0.007 0.020 0.011 0.047 0.041 0.039 0.033 0.013 0.002 0.048 0.038 0.051 0.060 0.074 0.081 0.049 0.038 0.015 0.059 0.090 0.036 0.024 0.031 0.026 0.014 0.002 0.001 -0.003 0.010 0.000 0.001 0.002 0.003 0.000 0.000 0.000 0.001 0.000 0.000 0.000 0.001 0.000 0.000 0.005 0.002 0.000 0.000 0.000 0.000 0.000 0.000 0.000 0.000 0.000 0.000 0.000 0.000 0.000 0.000 0.000 0.000 0.000 0.000 0.000
0.004 0.019 0.018 0.019 0.004 0.008 0.011 0.006 0.010 0.014 0.027 0.013 0.010 0.006 0.008 0.052 0.046 0.035 0.030 0.012 0.002 0.038 0.041 0.055 0.062 0.058 0.101 0.052 0.029 0.016 0.051 0.091 0.040 0.019 0.023 0.017 0.004 0.004 0.002 0.005 0.000 0.008 0.030 0.001 0.001 0.001 -0.000 0.000 0.004 -0.000 -0.000 0.000 0.001 -0.000 0.000 0.005 0.001 0.000 0.000 0.000 0.000 0.000 0.000 0.000 0.000 0.000 0.000 0.000 0.000 0.000 0.000 0.000 0.000 0.000 0.000 0.000
0.011 0.018 0.024 0.005 0.002 0.018 0.006 0.007 0.007 0.015 0.015 0.024 0.008 0.005 0.003 0.048 0.057 0.028 0.022 0.025 0.004 0.031 0.034 0.050 0.067 0.056 0.117 0.046 0.026 0.014 0.056 0.087 0.023 0.020 0.027 0.023 0.003 0.004 0.005 0.010 0.000 0.006 0.015 0.003 -0.001 0.005 0.003 0.006 0.010 0.000 0.000 -0.000 0.000 0.000 0.001 0.004 0.000 0.000 0.001 0.000 0.000 0.000 0.000 0.000 0.000 0.000 0.000 0.000 0.000 0.000 0.000 0.000 0.000 0.000 0.000 0.000
0.014 0.012 0.035 0.007 0.003 0.006 0.006 0.010 0.011 0.016 0.007 0.025 0.007 0.002 0.000 0.039 0.044 0.051 0.015 0.036 0.025 0.026 0.044 0.020 0.053 0.054 0.085 0.064 0.041 0.047 0.052 0.047 0.023 0.025 0.034 0.021 0.011 0.004 0.008 0.009 0.002 0.003 0.008 0.003 0.002 0.009 0.007 0.004 0.017 0.000 0.000 0.000 0.000 -0.000 0.001 0.001 0.001 0.001 0.001 0.001 0.001 0.000 0.000 0.000 0.000 0.000 0.000 0.000 0.000 0.000 0.000 0.000 0.000 0.000 0.000 0.000
0.025 0.021 0.025 0.006 0.004 0.005 0.024 0.026 0.025 0.019 0.011 0.004 0.000 0.001 0.002 0.026 0.033 0.014 0.040 0.036 0.042 0.026 0.033 0.016 0.040 0.063 0.062 0.082 0.043 0.046 0.048 0.028 0.025 0.038 0.033 0.016 0.009 0.008 0.006 0.010 0.006 0.005 0.006 0.008 0.004 0.011 0.009 0.002 0.018 0.005 0.000 0.000 0.000 0.000 0.000 0.001 0.000 -0.000 0.001 0.000 0.002 0.000 0.000 0.000 0.000 0.000 0.000 0.000 0.000 0.000 0.000 0.000 0.000 0.000 0.000 0.000
0.010 0.021 0.031 0.009 0.010 0.012 0.067 0.001 0.001 0.003 0.010 0.004 0.000 0.005 0.004 0.030 0.027 0.010 0.028 0.044 0.051 0.029 0.021 0.031 0.043 0.043 0.054 0.083 0.043 0.038 0.033 0.021 0.036 0.054 0.034 0.012 0.007 0.007 0.007 0.005 0.003 0.008 0.009 0.015 0.010 0.016 0.014 0.002 0.008 0.009 0.006 0.000 0.000 0.000 0.000 0.000 0.000 0.000 -0.000 0.001 0.003 0.000 0.000 0.000 0.000 0.000 0.000 0.000 0.000 0.000 0.000 0.000 0.000 0.000 0.000 0.000
0.010 0.029 0.028 0.024 0.018 0.015 0.033 0.002 0.000 0.001 0.007 0.018 0.010 0.022 0.001 0.017 0.020 0.013 0.016 0.039 0.055 0.037 0.021 0.028 0.040 0.035 0.062 0.055 0.030 0.057 0.036 0.016 0.021 0.013 0.076 0.024 0.006 0.002 0.003 0.012 0.005 0.006 0.010 0.018 0.017 0.013 0.027 0.001 0.006 0.008 0.003 0.006 0.002 0.000 0.000 0.000 0.000 0.000 0.000 0.001 0.003 0.000 0.000 -0.000 -0.000 0.000 0.000 0.000 0.000 0.000 0.000 0.000 0.000 0.000 0.000 0.000
0.016 0.043 0.012 0.035 0.034 0.021 0.030 0.012 -0.006 -0.018 0.001 0.014 0.011 0.008 0.000 0.030 0.025 0.018 0.016 0.038 0.026 0.051 0.027 0.021 0.044 0.043 0.041 0.041 0.026 0.040 0.031 0.034 0.029 0.018 0.064 0.025 0.011 0.006 0.003 0.002 0.006 0.010 0.013 0.015 0.024 0.012 0.020 0.011 0.012 0.007 0.004 0.002 0.003 0.008 0.000 0.000 0.000 0.000 0.000 -0.001 0.000 0.002 0.000 0.000 0.000 0.000 -0.000 0.000 0.000 0.000 0.000 0.000 0.000 0.000 0.000 0.000
0.021 0.030 0.014 0.059 0.015 0.035 0.046 0.007 0.024 0.000 0.006 0.008 -0.000 -0.012 -0.016 0.017 0.024 0.006 0.014 0.044 0.021 0.059 0.052 0.020 0.021 0.021 0.026 0.042 0.022 0.029 0.033 0.046 0.022 0.019 0.074 0.015 0.009 -0.003 0.001 0.006 0.019 0.010 0.013 0.023 0.023 0.012 0.020 0.008 0.028 0.005 0.005 0.001 0.002 0.003 0.008 0.000 0.000 0.000 -0.000 -0.000 0.000 0.001 0.000 0.000 0.000 0.001 0.000 0.000 0.000 0.000 0.000 0.000 0.000 0.000 0.000 0.000
0.020 0.026 0.019 0.059 0.015 0.049 0.030 0.009 0.023 0.002 0.015 0.002 0.001 0.007 0.014 -0.007 0.003 0.002 0.012 0.073 0.056 0.027 0.010 0.027 0.020 0.018 0.019 0.021 0.014 0.026 0.029 0.023 0.017 0.022 0.055 0.065 0.013 0.014 0.002 0.003 0.018 0.016 0.014 0.023 0.023 0.014 0.022 0.008 0.026 0.016 0.003 0.001 -0.001 -0.002 -0.004 0.001 0.011 0.002 0.005 0.002 0.000 0.005 0.000 0.000 0.000 0.000 0.000 0.001 0.000 0.000 0.000 0.000 0.000 0.000 0.000 0.000
0.028 0.029 0.020 0.049 0.030 0.052 0.014 0.020 0.016 0.004 0.013 0.006 0.000 0.018 0.025 0.029 0.019 0.029 0.031 0.014 0.001 0.017 0.006 0.027 0.019 0.010 0.006 0.005 0.008 0.006 0.045 0.020 0.018 0.021 0.060 0.067 0.013 0.032 0.012 0.005 0.009 0.014 0.014 0.019 0.036 0.013 0.010 0.019 0.021 0.011 0.011 0.001 -0.011 0.000 0.006 -0.001 -0.000 0.015 0.018 0.005 0.000 0.004 0.000 0.001 0.000 0.000 0.000 0.001 0.000 0.000 0.000 0.000 0.000 0.000 -0.000 0.000
0.033 0.041 0.047 0.021 0.049 0.036 0.011 0.029 0.011 0.008 0.008 0.004 0.000 0.044 0.067 0.014 0.014 0.025 0.006 -0.004 0.000 0.026 0.023 0.010 0.001 0.003 0.007 0.001 0.009 0.008 0.035 0.016 0.011 0.027 0.053 0.012 0.015 0.038 0.001 0.047 0.011 0.041 0.014 0.015 0.051 0.011 0.010 0.014 0.023 0.001 0.012 0.014 -0.002 0.000 0.000 0.002 0.001 -0.000 0.027 0.004 0.000 -0.000 -0.000 0.015 0.000 0.000 0.000 0.001 0.000 -0.000 0.000 -0.000 -0.000 -0.000 0.000 0.000
0.037 0.046 0.055 0.015 0.056 0.039 0.029 0.006 0.011 0.012 0.005 0.023 0.019 0.056 0.024 0.014 0.020 0.054 0.003 0.012 0.002 0.000 0.002 0.000 0.000 0.001 0.003 -0.000 0.000 0.011 0.022 0.020 0.012 0.032 0.057 0.008 0.023 0.042 0.004 0.028 0.010 0.057 0.017 0.007 0.056 0.006 0.001 0.014 0.041 0.000 0.015 0.010 0.000 0.000 0.000 0.000 0.001 0.001 0.009 0.004 0.011 0.004 0.000 0.000 0.018 0.000 -0.000 0.000 0.001 0.000 -0.001 -0.001 0.000 0.000 0.001 0.000
0.035 0.047 0.069 0.011 0.050 0.057 0.021 0.005 0.012 0.013 0.005 0.040 0.068 0.008 0.007 0.009 0.085 0.008 0.000 0.000 0.000 0.000 0.000 0.000 0.000 0.000 0.000 0.000 0.000 0.000 0.011 0.004 0.020 0.044 0.074 0.005 0.021 0.021 0.021 0.030 0.014 0.053 0.026 0.006 0.055 0.006 0.000 0.019 0.041 0.000 0.024 0.001 0.000 0.000 0.000 0.000 0.000 0.000 0.003 0.008 0.012 0.007 0.000 0.000 0.003 0.011 0.003 0.000 0.000 -0.001 -0.001 -0.000 0.001 0.001 0.001 0.000
0.039 0.068 0.066 0.048 0.059 0.057 0.014 0.011 0.031 0.000 0.001 0.098 0.015 0.002 0.005 0.083 0.020 0.000 0.000 0.000 0.000 0.000 0.000 0.000 0.000 0.000 0.000 0.000 0.000 0.000 0.001 -0.000 0.021 0.031 0.046 0.012 0.062 0.018 0.023 0.027 0.009 0.044 0.035 0.013 0.047 0.020 0.000 0.032 0.012 0.016 0.025 0.001 0.000 0.000 0.000 0.000 0.000 0.000 0.003 0.005 0.001 0.019 0.001 0.001 0.002 0.004 0.001 0.004 0.001 0.001 -0.000 0.000 0.000 -0.000 -0.000 -0.000
0.030 0.071 0.059 0.114 0.031 0.020 0.042 0.046 0.033 0.000 0.001 0.100 0.013 0.002 0.005 0.101 0.002 0.000 0.000 0.000 0.000 0.000 0.000 0.000 0.000 0.000 0.000 0.000 0.000 0.000 0.000 0.000 0.015 0.018 0.038 0.012 0.064 0.030 0.034 0.029 0.010 0.030 0.045 0.013 0.027 0.044 0.000 0.031 0.008 0.030 0.015 0.001 0.000 0.000 0.000 0.000 0.000 0.000 0.006 0.002 0.001 0.019 0.002 0.001 0.001 0.003 0.000 0.003 0.001 0.000 0.002 0.000 0.000 -0.000 -0.000 0.000
0.029 0.046 0.086 0.133 0.024 0.018 0.064 0.014 0.053 0.001 0.021 0.081 0.012 0.002 0.104 0.004 0.000 0.000 0.000 0.000 0.000 0.000 0.000 0.000 0.000 0.000 0.000 0.000 0.000 0.000 0.000 0.000 0.011 0.010 0.030 0.017 0.050 0.047 0.032 0.036 0.024 0.024 0.039 0.013 0.023 0.054 0.007 0.024 0.006 0.036 0.010 0.001 0.000 0.000 0.000 0.000 0.000 0.000 0.007 0.001 0.001 0.019 0.004 0.000 0.000 0.003 0.000 0.003 0.001 0.000 0.001 0.001 0.001 -0.000 -0.000 0.000
0.020 0.028 0.125 0.068 0.008 0.080 0.100 0.009 0.044 0.054 0.031 0.024 0.017 0.043 0.069 0.001 0.000 0.000 0.000 0.000 0.000 0.000 0.000 0.000 0.000 0.000 0.000 0.000 0.000 0.000 0.000 0.000 0.006 0.010 0.019 0.015 0.034 0.079 0.027 0.034 0.035 0.020 0.028 0.016 0.030 0.025 0.049 0.013 0.003 0.040 0.009 0.000 0.000 0.000 0.000 0.000 0.000 0.000 0.007 0.001 0.004 0.018 0.003 0.000 0.000 0.003 0.002 0.001 0.000 0.001 0.000 0.001 0.000 0.000 0.000 0.000
0.018 0.026 0.143 0.058 0.007 0.007 0.134 0.019 0.054 0.105 0.011 0.013 0.019 0.110 0.003 0.000 0.000 0.000 0.000 0.000 0.000 0.000 0.000 0.000 0.000 0.000 0.000 0.000 0.000 0.000 0.000 0.000 0.004 0.008 0.009 0.010 0.027 0.040 0.069 0.049 0.042 0.016 0.022 0.023 0.039 0.017 0.054 0.012 0.002 0.040 0.009 0.000 0.000 0.000 0.000 0.000 0.000 0.001 0.006 0.003 0.002 0.018 0.002 0.000 0.000 0.007 0.000 0.000 0.000 0.000 0.000 0.001 0.000 0.000 0.000 0.000
0.023 0.029 0.163 0.059 0.001 0.008 0.067 0.027 0.102 0.122 0.010 0.010 0.049 0.082 0.003 0.000 0.000 0.000 0.000 0.000 0.000 0.000 0.000 0.000 0.000 0.000 0.000 0.000 0.000 0.000 0.000 0.001 0.002 0.007 0.007 0.010 0.023 0.035 0.064 0.045 0.050 0.021 0.020 0.041 0.035 0.012 0.029 0.039 0.002 0.028 0.014 0.000 0.000 0.008 0.000 -0.000 0.001 0.000 0.006 0.004 0.019 0.001 0.002 0.000 0.000 0.007 0.000 0.000 0.000 0.000 0.000 0.000 0.000 0.000 0.000 0.000
0.033 0.017 0.143 0.032 0.027 0.083 0.077 0.036 0.144 0.101 0.008 0.015 0.071 0.056 0.004 0.000 0.000 0.000 0.000 0.000 0.000 0.000 0.000 0.000 0.000 0.000 0.000 0.000 0.000 0.000 0.000 0.001 0.001 0.007 0.005 0.008 0.021 0.029 0.068 0.041 0.043 0.039 0.015 0.032 0.052 0.010 0.022 0.057 0.002 0.007 0.026 0.000 0.000 0.004 0.000 -0.001 0.005 0.000 0.007 0.003 0.023 0.000 -0.000 0.000 0.001 0.004 0.000 0.000 0.000 0.000 0.000 0.000 0.000 0.000 0.000 0.000
0.041 0.009 0.135 0.024 0.002 0.002 0.208 0.061 0.137 0.127 0.010 0.058 0.061 0.026 0.000 0.000 0.000 0.000 0.000 0.000 0.000 0.000 0.000 0.000 0.000 0.000 0.000 0.000 0.000 0.000 0.000 0.001 0.001 0.005 0.007 0.002 0.022 0.027 0.056 0.040 0.065 0.038 0.013 0.031 0.055 0.009 0.019 0.061 0.002 0.003 0.018 0.010 0.000 0.000 0.000 -0.000 0.006 0.002 0.011 0.004 0.017 0.000 0.000 0.000 0.005 0.000 0.000 0.000 0.000 0.000 0.001 0.000 0.000 0.000 0.000 0.000
0.096 0.012 0.111 0.035 0.003 0.011 0.055 0.187 0.122 0.149 0.033 0.080 0.051 0.021 0.000 0.000 0.000 0.000 0.000 0.000 0.000 0.000 0.000 0.000 0.000 0.000 0.000 0.000 0.000 0.000 0.000 0.001 0.002 0.003 0.007 0.001 0.014 0.027 0.065 0.035 0.069 0.028 0.024 0.030 0.054 0.009 0.018 0.060 0.003 0.002 0.003 0.026 0.000 0.000 0.000 0.000 0.004 0.015 0.016 0.000 0.005 0.000 0.001 0.000 0.005 0.000 0.000 0.000 0.000 0.000 0.001 0.000 0.000 0.000 0.000 0.005
