Data/res-0330.Qy
ncols         433
nrows         492
xllcorner     1194560.000000
yllcorner     -584483.500000
cellsize      25.000000
NODATA_value  -9999.000000
[rows 238 to 271 of 492, columns 228 to 303 of 433]
-0.001 -0.000 0.000 0.000 0.000 0.000 0.000 0.001 0.001 0.000 -0.000 0.000 0.000 0.001 0.000 0.002 0.000 -0.001 0.000 0.002 0.003 0.001 -0.001 0.000 0.001 0.012 0.010 0.000 0.000 0.000 -0.007 -0.003 0.000 0.000 0.007 0.007 0.011 0.004 0.013 0.030 0.012 0.024 0.061 0.013 0.007 0.007 0.006 0.008 0.011 0.003 0.003 0.012 -0.000 0.004 0.002 0.022 0.006 0.013 0.006 0.019 0.001 0.010 0.005 0.020 0.029 0.033 0.027 0.005 0.013 0.008 0.051 0.042 0.021 0.019 0.014 0.010
-0.001 0.000 0.002 0.000 0.000 0.000 -0.000 0.002 0.000 0.000 -0.000 -0.001 -0.001 -0.005 -0.001 -0.000 0.008 0.001 0.000 0.001 0.003 0.003 0.000 0.001 0.001 0.010 0.012 0.000 0.000 -0.001 -0.010 -0.001 0.001 0.001 0.006 0.006 0.010 0.005 0.010 0.036 0.012 0.021 0.050 0.021 0.012 0.006 0.008 0.015 0.002 0.002 0.007 0.013 0.000 0.004 0.001 0.020 0.004 0.002 0.007 0.004 0.003 0.019 0.006 0.011 0.042 0.010 0.019 0.041 0.008 0.013 0.043 0.021 0.006 0.039 0.024 0.008
0.008 -0.000 0.004 0.000 -0.000 -0.000 -0.005 -0.002 -0.000 0.000 0.000 0.000 0.001 0.000 0.001 0.000 0.003 0.000 0.001 0.003 0.005 0.006 0.000 0.000 0.002 0.011 0.012 0.000 -0.008 -0.010 -0.000 0.004 0.001 0.002 0.004 0.007 0.006 0.007 0.011 0.035 0.016 0.018 0.041 0.028 0.008 0.004 0.030 0.005 0.002 0.002 0.006 0.012 0.001 -0.000 -0.006 0.011 0.026 0.001 0.006 0.006 0.004 0.006 0.003 0.019 0.046 0.011 0.013 0.049 0.006 0.014 0.040 0.021 0.012 0.031 0.024 0.013
-0.000 0.010 0.007 0.001 0.004 0.000 -0.007 -0.000 -0.000 -0.000 0.000 0.000 0.004 0.000 0.001 0.000 0.002 0.000 -0.000 0.000 0.006 0.006 0.001 0.000 0.004 0.017 0.005 0.000 -0.017 -0.000 0.001 0.005 0.001 0.004 0.005 0.005 0.003 0.010 0.012 0.028 0.025 0.023 0.021 0.036 0.010 0.008 0.034 0.001 0.001 0.003 0.003 0.005 -0.004 -0.002 0.001 0.012 0.020 0.015 0.004 0.012 0.004 0.005 0.006 0.018 0.040 0.017 0.014 0.037 0.003 0.028 0.038 0.019 0.015 0.031 0.018 0.025
0.000 0.000 0.016 0.001 -0.000 -0.000 -0.000 -0.000 0.000 0.000 0.000 0.000 0.004 -0.000 0.000 0.000 0.000 0.001 0.000 0.000 0.006 0.004 0.003 0.000 0.001 0.000 0.001 0.003 0.003 0.003 0.002 0.003 0.002 0.004 0.008 0.004 0.003 0.012 0.020 0.027 0.016 0.010 0.004 0.015 0.023 0.030 0.039 0.004 0.001 -0.005 -0.008 -0.019 0.001 0.003 0.004 0.031 0.010 0.021 0.014 0.015 0.014 0.005 0.010 0.014 0.021 0.030 0.025 0.033 0.003 0.028 0.025 0.030 0.012 0.021 0.021 0.023
0.000 0.000 0.001 0.016 0.000 0.000 0.000 0.000 0.000 0.000 0.000 -0.000 0.002 0.000 0.001 0.000 0.000 0.000 0.002 0.000 0.004 0.002 0.005 0.000 -0.001 -0.003 0.002 0.004 0.005 0.003 0.003 0.001 0.003 0.005 0.006 0.006 0.009 0.019 0.023 0.014 0.010 0.010 0.006 0.010 0.010 0.012 0.008 0.036 0.003 0.001 -0.006 0.000 0.002 0.004 0.005 0.022 0.009 0.012 0.020 0.017 0.007 0.014 0.021 0.013 0.006 0.015 0.041 0.014 0.021 0.026 0.015 0.029 0.018 0.020 0.027 0.023
0.000 -0.000 -0.002 -0.013 0.007 0.005 0.007 0.003 0.004 0.001 -0.000 -0.009 -0.003 0.009 0.002 0.001 0.002 0.002 0.002 0.001 0.009 -0.000 -0.001 0.001 0.001 0.001 0.004 0.005 0.007 0.003 0.005 0.001 0.003 0.006 0.005 0.011 0.009 0.027 0.011 0.008 0.010 0.010 0.010 0.010 0.009 0.005 0.006 0.003 0.000 0.035 0.010 0.001 0.003 0.005 0.001 0.005 0.014 0.021 0.021 0.011 0.011 0.016 0.021 0.016 0.006 0.017 0.032 0.013 0.017 0.024 0.006 0.010 0.009 0.037 0.028 0.031
-0.030 0.000 0.000 0.000 0.001 0.011 0.002 0.002 0.010 0.010 -0.000 -0.028 -0.000 0.001 0.008 0.004 0.010 0.015 0.007 0.001 0.001 0.005 0.002 0.003 0.002 0.000 0.001 0.007 0.006 0.002 0.006 0.003 0.003 0.006 0.012 0.016 0.015 0.010 0.009 0.005 0.013 0.011 0.011 0.010 0.008 0.006 0.002 0.001 0.005 0.035 0.015 0.000 0.001 0.009 0.000 0.002 0.009 0.032 0.016 0.006 0.018 0.012 0.008 0.019 0.012 0.026 0.011 0.025 0.011 0.011 0.010 0.017 0.013 0.027 0.022 0.027
-0.017 0.000 0.000 0.000 -0.000 0.006 -0.001 -0.000 -0.000 0.001 0.000 -0.004 -0.000 0.000 -0.000 0.000 0.003 0.001 0.015 0.005 0.024 0.003 0.006 0.003 0.004 0.000 0.001 0.004 0.007 0.002 0.004 0.008 0.003 0.007 0.021 0.012 0.009 0.008 0.013 0.006 0.014 0.006 0.017 0.008 0.006 0.010 0.001 0.000 0.001 0.001 0.006 0.025 0.005 0.002 -0.013 -0.000 0.022 0.033 0.029 0.008 0.027 0.013 0.006 0.017 0.013 0.028 0.007 0.011 0.009 0.021 0.010 0.014 0.014 0.018 0.016 0.027
-0.010 0.000 0.000 0.000 -0.001 0.000 0.004 -0.000 -0.000 -0.002 -0.000 0.000 -0.000 0.000 0.000 0.000 -0.000 0.000 0.002 0.001 0.016 0.022 0.018 0.004 0.006 0.000 0.001 0.003 0.005 0.002 0.003 0.008 0.007 0.009 0.016 0.009 0.009 0.007 0.012 0.009 0.017 0.005 0.013 0.006 0.007 0.000 0.001 0.002 0.017 -0.000 -0.005 0.001 0.005 0.007 0.006 0.003 0.007 0.001 0.007 0.057 0.046 0.012 0.008 0.012 0.019 0.018 0.010 0.020 0.006 0.011 0.011 0.014 0.015 0.013 0.016 0.019
-0.006 0.000 0.000 -0.000 0.005 -0.001 0.000 0.001 0.006 0.001 0.000 0.000 0.000 -0.001 -0.000 0.001 -0.000 -0.001 0.000 0.001 0.006 0.009 0.027 0.021 0.003 0.001 0.001 0.005 0.002 0.002 0.003 0.008 0.010 0.010 0.012 0.010 0.009 0.006 0.013 0.012 0.013 0.007 0.014 0.003 0.006 0.002 0.002 0.004 0.006 0.001 0.000 0.004 0.006 0.005 0.007 0.004 0.008 0.002 0.008 0.032 0.016 0.017 0.019 0.018 0.018 0.015 0.011 0.010 0.001 0.013 0.033 0.018 0.014 0.007 0.006 0.014
-0.000 0.000 0.000 0.000 0.000 0.000 -0.000 0.001 0.004 0.006 0.001 0.001 0.000 -0.000 0.000 -0.002 -0.001 -0.000 -0.000 0.000 -0.000 0.000 0.004 0.012 0.025 0.006 0.004 0.015 0.004 0.002 -0.001 0.017 0.010 0.010 0.009 0.008 0.010 0.010 0.016 0.012 0.006 0.007 0.014 0.008 0.013 0.002 0.001 0.003 0.007 0.003 -0.001 -0.000 0.003 0.002 0.009 0.006 0.007 0.004 0.008 0.024 0.009 0.012 0.018 0.012 0.024 0.024 0.018 0.021 0.003 0.013 0.020 0.025 0.013 0.007 0.004 0.008
0.000 -0.000 0.000 0.000 0.000 -0.001 -0.001 -0.000 0.002 0.009 0.002 0.001 0.000 -0.002 -0.002 -0.000 0.001 -0.001 0.000 0.001 -0.000 -0.004 -0.000 0.001 0.002 0.006 0.005 0.011 0.005 0.009 0.007 0.015 0.011 0.017 0.015 0.013 0.012 0.014 0.021 0.015 0.005 0.007 0.014 0.005 0.007 0.005 0.003 0.003 0.010 0.003 0.006 0.000 -0.001 0.001 0.007 0.004 0.011 0.004 0.007 0.018 0.007 0.011 0.013 0.014 0.022 0.027 0.010 0.042 0.004 0.015 0.011 0.033 0.015 0.007 0.004 0.007
0.000 0.000 0.000 -0.000 0.000 0.000 -0.000 0.000 0.001 0.009 0.001 0.000 -0.001 -0.000 -0.001 0.000 -0.000 0.001 -0.000 -0.001 0.000 -0.002 -0.001 -0.000 0.001 0.004 0.005 0.010 0.005 0.010 0.007 0.015 0.007 0.005 0.024 0.007 0.016 0.016 0.013 0.005 0.002 0.007 0.012 0.016 0.010 0.007 0.005 0.008 0.008 0.006 0.011 0.002 0.002 0.001 0.008 0.004 0.010 0.003 -0.002 0.002 0.014 0.018 0.017 0.007 0.015 0.049 0.008 0.019 0.016 0.026 0.013 0.027 0.013 0.003 0.003 0.006
0.000 0.000 0.000 -0.000 0.000 -0.000 0.000 0.000 -0.000 0.005 0.000 0.001 0.000 -0.001 0.000 0.001 -0.000 0.002 -0.000 -0.000 -0.001 -0.001 -0.002 -0.000 0.002 0.004 0.006 0.006 0.007 0.009 0.009 0.014 0.007 0.006 0.022 0.006 0.003 0.026 0.010 0.010 0.003 0.002 0.002 0.001 0.002 0.002 0.001 0.012 0.003 0.050 0.008 0.003 -0.001 0.001 0.003 0.009 0.009 0.003 0.003 0.002 0.010 0.010 0.039 0.006 0.013 0.030 0.012 0.024 0.019 0.025 0.022 0.009 0.018 0.012 0.011 0.010
0.000 0.000 -0.000 0.000 0.000 0.000 0.000 0.000 -0.001 -0.002 0.001 0.006 0.001 0.002 0.000 0.001 0.000 0.001 0.001 -0.000 -0.001 -0.001 -0.002 -0.001 0.000 0.006 0.007 0.006 0.008 0.007 0.011 0.011 0.007 0.006 0.022 0.006 0.004 0.024 0.007 0.010 0.004 0.003 0.005 0.001 -0.000 0.001 0.002 0.009 0.005 0.006 0.007 0.012 0.001 0.037 0.003 0.003 0.005 0.011 0.010 0.003 0.009 0.011 0.025 0.007 0.012 0.028 0.003 0.033 0.013 0.039 0.026 0.007 0.015 0.011 0.007 0.011
0.000 0.000 -0.000 0.000 0.000 0.000 -0.001 0.000 -0.000 -0.007 -0.000 -0.000 0.012 0.001 0.000 0.001 0.001 0.002 0.000 0.000 -0.000 -0.001 -0.001 0.000 0.000 0.004 0.005 0.006 0.006 0.008 0.011 0.009 0.007 0.007 0.020 0.008 0.006 0.009 0.015 0.016 0.005 0.003 0.003 0.000 0.002 0.004 0.003 0.003 0.004 0.004 0.008 0.020 0.003 0.011 0.005 0.016 0.012 0.011 0.014 0.003 0.009 0.008 0.027 0.008 0.009 0.036 0.004 0.025 0.015 0.032 0.024 0.007 0.018 0.013 0.006 0.015
0.000 0.000 -0.000 0.000 0.000 0.000 -0.003 0.000 0.001 -0.008 -0.000 0.001 0.012 0.001 0.000 -0.000 0.001 0.004 0.000 0.000 -0.000 0.000 -0.000 0.000 0.000 0.002 0.002 0.004 0.006 0.008 0.011 0.009 0.008 0.008 0.019 0.007 0.007 0.008 0.012 0.013 0.005 0.007 0.003 0.008 0.001 0.002 0.003 -0.002 0.001 0.008 0.006 0.028 0.002 0.006 0.005 0.008 0.021 0.007 0.005 0.010 0.020 0.007 0.020 0.015 0.009 0.007 0.029 0.024 0.022 0.015 0.042 0.007 0.013 0.017 0.006 0.017
0.000 0.000 0.000 0.000 0.000 -0.004 0.001 0.000 0.000 -0.010 -0.000 -0.000 0.000 0.000 0.000 0.001 0.009 0.001 0.001 0.003 0.002 0.005 0.001 0.000 -0.002 0.001 0.002 0.002 0.005 0.008 0.008 0.012 0.007 0.012 0.016 0.006 0.007 0.006 0.004 0.013 0.002 0.002 0.003 0.029 0.003 0.001 0.000 0.003 0.003 0.007 0.007 0.013 0.007 0.008 0.007 0.009 0.017 0.011 0.006 0.007 0.007 0.006 0.022 0.020 0.022 0.006 0.024 0.025 0.027 0.018 0.026 0.012 0.014 0.013 0.013 0.022
0.000 0.000 0.000 0.000 -0.004 -0.004 -0.001 -0.005 0.000 0.001 -0.000 -0.001 -0.001 -0.001 -0.002 -0.001 0.001 -0.003 -0.000 0.001 0.022 0.008 0.000 -0.000 -0.005 0.001 0.003 0.002 0.004 0.006 0.006 0.007 0.007 0.014 0.016 0.007 0.008 0.008 0.006 0.009 0.005 0.002 0.005 0.003 0.002 0.016 0.015 -0.000 -0.001 0.010 0.004 0.005 0.007 0.003 0.011 0.012 0.018 0.008 0.007 0.011 0.010 0.006 0.003 0.029 0.025 0.010 0.022 0.025 0.028 0.022 0.019 0.016 0.019 0.013 0.013 0.025
0.000 0.000 -0.004 0.000 -0.005 -0.003 0.000 -0.000 0.000 0.000 0.000 -0.001 -0.001 -0.002 -0.004 -0.003 -0.000 0.003 -0.001 -0.003 -0.000 0.032 0.000 -0.006 -0.001 0.004 0.005 0.001 -0.002 0.002 0.010 0.012 0.010 0.010 0.017 0.007 0.009 0.008 0.006 0.007 0.008 0.003 0.005 0.000 0.001 0.002 0.030 0.006 0.000 0.007 0.001 0.003 0.006 0.006 0.006 0.006 0.018 0.010 0.008 0.011 0.011 0.011 0.003 0.019 0.020 0.009 0.034 0.023 0.026 0.028 0.016 0.010 0.018 0.017 0.020 0.025
-0.003 -0.002 0.002 0.000 -0.005 -0.003 0.000 0.000 0.000 0.000 -0.000 0.000 -0.003 -0.001 -0.004 -0.002 -0.001 -0.003 0.000 0.000 0.000 0.003 0.016 0.002 0.001 0.004 0.003 0.001 0.001 0.003 0.012 0.012 0.011 0.010 0.016 0.006 0.007 0.006 0.008 0.008 0.006 0.003 0.006 0.005 0.001 0.000 0.002 0.007 0.000 0.030 0.008 0.002 0.004 0.005 0.006 0.009 0.009 0.004 0.005 0.016 0.018 0.019 0.003 0.008 0.028 0.008 0.034 0.015 0.027 0.033 0.018 0.009 0.015 0.017 0.023 0.040
0.000 -0.000 0.000 0.000 -0.000 -0.000 -0.000 0.000 0.000 0.000 0.000 0.000 -0.004 -0.001 -0.005 -0.002 -0.001 -0.001 -0.000 -0.000 -0.000 0.001 0.016 0.002 0.001 0.003 0.005 0.002 0.002 0.003 0.010 0.006 0.016 0.007 0.013 0.009 0.007 0.006 0.012 0.008 0.006 0.004 0.006 0.004 0.001 0.000 0.005 0.008 0.002 0.016 0.019 0.001 0.004 0.008 0.007 0.006 0.008 0.006 0.007 0.012 0.003 0.005 0.033 0.010 0.031 0.005 0.007 0.019 0.014 0.034 0.021 0.015 0.028 0.025 0.037 0.040
0.000 0.000 0.000 0.000 -0.000 -0.000 -0.001 -0.000 -0.000 0.001 0.000 -0.006 -0.008 0.000 0.000 0.001 -0.000 -0.000 0.000 0.000 0.000 0.001 -0.003 0.000 0.001 0.017 0.012 0.000 0.002 0.004 0.010 0.007 0.014 0.007 0.013 0.010 0.007 0.007 0.011 0.008 0.005 0.003 0.005 0.003 0.006 0.000 0.003 0.003 0.006 0.003 0.000 0.016 0.011 0.017 0.009 0.006 0.006 0.005 0.013 0.010 0.003 0.006 0.011 0.011 0.012 0.039 0.010 0.013 0.011 0.016 0.022 0.018 0.035 0.031 0.045 0.049
0.001 -0.009 0.019 0.000 -0.022 -0.007 0.020 0.001 0.002 0.001 -0.002 -0.005 0.000 0.000 0.000 -0.000 -0.000 -0.000 0.001 0.001 0.000 -0.002 -0.000 0.000 0.002 0.005 0.002 0.003 0.018 0.004 0.009 0.007 0.008 0.012 0.016 0.011 0.007 0.007 0.006 0.006 0.012 0.003 0.006 0.001 0.003 -0.005 -0.000 0.003 0.020 0.004 0.001 0.004 0.002 0.037 0.005 0.004 0.004 0.003 0.021 0.005 0.001 0.012 0.008 0.009 0.018 0.002 0.049 0.007 0.009 0.014 0.022 0.019 0.038 0.039 0.045 0.049
-0.000 0.000 0.000 0.003 -0.000 -0.001 -0.000 -0.000 0.036 0.009 0.007 -0.001 0.000 -0.000 0.000 0.000 0.000 0.000 0.000 0.001 0.000 -0.004 -0.000 0.002 0.003 0.004 0.002 0.004 0.007 0.005 0.021 0.006 0.009 0.011 0.009 0.013 0.012 0.007 0.006 0.007 0.015 0.002 0.004 0.001 -0.001 0.000 -0.000 0.005 0.011 0.002 0.005 0.005 0.006 0.027 0.010 0.009 0.005 0.003 0.013 0.010 0.003 0.010 0.006 0.009 0.024 0.002 0.011 0.002 0.031 0.013 0.027 0.027 0.039 0.046 0.049 0.052
0.004 0.000 0.000 0.000 0.000 0.000 0.000 0.000 0.001 0.030 0.023 0.001 0.000 -0.000 0.000 0.000 0.000 -0.002 -0.001 0.000 0.000 0.001 0.000 -0.000 0.001 0.006 0.003 0.004 0.006 0.005 0.020 0.005 0.011 0.010 0.009 0.008 0.013 0.008 0.008 0.008 0.011 0.003 0.006 0.001 0.000 0.001 0.000 0.009 0.004 0.003 0.005 0.004 0.009 0.023 0.005 0.005 0.006 0.005 0.013 0.017 0.003 0.010 0.006 0.007 0.010 0.017 0.007 0.006 0.032 0.013 0.026 0.030 0.044 0.046 0.051 0.053
0.006 0.000 0.000 0.000 0.000 0.000 0.000 0.000 0.000 0.013 0.040 0.000 0.000 0.000 -0.000 -0.001 0.000 -0.001 -0.001 -0.000 0.000 0.000 0.002 0.000 0.002 0.004 0.005 0.003 0.007 0.005 0.009 0.010 0.016 0.010 0.011 0.008 0.010 0.009 0.013 0.010 0.005 0.004 0.005 0.002 0.001 0.003 0.000 0.007 0.001 -0.004 0.003 0.007 0.013 0.008 0.013 0.015 0.010 0.006 0.005 0.009 0.007 0.021 0.005 0.002 0.014 0.019 0.007 0.008 0.028 0.016 0.024 0.037 0.040 0.046 0.052 0.051
-0.000 0.002 0.004 0.000 0.000 0.000 0.000 0.000 0.000 0.000 0.053 -0.000 -0.001 -0.000 -0.001 0.001 0.000 -0.000 -0.000 0.000 -0.000 0.000 0.003 0.000 0.000 0.006 0.005 0.003 0.006 0.008 0.008 0.011 0.011 0.010 0.012 0.009 0.005 0.006 0.028 0.005 0.003 0.004 0.007 0.003 0.001 0.004 0.000 -0.015 -0.000 -0.000 0.010 0.012 0.014 0.008 0.015 0.013 0.013 0.012 0.005 0.008 0.008 0.019 0.010 0.002 0.010 0.020 0.006 0.013 0.026 0.020 0.034 0.037 0.041 0.046 0.050 0.054
-0.000 0.000 0.002 0.005 0.000 0.000 0.000 0.000 0.000 0.000 0.001 0.036 0.003 -0.003 -0.007 0.012 0.011 0.001 0.000 -0.002 0.000 0.000 0.003 0.000 0.001 0.005 0.004 0.004 0.007 0.008 0.015 0.010 0.008 0.009 0.016 0.006 0.005 0.007 0.030 0.005 0.003 0.005 0.005 0.001 0.001 0.001 -0.009 -0.003 0.000 0.001 0.005 0.003 0.010 0.011 0.017 0.010 0.008 0.020 0.013 0.007 0.009 0.015 0.004 0.011 0.008 0.018 0.007 0.017 0.031 0.027 0.031 0.038 0.042 0.045 0.049 0.054
-0.000 0.000 0.000 0.008 0.000 0.000 0.000 0.000 -0.001 0.000 -0.000 0.001 0.012 0.000 0.000 0.004 0.002 0.010 0.008 0.013 0.002 0.001 0.000 0.002 0.003 0.005 0.003 0.005 0.006 0.008 0.016 0.009 0.007 0.009 0.017 0.006 0.005 0.008 0.031 0.003 0.002 0.009 0.001 0.000 -0.000 -0.002 -0.011 0.006 0.001 0.001 0.001 0.001 0.010 0.011 0.019 0.012 0.009 0.010 0.008 0.008 0.023 0.019 0.004 0.013 0.007 0.018 0.008 0.023 0.027 0.033 0.036 0.034 0.044 0.046 0.048 0.054
-0.000 0.000 0.000 0.008 0.001 0.000 0.000 0.000 -0.001 0.000 0.000 -0.000 0.013 0.000 0.000 0.000 0.000 0.004 0.000 0.000 0.009 0.015 0.007 0.002 0.004 0.006 0.004 0.006 0.007 0.009 0.016 0.008 0.007 0.006 0.017 0.005 0.007 0.007 0.005 0.004 -0.006 0.000 0.004 0.001 -0.000 0.009 0.004 0.018 0.002 0.004 0.004 0.001 0.007 0.010 0.016 0.009 0.011 0.012 0.010 0.010 0.017 0.020 0.007 0.010 0.013 0.020 0.019 0.023 0.032 0.037 0.034 0.041 0.042 0.049 0.050 0.050
0.000 -0.000 -0.002 0.000 0.001 0.000 0.010 0.000 0.000 0.000 0.000 0.000 0.012 0.000 0.001 0.001 0.001 0.004 0.000 0.000 0.005 0.003 0.006 0.012 0.008 0.006 0.006 0.008 0.007 0.011 0.014 0.008 0.007 0.006 0.016 0.004 0.006 0.005 0.001 0.001 0.003 0.001 -0.001 -0.000 0.000 0.011 0.005 0.000 0.002 0.019 0.003 0.002 0.010 0.013 0.018 0.008 0.009 0.017 0.008 0.009 0.010 0.016 0.007 0.015 0.020 0.024 0.022 0.027 0.030 0.032 0.037 0.038 0.042 0.045 0.049 0.056
0.000 -0.004 0.000 0.001 -0.000 0.000 0.008 0.005 0.000 -0.001 0.000 0.001 0.012 -0.000 -0.000 0.003 0.001 0.002 0.001 0.001 0.003 0.003 0.003 0.003 0.010 0.014 0.007 0.008 0.011 0.009 0.013 0.007 0.008 0.011 0.008 0.004 0.010 0.006 0.001 0.002 0.003 0.000 -0.000 -0.000 0.000 0.001 0.016 -0.000 0.002 0.006 0.006 0.004 0.012 0.014 0.013 0.008 0.010 0.009 0.015 0.013 0.010 0.013 0.011 0.015 0.028 0.030 0.030 0.031 0.031 0.037 0.037 0.043 0.041 0.047 0.049 0.049
