Data/res-0290.Qx
ncols         434
nrows         491
xllcorner     1194547.500000
yllcorner     -584471.000000
cellsize      25.000000
NODATA_value  -9999.000000
[rows 170 to 203 of 491, columns 228 to 303 of 434]
0.000 0.000 0.000 0.000 0.000 0.000 0.000 0.000 0.001 0.024 0.038 0.046 0.044 0.022 0.028 0.031 0.057 0.039 0.039 0.037 0.040 0.036 0.025 0.015 0.019 0.017 0.018 0.022 0.034 0.049 0.042 0.011 0.016 0.018 0.020 0.035 0.029 0.034 0.027 0.019 0.017 0.025 0.058 0.050 0.036 0.041 0.055 0.042 0.042 0.025 0.028 0.045 0.050 0.028 0.020 0.021 0.031 0.062 0.022 0.022 0.021 0.045 0.047 0.052 0.041 0.038 0.039 0.026 0.025 0.024 0.027 0.044 0.069 0.011 0.016 0.041
0.000 0.000 0.000 0.000 0.000 0.000 0.000 0.001 0.005 0.023 0.052 0.079 0.066 0.038 0.050 0.052 0.036 0.024 0.019 0.019 0.021 0.027 0.023 0.018 0.023 0.017 0.022 0.050 0.035 0.024 0.018 0.012 0.012 0.012 0.040 0.042 0.020 0.021 0.025 0.025 0.027 0.041 0.024 0.020 0.027 0.027 0.023 0.040 0.036 0.032 0.036 0.034 0.033 0.048 0.047 0.057 0.084 0.050 0.055 0.049 0.059 0.052 0.056 0.054 0.054 0.043 0.026 0.025 0.030 0.043 0.038 0.031 0.040 0.093 0.065 0.029
0.000 0.000 0.000 0.000 0.000 0.000 0.000 0.002 0.033 0.053 0.064 0.076 0.040 0.042 0.048 0.047 0.032 0.023 0.018 0.032 0.029 0.019 0.022 0.034 0.028 0.019 0.027 0.026 0.026 0.032 0.031 0.019 0.019 0.020 0.044 0.029 0.017 0.017 0.022 0.024 0.025 0.037 0.012 0.008 0.010 0.012 0.027 0.031 0.030 0.023 0.011 0.009 0.011 0.027 0.053 0.054 0.024 0.020 0.021 0.031 0.025 0.023 0.020 0.021 0.021 0.021 0.025 0.035 0.040 0.029 0.008 0.009 0.009 0.038 0.063 0.015
0.000 0.000 0.000 0.000 0.000 0.001 0.003 0.016 0.042 0.054 0.059 0.029 0.029 0.032 0.042 0.058 0.029 0.039 0.047 0.027 0.033 0.027 0.039 0.031 0.040 0.058 0.026 0.012 0.017 0.031 0.067 0.061 0.062 0.060 0.014 0.015 0.016 0.026 0.026 0.033 0.034 0.056 0.063 0.064 0.061 0.045 0.031 0.029 0.033 0.014 0.012 0.011 0.015 0.025 0.052 0.047 0.026 0.010 0.010 0.010 0.014 0.017 0.020 0.026 0.032 0.040 0.068 0.062 0.017 0.017 0.032 0.019 0.023 0.026 0.018 0.022
0.000 0.000 0.000 0.000 0.000 0.001 0.019 0.045 0.054 0.047 0.043 0.041 0.066 0.059 0.050 0.035 0.025 0.037 0.047 0.108 0.068 0.031 0.019 0.018 0.018 0.015 0.010 0.016 0.030 0.034 0.028 0.026 0.025 0.028 0.014 0.014 0.014 0.025 0.039 0.019 0.017 0.010 0.011 0.015 0.015 0.028 0.035 0.017 0.015 0.043 0.039 0.037 0.036 0.030 0.057 0.071 0.074 0.047 0.028 0.027 0.031 0.034 0.034 0.020 0.018 0.036 0.025 0.021 0.030 0.026 0.047 0.062 0.056 0.047 0.032 0.049
0.000 0.001 0.001 0.005 0.016 0.039 0.061 0.071 0.082 0.076 0.074 0.092 0.070 0.056 0.056 0.091 0.161 0.123 0.114 0.046 0.037 0.040 0.033 0.036 0.028 0.029 0.049 0.039 0.038 0.042 0.025 0.021 0.020 0.020 0.025 0.032 0.037 0.029 0.010 0.012 0.010 0.034 0.029 0.021 0.016 0.013 0.010 0.021 0.022 0.020 0.049 0.080 0.090 0.102 0.082 0.071 0.076 0.097 0.102 0.053 0.023 0.014 0.015 0.024 0.052 0.038 0.023 0.023 0.051 0.061 0.025 0.015 0.014 0.017 0.034 0.109
0.001 0.005 0.016 0.032 0.063 0.076 0.090 0.093 0.102 0.107 0.089 0.084 0.073 0.079 0.082 0.073 0.046 0.041 0.018 0.012 0.012 0.016 0.037 0.058 0.076 0.072 0.056 0.036 0.028 0.046 0.029 0.026 0.043 0.041 0.041 0.042 0.051 0.031 0.013 0.011 0.006 0.021 0.013 0.018 0.038 0.044 0.026 0.015 0.015 0.025 0.052 0.095 0.108 0.083 0.044 0.025 0.024 0.027 0.034 0.078 0.064 0.066 0.083 0.079 0.023 0.017 0.022 0.022 0.014 0.009 0.019 0.020 0.020 0.044 0.088 0.064
0.015 0.027 0.034 0.061 0.068 0.086 0.090 0.094 0.116 0.083 0.068 0.053 0.044 0.049 0.059 0.036 0.024 0.013 0.017 0.029 0.040 0.046 0.039 0.024 0.013 0.018 0.018 0.014 0.012 0.016 0.023 0.029 0.020 0.021 0.023 0.040 0.012 0.011 0.016 0.016 0.015 0.005 0.015 0.018 0.010 0.009 0.010 0.009 0.010 0.014 0.039 0.028 0.027 0.025 0.022 0.020 0.021 0.023 0.022 0.023 0.057 0.045 0.024 0.024 0.046 0.051 0.051 0.053 0.055 0.025 0.020 0.027 0.049 0.082 0.042 0.039
0.021 0.024 0.041 0.055 0.068 0.065 0.059 0.061 0.033 0.045 0.040 0.033 0.032 0.038 0.048 0.030 0.023 0.025 0.040 0.037 0.057 0.047 0.037 0.036 0.021 0.018 0.020 0.026 0.035 0.036 0.039 0.037 0.037 0.046 0.052 0.079 0.073 0.059 0.029 0.029 0.064 0.018 0.015 0.017 0.020 0.023 0.041 0.040 0.038 0.041 0.043 0.016 0.011 0.013 0.023 0.028 0.026 0.026 0.058 0.057 0.048 0.023 0.024 0.025 0.039 0.039 0.026 0.023 0.023 0.028 0.044 0.080 0.102 0.055 0.044 0.031
0.023 0.024 0.029 0.036 0.047 0.062 0.053 0.051 0.036 0.038 0.043 0.051 0.070 0.043 0.033 0.029 0.030 0.032 0.027 0.025 0.011 0.014 0.021 0.029 0.035 0.025 0.023 0.020 0.026 0.016 0.025 0.023 0.023 0.023 0.027 0.105 0.127 0.141 0.157 0.143 0.117 0.075 0.044 0.023 0.024 0.025 0.029 0.053 0.077 0.102 0.081 0.052 0.026 0.024 0.027 0.041 0.045 0.065 0.047 0.048 0.056 0.070 0.018 0.019 0.030 0.026 0.035 0.034 0.032 0.060 0.091 0.064 0.019 0.016 0.027 0.034
0.010 0.011 0.026 0.028 0.030 0.029 0.033 0.041 0.041 0.045 0.043 0.057 0.043 0.044 0.042 0.043 0.035 0.040 0.036 0.025 0.018 0.036 0.032 0.037 0.028 0.029 0.034 0.038 0.035 0.015 0.016 0.015 0.025 0.086 0.164 0.049 0.046 0.063 0.076 0.110 0.106 0.111 0.113 0.031 0.011 0.010 0.013 0.013 0.055 0.095 0.077 0.067 0.070 0.066 0.054 0.047 0.050 0.031 0.021 0.020 0.022 0.031 0.074 0.081 0.055 0.035 0.040 0.054 0.059 0.065 0.046 0.019 0.020 0.021 0.019 0.024
0.069 0.071 0.053 0.041 0.040 0.037 0.048 0.046 0.050 0.060 0.061 0.037 0.031 0.083 0.048 0.058 0.055 0.051 0.037 0.034 0.036 0.046 0.033 0.019 0.015 0.025 0.038 0.052 0.046 0.033 0.022 0.018 0.021 0.078 0.017 0.012 0.015 0.009 0.012 0.021 0.020 0.032 0.051 0.021 0.006 0.006 0.011 0.012 0.027 0.026 0.015 0.017 0.024 0.023 0.020 0.018 0.021 0.023 0.029 0.017 0.014 0.037 0.043 0.025 0.023 0.029 0.033 0.052 0.106 0.124 0.116 0.130 0.110 0.080 0.058 0.059
0.038 0.037 0.039 0.037 0.033 0.037 0.067 0.060 0.055 0.060 0.067 0.073 0.094 0.051 0.050 0.061 0.058 0.036 0.036 0.033 0.041 0.016 0.014 0.009 0.009 0.009 0.039 0.053 0.042 0.032 0.036 0.050 0.046 0.019 0.015 0.019 0.014 0.012 0.017 0.005 0.006 0.016 0.013 0.078 0.020 0.023 0.020 0.046 0.035 0.013 0.017 0.019 0.022 0.026 0.037 0.038 0.038 0.042 0.037 0.032 0.032 0.021 0.022 0.022 0.023 0.041 0.076 0.087 0.048 0.027 0.029 0.025 0.023 0.043 0.069 0.081
0.027 0.026 0.038 0.034 0.034 0.037 0.031 0.036 0.042 0.046 0.039 0.039 0.050 0.064 0.069 0.062 0.069 0.099 0.129 0.142 0.122 0.054 0.031 0.012 0.009 0.046 0.034 0.028 0.035 0.043 0.043 0.052 0.054 0.015 0.015 0.013 0.014 0.018 0.019 0.018 0.019 0.017 0.020 0.073 0.064 0.031 0.029 0.039 0.052 0.034 0.017 0.015 0.016 0.022 0.022 0.020 0.023 0.017 0.019 0.035 0.024 0.017 0.024 0.036 0.040 0.054 0.056 0.017 0.017 0.007 0.005 0.007 0.013 0.017 0.018 0.016
0.024 0.030 0.031 0.028 0.038 0.051 0.045 0.052 0.058 0.064 0.071 0.084 0.074 0.069 0.068 0.090 0.071 0.070 0.071 0.072 0.075 0.114 0.087 0.054 0.056 0.059 0.054 0.041 0.033 0.028 0.028 0.023 0.023 0.026 0.049 0.043 0.041 0.034 0.030 0.029 0.028 0.013 0.013 0.012 0.050 0.041 0.042 0.129 0.086 0.055 0.045 0.030 0.022 0.017 0.015 0.025 0.027 0.027 0.029 0.034 0.051 0.045 0.024 0.024 0.059 0.075 0.028 0.026 0.016 0.010 0.009 0.020 0.013 0.017 0.017 0.009
0.026 0.047 0.056 0.072 0.061 0.055 0.046 0.046 0.064 0.058 0.058 0.058 0.061 0.071 0.061 0.046 0.048 0.038 0.038 0.029 0.035 0.058 0.107 0.131 0.096 0.054 0.042 0.029 0.028 0.028 0.027 0.021 0.027 0.035 0.078 0.090 0.086 0.073 0.060 0.034 0.033 0.048 0.054 0.057 0.083 0.118 0.158 0.063 0.031 0.024 0.021 0.020 0.022 0.024 0.022 0.020 0.041 0.032 0.031 0.034 0.039 0.054 0.075 0.103 0.083 0.038 0.008 0.005 0.006 0.018 0.019 0.018 0.053 0.059 0.047 0.033
0.018 0.041 0.052 0.060 0.067 0.061 0.051 0.067 0.066 0.069 0.077 0.067 0.059 0.044 0.049 0.038 0.045 0.029 0.013 0.016 0.020 0.023 0.035 0.059 0.087 0.045 0.024 0.023 0.023 0.027 0.021 0.028 0.025 0.034 0.051 0.031 0.032 0.037 0.038 0.051 0.026 0.019 0.018 0.026 0.053 0.072 0.052 0.017 0.016 0.015 0.020 0.034 0.030 0.029 0.029 0.058 0.039 0.034 0.035 0.030 0.032 0.041 0.114 0.101 0.087 0.058 0.019 0.006 0.007 0.007 0.108 0.113 0.104 0.100 0.103 0.091
0.047 0.043 0.048 0.060 0.069 0.084 0.134 0.120 0.076 0.060 0.053 0.056 0.053 0.056 0.052 0.044 0.047 0.037 0.028 0.032 0.035 0.044 0.053 0.051 0.059 0.059 0.035 0.034 0.033 0.022 0.017 0.016 0.058 0.099 0.022 0.021 0.020 0.018 0.021 0.021 0.029 0.019 0.018 0.013 0.036 0.047 0.023 0.025 0.026 0.039 0.049 0.049 0.031 0.030 0.042 0.048 0.041 0.046 0.049 0.068 0.053 0.054 0.023 0.020 0.020 0.053 0.045 0.071 0.108 0.115 0.025 0.024 0.022 0.017 0.016 0.039
0.025 0.031 0.044 0.048 0.065 0.053 0.055 0.034 0.042 0.049 0.059 0.072 0.116 0.096 0.084 0.058 0.033 0.028 0.021 0.032 0.031 0.028 0.021 0.022 0.040 0.080 0.089 0.111 0.133 0.161 0.171 0.160 0.128 0.076 0.034 0.028 0.028 0.028 0.024 0.023 0.026 0.030 0.030 0.042 0.042 0.029 0.025 0.024 0.025 0.024 0.027 0.032 0.069 0.071 0.064 0.028 0.032 0.052 0.056 0.060 0.075 0.067 0.018 0.014 0.016 0.027 0.102 0.085 0.044 0.033 0.018 0.016 0.020 0.026 0.037 0.042
0.021 0.029 0.054 0.046 0.030 0.030 0.023 0.026 0.059 0.070 0.073 0.128 0.082 0.083 0.120 0.135 0.122 0.103 0.095 0.066 0.044 0.033 0.036 0.039 0.032 0.049 0.076 0.096 0.092 0.066 0.054 0.047 0.049 0.024 0.029 0.034 0.037 0.040 0.030 0.025 0.020 0.028 0.035 0.033 0.050 0.052 0.053 0.040 0.041 0.033 0.032 0.034 0.027 0.027 0.041 0.061 0.073 0.063 0.054 0.038 0.033 0.035 0.028 0.021 0.022 0.025 0.035 0.015 0.017 0.031 0.041 0.033 0.033 0.034 0.045 0.044
0.048 0.055 0.020 0.038 0.030 0.059 0.053 0.088 0.084 0.095 0.114 0.070 0.074 0.116 0.115 0.096 0.109 0.120 0.113 0.097 0.046 0.043 0.033 0.037 0.031 0.026 0.030 0.045 0.037 0.033 0.033 0.039 0.046 0.037 0.043 0.043 0.029 0.028 0.038 0.039 0.029 0.024 0.029 0.026 0.056 0.056 0.057 0.032 0.038 0.041 0.041 0.039 0.037 0.045 0.072 0.058 0.022 0.020 0.021 0.039 0.032 0.026 0.043 0.046 0.048 0.047 0.043 0.049 0.046 0.016 0.015 0.031 0.036 0.055 0.064 0.068
0.016 0.018 0.017 0.030 0.036 0.040 0.056 0.115 0.093 0.082 0.088 0.049 0.060 0.046 0.039 0.038 0.036 0.051 0.058 0.056 0.095 0.034 0.032 0.019 0.017 0.028 0.031 0.020 0.022 0.024 0.028 0.031 0.056 0.062 0.047 0.043 0.055 0.044 0.042 0.039 0.045 0.030 0.011 0.006 0.013 0.018 0.021 0.056 0.029 0.023 0.028 0.032 0.041 0.074 0.093 0.087 0.081 0.071 0.083 0.042 0.042 0.038 0.030 0.015 0.008 0.007 0.009 0.032 0.035 0.039 0.040 0.041 0.042 0.103 0.085 0.060
0.015 0.021 0.035 0.030 0.054 0.045 0.060 0.044 0.056 0.059 0.048 0.040 0.065 0.057 0.047 0.039 0.026 0.009 0.008 0.023 0.025 0.033 0.028 0.029 0.032 0.027 0.027 0.029 0.025 0.026 0.032 0.056 0.045 0.027 0.030 0.025 0.028 0.047 0.060 0.075 0.075 0.032 0.035 0.036 0.037 0.029 0.029 0.028 0.041 0.043 0.053 0.066 0.102 0.101 0.044 0.046 0.072 0.096 0.102 0.111 0.087 0.052 0.028 0.011 0.016 0.028 0.024 0.014 0.015 0.047 0.139 0.130 0.123 0.041 0.030 0.060
0.019 0.026 0.030 0.058 0.089 0.079 0.065 0.077 0.067 0.068 0.138 0.114 0.053 0.025 0.003 0.006 0.014 0.013 0.010 0.015 0.025 0.076 0.045 0.041 0.043 0.051 0.073 0.036 0.029 0.027 0.034 0.074 0.037 0.026 0.028 0.039 0.037 0.037 0.034 0.033 0.067 0.107 0.132 0.176 0.126 0.111 0.045 0.039 0.048 0.088 0.118 0.115 0.070 0.031 0.019 0.019 0.018 0.048 0.025 0.018 0.024 0.033 0.040 0.063 0.058 0.044 0.033 0.038 0.042 0.041 0.024 0.034 0.037 0.038 0.042 0.049
0.038 0.047 0.085 0.065 0.034 0.049 0.045 0.058 0.052 0.049 0.041 0.046 0.044 0.034 0.019 0.026 0.015 0.017 0.017 0.016 0.031 0.042 0.064 0.070 0.101 0.098 0.049 0.034 0.030 0.037 0.048 0.032 0.036 0.032 0.033 0.040 0.041 0.046 0.058 0.062 0.069 0.103 0.108 0.079 0.070 0.073 0.138 0.129 0.129 0.104 0.065 0.041 0.030 0.028 0.030 0.030 0.070 0.023 0.026 0.028 0.028 0.013 0.013 0.020 0.020 0.018 0.033 0.044 0.046 0.119 0.038 0.013 0.011 0.019 0.028 0.020
0.052 0.059 0.048 0.046 0.045 0.059 0.102 0.034 0.039 0.025 0.042 0.046 0.039 0.026 0.021 0.004 0.004 0.013 0.019 0.019 0.025 0.084 0.115 0.109 0.065 0.030 0.017 0.015 0.028 0.066 0.102 0.061 0.031 0.022 0.023 0.033 0.037 0.046 0.041 0.032 0.028 0.082 0.096 0.072 0.074 0.070 0.065 0.085 0.080 0.061 0.042 0.037 0.039 0.043 0.060 0.085 0.039 0.039 0.044 0.060 0.057 0.050 0.038 0.015 0.017 0.030 0.074 0.139 0.131 0.038 0.037 0.023 0.020 0.013 0.012 0.031
0.044 0.059 0.058 0.064 0.077 0.081 0.048 0.048 0.062 0.085 0.026 0.048 0.037 0.031 0.030 0.022 0.014 0.004 0.003 0.002 0.006 0.024 0.030 0.032 0.032 0.024 0.026 0.033 0.037 0.075 0.069 0.060 0.059 0.045 0.039 0.034 0.056 0.051 0.049 0.050 0.048 0.092 0.091 0.095 0.051 0.044 0.046 0.042 0.035 0.033 0.033 0.035 0.038 0.061 0.078 0.046 0.041 0.031 0.030 0.025 0.020 0.027 0.029 0.040 0.048 0.113 0.113 0.048 0.044 0.036 0.036 0.040 0.034 0.021 0.019 0.014
0.044 0.054 0.056 0.054 0.057 0.061 0.081 0.088 0.117 0.092 0.012 0.011 0.012 0.023 0.027 0.055 0.027 0.027 0.025 0.019 0.015 0.024 0.013 0.014 0.016 0.033 0.063 0.104 0.147 0.085 0.041 0.036 0.034 0.051 0.057 0.062 0.050 0.040 0.040 0.098 0.103 0.043 0.029 0.031 0.057 0.054 0.046 0.033 0.032 0.034 0.035 0.048 0.073 0.066 0.027 0.027 0.030 0.040 0.036 0.034 0.047 0.026 0.050 0.114 0.142 0.096 0.049 0.039 0.026 0.016 0.015 0.027 0.036 0.044 0.040 0.030
0.131 0.095 0.101 0.141 0.147 0.109 0.070 0.039 0.036 0.027 0.030 0.028 0.042 0.046 0.047 0.041 0.070 0.042 0.041 0.054 0.050 0.015 0.020 0.021 0.025 0.050 0.146 0.114 0.067 0.051 0.038 0.032 0.029 0.037 0.033 0.056 0.039 0.039 0.046 0.142 0.133 0.072 0.032 0.025 0.023 0.022 0.025 0.044 0.054 0.058 0.091 0.093 0.085 0.067 0.064 0.061 0.066 0.038 0.039 0.040 0.048 0.132 0.167 0.138 0.105 0.040 0.019 0.019 0.024 0.043 0.028 0.027 0.019 0.020 0.043 0.069
0.050 0.058 0.071 0.056 0.038 0.048 0.038 0.034 0.036 0.036 0.047 0.047 0.063 0.043 0.035 0.038 0.047 0.032 0.028 0.022 0.035 0.023 0.029 0.036 0.042 0.095 0.061 0.051 0.038 0.040 0.046 0.053 0.063 0.033 0.026 0.034 0.035 0.043 0.122 0.028 0.031 0.037 0.033 0.030 0.028 0.044 0.049 0.067 0.062 0.065 0.075 0.069 0.029 0.028 0.028 0.030 0.029 0.074 0.071 0.063 0.111 0.108 0.070 0.010 0.006 0.041 0.051 0.054 0.020 0.021 0.037 0.040 0.047 0.053 0.044 0.032
0.047 0.070 0.051 0.046 0.050 0.109 0.106 0.122 0.074 0.077 0.053 0.035 0.027 0.036 0.056 0.045 0.036 0.069 0.047 0.049 0.067 0.052 0.070 0.103 0.145 0.097 0.025 0.027 0.036 0.040 0.043 0.067 0.065 0.070 0.079 0.022 0.022 0.025 0.069 0.027 0.025 0.025 0.031 0.035 0.035 0.057 0.091 0.073 0.069 0.080 0.050 0.047 0.072 0.065 0.050 0.046 0.044 0.026 0.031 0.054 0.033 0.018 0.011 0.024 0.009 0.008 0.009 0.008 0.050 0.066 0.114 0.121 0.122 0.061 0.030 0.023
0.044 0.053 0.053 0.050 0.105 0.044 0.061 0.062 0.061 0.052 0.051 0.060 0.032 0.022 0.012 0.013 0.032 0.045 0.064 0.073 0.069 0.048 0.057 0.093 0.059 0.045 0.036 0.032 0.029 0.035 0.032 0.020 0.022 0.040 0.070 0.085 0.088 0.091 0.037 0.029 0.026 0.032 0.040 0.043 0.047 0.067 0.048 0.049 0.077 0.059 0.052 0.043 0.040 0.044 0.051 0.053 0.054 0.036 0.041 0.054 0.016 0.018 0.022 0.021 0.030 0.023 0.027 0.040 0.053 0.097 0.052 0.028 0.023 0.056 0.042 0.040
0.095 0.073 0.067 0.087 0.033 0.037 0.036 0.050 0.067 0.080 0.087 0.071 0.076 0.056 0.029 0.030 0.029 0.037 0.053 0.042 0.022 0.017 0.063 0.051 0.043 0.029 0.028 0.034 0.033 0.037 0.037 0.036 0.040 0.070 0.098 0.141 0.163 0.156 0.056 0.039 0.035 0.035 0.043 0.083 0.098 0.055 0.038 0.037 0.052 0.057 0.063 0.076 0.074 0.076 0.041 0.044 0.050 0.058 0.063 0.026 0.009 0.010 0.014 0.015 0.023 0.034 0.061 0.063 0.091 0.033 0.033 0.022 0.024 0.035 0.027 0.028
0.064 0.070 0.092 0.086 0.048 0.055 0.032 0.056 0.073 0.043 0.050 0.049 0.063 0.073 0.038 0.033 0.028 0.027 0.060 0.075 0.053 0.060 0.091 0.046 0.044 0.041 0.040 0.051 0.061 0.058 0.065 0.059 0.060 0.041 0.074 0.153 0.135 0.126 0.138 0.043 0.038 0.034 0.090 0.050 0.037 0.033 0.046 0.051 0.039 0.035 0.037 0.037 0.041 0.045 0.068 0.053 0.051 0.071 0.027 0.029 0.046 0.078 0.118 0.181 0.193 0.189 0.164 0.140 0.019 0.016 0.017 0.063 0.095 0.091 0.120 0.088
