Data/res-0419.wd
ncols         433
nrows         491
xllcorner     1194560.000000
yllcorner     -584471.000000
cellsize      25.000000
NODATA_value  -9999.000000
[rows 204 to 237 of 491, columns 308 to 384 of 433]
0.061 0.353 0.630 0.746 0.314 0.165 0.623 0.504 0.416 0.450 0.480 0.452 0.348 0.126 0.514 0.175 0.342 0.364 0.686 0.784 0.729 0.334 0.221 0.381 0.440 0.001 0.561 0.811 0.438 0.189 0.119 0.236 0.302 0.726 0.624 0.718 0.735 0.848 0.926 0.893 0.922 0.912 0.923 0.944 0.914 0.895 0.876 0.826 0.742 0.718 0.683 0.630 0.483 0.394 0.121 0.000 0.000 0.000 0.000 0.000 0.000 0.000 0.000 0.000 0.000 0.000 0.000 0.000 0.000 0.000 0.000 0.000 0.000 0.000 0.000 0.000 0.000
0.249 0.130 0.131 0.713 0.469 0.185 0.529 0.369 0.280 0.105 0.228 0.239 0.450 0.614 0.700 0.248 0.293 0.248 0.825 0.367 0.335 0.628 0.598 0.862 0.573 0.219 0.808 0.289 0.190 0.263 0.393 0.229 0.251 0.745 0.711 0.751 0.772 0.798 0.903 0.857 0.922 0.924 0.933 0.909 0.897 0.907 0.887 0.844 0.780 0.730 0.621 0.586 0.307 0.301 0.032 0.000 0.000 0.000 0.000 0.000 0.000 0.000 0.000 0.000 0.000 0.000 0.000 0.000 0.000 0.000 0.000 0.000 0.000 0.000 0.000 0.000 0.000
0.309 0.349 0.001 0.376 0.633 0.066 0.397 0.425 0.098 0.368 0.262 0.099 0.218 0.600 0.602 0.222 0.616 0.676 0.458 0.236 0.521 0.330 0.287 0.230 0.703 0.729 0.468 0.153 0.239 0.331 0.402 0.344 0.583 0.714 0.801 0.779 0.790 0.811 0.863 0.887 0.919 0.934 0.927 0.923 0.908 0.903 0.878 0.822 0.771 0.704 0.636 0.537 0.401 0.311 0.012 0.000 0.000 0.000 0.000 0.000 0.000 0.000 0.000 0.000 0.000 0.000 0.000 0.000 0.000 0.000 0.000 0.000 0.000 0.000 0.000 0.000 0.000
0.153 0.563 0.194 0.627 0.653 0.124 0.577 0.292 0.080 0.513 0.193 0.500 0.486 0.820 0.252 0.337 0.949 0.546 0.296 0.444 0.201 0.401 0.262 0.242 0.804 0.429 0.179 0.256 0.408 0.107 0.275 0.347 0.580 0.370 0.764 0.494 0.624 0.696 0.812 0.861 0.875 0.939 0.901 0.909 0.919 0.918 0.881 0.776 0.706 0.650 0.624 0.511 0.148 0.340 0.001 0.000 0.000 0.000 0.000 0.000 0.000 0.000 0.000 0.000 0.000 0.000 0.000 0.000 0.000 0.000 0.000 0.000 0.000 0.000 0.000 0.000 0.000
0.406 0.144 0.192 0.635 0.050 0.116 0.527 0.273 0.042 0.548 0.330 0.279 0.365 0.715 0.102 0.464 0.617 0.281 0.542 0.307 0.368 0.578 0.487 0.363 0.756 0.221 0.089 0.192 0.138 0.260 0.542 0.398 0.115 0.654 0.724 0.630 0.671 0.661 0.570 0.833 0.897 0.922 0.857 0.878 0.884 0.888 0.872 0.816 0.762 0.745 0.601 0.382 0.311 0.125 0.001 0.000 0.000 0.000 0.000 0.000 0.000 0.000 0.000 0.000 0.000 0.000 0.000 0.000 0.000 0.000 0.000 0.000 0.000 0.000 0.000 0.000 0.000
0.057 0.065 0.157 0.359 0.066 0.143 0.106 0.391 0.471 0.109 0.095 0.158 0.515 0.645 0.138 0.464 0.607 0.218 0.598 0.398 0.258 0.726 0.215 0.541 0.724 0.613 0.393 0.472 0.274 0.519 0.018 0.001 0.191 0.529 0.157 0.522 0.399 0.528 0.485 0.785 0.858 0.874 0.838 0.860 0.870 0.872 0.849 0.787 0.755 0.700 0.543 0.366 0.289 0.125 0.001 0.000 0.000 0.000 0.000 0.000 0.000 0.000 0.000 0.000 0.000 0.000 0.000 0.000 0.000 0.000 0.000 0.000 0.000 0.000 0.000 0.000 0.000
0.210 0.209 0.365 0.220 0.131 0.295 0.329 0.648 0.222 0.345 0.370 0.100 0.282 0.612 0.137 0.677 0.352 0.196 0.307 0.587 0.438 0.614 0.597 0.577 0.263 0.409 0.061 0.526 0.295 0.160 0.249 0.316 0.678 0.260 0.001 0.252 0.278 0.582 0.723 0.669 0.788 0.823 0.822 0.858 0.810 0.822 0.812 0.781 0.749 0.703 0.523 0.322 0.236 0.231 0.001 0.000 0.000 0.000 0.000 0.000 0.000 0.000 0.000 0.000 0.000 0.000 0.000 0.000 0.000 0.000 0.000 0.000 0.000 0.000 0.000 0.000 0.000
0.031 0.154 0.473 0.143 0.476 0.073 0.056 0.485 0.076 0.163 0.305 0.097 0.173 0.732 0.644 0.498 0.414 0.539 0.491 0.462 0.368 0.597 0.630 0.127 0.228 0.279 0.204 0.407 0.088 0.016 0.115 0.211 0.568 0.001 0.316 0.214 0.695 0.427 0.296 0.389 0.602 0.861 0.838 0.821 0.791 0.833 0.827 0.795 0.741 0.730 0.640 0.173 0.375 0.202 0.001 0.000 0.000 0.000 0.000 0.000 0.000 0.000 0.000 0.000 0.000 0.000 0.000 0.000 0.000 0.000 0.000 0.000 0.000 0.000 0.000 0.000 0.000
0.339 0.466 0.454 0.143 0.412 0.283 0.001 0.309 0.145 0.234 0.375 0.526 0.683 0.360 0.329 0.110 0.251 0.234 0.407 0.261 0.499 0.598 0.541 0.002 0.283 0.244 0.299 0.146 0.085 0.137 0.097 0.143 0.580 0.222 0.298 0.360 0.593 0.150 0.206 0.679 0.717 0.851 0.822 0.798 0.809 0.783 0.789 0.781 0.733 0.670 0.484 0.277 0.331 0.236 0.001 0.000 0.000 0.000 0.000 0.000 0.000 0.000 0.000 0.000 0.000 0.000 0.000 0.000 0.000 0.000 0.000 0.000 0.000 0.000 0.000 0.000 0.000
0.374 0.130 0.234 0.030 0.191 0.365 0.042 0.176 0.387 0.610 0.105 0.660 0.335 0.357 0.317 0.322 0.360 0.271 0.433 0.443 0.453 0.206 0.231 0.461 0.164 0.200 0.327 0.227 0.001 0.144 0.063 0.130 0.580 0.136 0.294 0.549 0.281 0.327 0.626 0.736 0.718 0.605 0.735 0.809 0.748 0.723 0.817 0.782 0.764 0.687 0.469 0.394 0.306 0.176 0.001 0.000 0.000 0.000 0.000 0.000 0.000 0.000 0.000 0.000 0.000 0.000 0.000 0.000 0.000 0.000 0.000 0.000 0.000 0.000 0.000 0.000 0.000
0.108 0.345 0.462 0.219 0.464 0.109 0.119 0.449 0.361 0.152 0.306 0.409 0.463 0.218 0.397 0.491 0.391 0.440 0.403 0.733 0.423 0.217 0.223 0.645 0.122 0.243 0.262 0.067 0.439 0.374 0.493 0.533 0.628 0.256 0.451 0.294 0.460 0.516 0.735 0.588 0.365 0.445 0.586 0.669 0.747 0.682 0.803 0.749 0.694 0.578 0.495 0.293 0.216 0.131 0.000 0.000 0.000 0.000 0.000 0.000 0.000 0.000 0.000 0.000 0.000 0.000 0.000 0.000 0.000 0.000 0.000 0.000 0.000 0.000 0.000 0.000 0.000
0.414 0.296 0.603 0.167 0.149 0.191 0.477 0.349 0.254 0.262 0.156 0.273 0.588 0.280 0.191 0.385 0.334 0.388 0.717 0.776 0.377 0.233 0.357 0.145 0.112 0.326 0.318 0.427 0.476 0.033 0.134 0.287 0.468 0.052 0.091 0.171 0.603 0.059 0.745 0.765 0.452 0.530 0.549 0.676 0.714 0.648 0.758 0.733 0.703 0.585 0.493 0.445 0.189 0.107 0.000 0.000 0.000 0.000 0.000 0.000 0.000 0.000 0.000 0.000 0.000 0.000 0.000 0.000 0.000 0.000 0.000 0.000 0.000 0.000 0.000 0.000 0.000
0.216 0.266 0.391 0.199 0.055 0.312 0.469 0.001 0.264 0.164 0.265 0.108 0.636 0.220 0.363 0.241 0.227 0.628 0.624 0.202 0.195 0.521 0.402 0.216 0.291 0.467 0.473 0.125 0.101 0.001 0.019 0.276 0.414 0.177 0.123 0.607 0.099 0.586 0.606 0.399 0.402 0.311 0.239 0.442 0.453 0.509 0.677 0.698 0.655 0.500 0.290 0.229 0.117 0.020 0.000 0.000 0.000 0.000 0.000 0.000 0.000 0.000 0.000 0.000 0.000 0.000 0.000 0.000 0.000 0.000 0.000 0.000 0.000 0.000 0.000 0.000 0.000
0.494 0.151 0.294 0.387 0.316 0.433 0.128 0.011 0.281 0.152 0.127 0.397 0.441 0.386 0.310 0.148 0.340 0.775 0.397 0.076 0.324 0.398 0.083 0.141 0.601 0.453 0.305 0.090 0.001 0.111 0.185 0.144 0.629 0.709 0.674 0.561 0.247 0.842 0.685 0.302 0.244 0.325 0.326 0.696 0.516 0.446 0.569 0.702 0.618 0.563 0.466 0.275 0.096 0.001 0.000 0.000 0.000 0.000 0.000 0.000 0.000 0.000 0.000 0.000 0.000 0.000 0.000 0.000 0.000 0.000 0.000 0.000 0.000 0.000 0.000 0.000 0.000
0.564 0.194 0.185 0.137 0.516 0.245 0.001 0.001 0.001 0.196 0.232 0.258 0.224 0.352 0.391 0.486 0.745 0.332 0.176 0.371 0.030 0.198 0.469 0.383 0.313 0.590 0.506 0.282 0.209 0.126 0.276 0.446 0.492 0.014 0.072 0.344 0.761 0.625 0.749 0.762 0.743 0.664 0.384 0.675 0.415 0.316 0.401 0.607 0.441 0.429 0.310 0.240 0.007 0.000 0.000 0.000 0.000 0.000 0.000 0.000 0.000 0.000 0.000 0.000 0.000 0.000 0.000 0.000 0.000 0.000 0.000 0.000 0.000 0.000 0.000 0.000 0.000
0.664 0.293 0.060 0.001 0.253 0.386 0.096 0.012 0.001 0.533 0.189 0.284 0.204 0.181 0.718 0.388 0.382 0.060 0.319 0.078 0.214 0.276 0.312 0.090 0.397 0.398 0.091 0.010 0.129 0.369 0.049 0.111 0.461 0.032 0.001 0.597 0.241 0.075 0.054 0.289 0.629 0.301 0.652 0.545 0.430 0.536 0.460 0.421 0.396 0.301 0.236 0.154 0.012 0.000 0.000 0.000 0.000 0.000 0.000 0.000 0.000 0.000 0.000 0.000 0.000 0.000 0.000 0.000 0.000 0.000 0.000 0.000 0.000 0.000 0.000 0.000 0.000
0.455 0.511 0.394 0.322 0.380 0.105 0.154 0.396 0.020 0.573 0.373 0.283 0.276 0.559 0.249 0.093 0.132 0.000 0.385 0.353 0.391 0.287 0.382 0.057 0.586 0.059 0.095 0.123 0.297 0.065 0.001 0.462 0.175 0.195 0.478 0.467 0.042 0.166 0.318 0.314 0.529 0.368 0.437 0.433 0.451 0.363 0.180 0.306 0.297 0.240 0.213 0.218 0.107 0.001 0.000 0.000 0.000 0.000 0.000 0.000 0.000 0.000 0.000 0.000 0.000 0.000 0.000 0.000 0.000 0.000 0.000 0.000 0.000 0.000 0.000 0.000 0.000
0.059 0.248 0.577 0.486 0.019 0.332 0.001 0.037 0.395 0.576 0.688 0.772 0.555 0.242 0.134 0.205 0.393 0.374 0.446 0.268 0.238 0.241 0.734 0.609 0.124 0.200 0.001 0.263 0.415 0.486 0.673 0.652 0.628 0.528 0.442 0.266 0.040 0.381 0.691 0.597 0.482 0.566 0.309 0.317 0.472 0.269 0.214 0.371 0.283 0.295 0.277 0.212 0.081 0.001 0.000 0.000 0.000 0.000 0.000 0.000 0.000 0.000 0.000 0.000 0.000 0.000 0.000 0.000 0.000 0.000 0.000 0.000 0.000 0.000 0.000 0.000 0.000
0.024 0.177 0.160 0.491 0.181 0.149 0.283 0.223 0.572 0.556 0.789 0.616 0.358 0.198 0.497 0.688 0.302 0.001 0.275 0.327 0.583 0.563 0.582 0.164 0.133 0.253 0.570 0.428 0.301 0.332 0.190 0.168 0.054 0.086 0.048 0.131 0.001 0.507 0.149 0.409 0.523 0.430 0.360 0.324 0.280 0.278 0.236 0.294 0.313 0.219 0.218 0.084 0.001 0.001 0.000 0.000 0.000 0.000 0.000 0.000 0.000 0.000 0.000 0.000 0.000 0.000 0.000 0.000 0.000 0.000 0.000 0.000 0.000 0.000 0.000 0.000 0.000
0.135 0.323 0.294 0.308 0.607 0.432 0.319 0.325 0.665 0.549 0.828 0.528 0.541 0.556 0.726 0.606 0.367 0.001 0.001 0.361 0.778 0.394 0.306 0.194 0.359 0.403 0.569 0.086 0.062 0.126 0.001 0.151 0.087 0.225 0.420 0.477 0.428 0.323 0.221 0.186 0.615 0.361 0.197 0.331 0.541 0.357 0.251 0.331 0.225 0.138 0.141 0.063 0.001 0.001 0.000 0.000 0.000 0.000 0.000 0.000 0.000 0.000 0.000 0.000 0.000 0.000 0.000 0.000 0.000 0.000 0.000 0.000 0.000 0.000 0.000 0.000 0.000
0.461 0.191 0.257 0.186 0.236 0.485 0.467 0.737 0.561 0.518 0.783 0.721 0.569 0.643 0.500 0.491 0.391 0.333 0.167 0.791 0.270 0.082 0.439 0.267 0.457 0.551 0.246 0.001 0.001 0.296 0.121 0.148 0.491 0.411 0.113 0.110 0.265 0.218 0.318 0.212 0.640 0.297 0.348 0.160 0.628 0.455 0.427 0.417 0.152 0.254 0.273 0.117 0.001 0.000 0.000 0.000 0.000 0.000 0.000 0.000 0.000 0.000 0.000 0.000 0.000 0.000 0.000 0.000 0.000 0.000 0.000 0.000 0.000 0.000 0.000 0.000 0.000
0.634 0.555 0.386 0.365 0.199 0.739 0.720 0.653 0.583 0.519 0.575 0.781 0.593 0.465 0.600 0.615 0.057 0.548 0.893 0.565 0.095 0.355 0.534 0.189 0.670 0.388 0.232 0.128 0.245 0.351 0.248 0.126 0.661 0.071 0.001 0.346 0.649 0.342 0.246 0.171 0.764 0.324 0.241 0.438 0.638 0.354 0.388 0.292 0.077 0.205 0.283 0.182 0.001 0.000 0.000 0.000 0.000 0.000 0.000 0.000 0.000 0.000 0.000 0.000 0.000 0.000 0.000 0.000 0.000 0.000 0.000 0.000 0.000 0.000 0.000 0.000 0.000
0.242 0.540 0.318 0.592 0.327 0.691 0.779 0.474 0.710 0.587 0.601 0.792 0.708 0.642 0.762 0.406 0.262 0.678 0.631 0.381 0.360 0.691 0.393 0.052 0.722 0.454 0.151 0.308 0.166 0.543 0.644 0.741 0.783 0.389 0.513 0.707 0.375 0.199 0.395 0.522 0.776 0.497 0.698 0.498 0.462 0.287 0.317 0.199 0.188 0.200 0.277 0.168 0.011 0.000 0.000 0.000 0.000 0.000 0.000 0.000 0.000 0.000 0.000 0.000 0.000 0.000 0.000 0.000 0.000 0.000 0.000 0.000 0.000 0.000 0.000 0.000 0.000
0.196 0.422 0.511 0.541 0.620 0.555 0.728 0.506 0.707 0.703 0.623 0.671 0.774 0.782 0.567 0.237 0.523 0.882 0.418 0.462 0.344 0.647 0.330 0.402 0.725 0.155 0.151 0.270 0.566 0.585 0.321 0.305 0.193 0.560 0.143 0.187 0.307 0.231 0.031 0.121 0.481 0.191 0.348 0.373 0.355 0.348 0.252 0.340 0.442 0.150 0.120 0.001 0.001 0.001 0.000 0.000 0.000 0.000 0.000 0.000 0.000 0.000 0.000 0.000 0.000 0.000 0.000 0.000 0.000 0.000 0.000 0.000 0.000 0.000 0.000 0.000 0.000
0.446 0.130 0.369 0.623 0.433 0.505 0.738 0.666 0.682 0.723 0.597 0.774 0.586 0.753 0.280 0.003 0.701 0.712 0.386 0.570 0.424 0.748 0.729 0.560 0.189 0.053 0.078 0.383 0.157 0.188 0.145 0.061 0.138 0.139 0.189 0.326 0.237 0.355 0.313 0.184 0.660 0.149 0.203 0.255 0.436 0.202 0.145 0.225 0.275 0.157 0.193 0.080 0.001 0.000 0.000 0.000 0.000 0.000 0.000 0.000 0.000 0.000 0.000 0.000 0.000 0.000 0.000 0.000 0.000 0.000 0.000 0.000 0.000 0.000 0.000 0.000 0.000
0.559 0.223 0.323 0.628 0.354 0.726 0.765 0.754 0.714 0.819 0.849 0.542 0.013 0.391 0.786 0.688 0.462 0.323 0.853 0.472 0.734 0.613 0.549 0.366 0.250 0.016 0.340 0.223 0.235 0.170 0.058 0.067 0.343 0.197 0.224 0.349 0.002 0.224 0.143 0.643 0.629 0.366 0.430 0.422 0.287 0.396 0.396 0.353 0.337 0.146 0.270 0.146 0.001 0.000 0.000 0.000 0.000 0.000 0.000 0.000 0.000 0.000 0.000 0.000 0.000 0.000 0.000 0.000 0.000 0.000 0.000 0.000 0.000 0.000 0.000 0.000 0.000
0.358 0.448 0.605 0.572 0.615 0.683 0.726 0.804 0.796 0.797 0.673 0.526 0.508 0.777 0.554 0.358 0.333 0.479 0.732 0.443 0.535 0.443 0.739 0.282 0.160 0.001 0.293 0.416 0.142 0.103 0.146 0.346 0.456 0.380 0.334 0.001 0.381 0.503 0.443 0.340 0.309 0.365 0.354 0.377 0.255 0.241 0.260 0.215 0.324 0.360 0.246 0.001 0.001 0.000 0.000 0.000 0.000 0.000 0.000 0.000 0.000 0.000 0.000 0.000 0.000 0.000 0.000 0.000 0.000 0.000 0.000 0.000 0.000 0.000 0.000 0.000 0.000
0.481 0.422 0.589 0.569 0.545 0.730 0.659 0.750 0.820 0.805 0.761 0.408 0.856 0.292 0.266 0.516 0.622 0.687 0.214 0.001 0.001 0.465 0.676 0.327 0.416 0.414 0.072 0.427 0.058 0.068 0.173 0.696 0.525 0.630 0.074 0.272 0.660 0.355 0.218 0.307 0.367 0.374 0.305 0.506 0.424 0.211 0.303 0.245 0.271 0.185 0.141 0.038 0.000 0.000 0.000 0.000 0.000 0.000 0.000 0.000 0.000 0.000 0.000 0.000 0.000 0.000 0.000 0.000 0.000 0.000 0.000 0.000 0.000 0.000 0.000 0.000 0.000
0.491 0.393 0.591 0.599 0.581 0.704 0.708 0.705 0.740 0.720 0.708 0.180 0.762 0.001 0.670 0.616 0.757 0.001 0.346 0.001 0.095 0.468 0.639 0.299 0.363 0.001 0.305 0.001 0.231 0.001 0.495 0.352 0.229 0.397 0.473 0.610 0.535 0.291 0.557 0.456 0.223 0.312 0.534 0.218 0.162 0.197 0.233 0.233 0.260 0.121 0.088 0.087 0.001 0.000 0.000 0.000 0.000 0.000 0.000 0.000 0.000 0.000 0.000 0.000 0.000 0.000 0.000 0.000 0.000 0.000 0.000 0.000 0.000 0.000 0.000 0.000 0.000
0.498 0.520 0.644 0.598 0.624 0.624 0.696 0.678 0.658 0.657 0.733 0.540 0.753 0.189 0.696 0.748 0.778 0.037 0.453 0.340 0.381 0.346 0.611 0.627 0.292 0.065 0.232 0.001 0.517 0.332 0.157 0.261 0.459 0.182 0.065 0.094 0.277 0.668 0.232 0.616 0.605 0.662 0.551 0.541 0.421 0.216 0.072 0.081 0.104 0.031 0.097 0.168 0.017 0.000 0.000 0.000 0.000 0.000 0.000 0.000 0.000 0.000 0.000 0.000 0.000 0.000 0.000 0.000 0.000 0.000 0.000 0.000 0.000 0.000 0.000 0.000 0.000
0.529 0.587 0.669 0.643 0.658 0.775 0.664 0.664 0.643 0.695 0.704 0.481 0.692 0.570 0.775 0.543 0.670 0.503 0.526 0.513 0.224 0.464 0.695 0.475 0.001 0.032 0.417 0.420 0.143 0.091 0.164 0.446 0.168 0.229 0.234 0.424 0.263 0.247 0.069 0.002 0.161 0.281 0.223 0.309 0.520 0.433 0.317 0.163 0.195 0.276 0.207 0.037 0.001 0.000 0.000 0.000 0.000 0.000 0.000 0.000 0.000 0.000 0.000 0.000 0.000 0.000 0.000 0.000 0.000 0.000 0.000 0.000 0.000 0.000 0.000 0.000 0.000
0.564 0.650 0.679 0.612 0.653 0.776 0.665 0.715 0.841 0.797 0.753 0.700 0.461 0.703 0.321 0.409 0.723 0.563 0.210 0.634 0.291 0.450 0.645 0.001 0.180 0.121 0.412 0.295 0.001 0.538 0.339 0.559 0.360 0.253 0.076 0.070 0.257 0.262 0.225 0.326 0.288 0.211 0.290 0.322 0.345 0.332 0.403 0.342 0.290 0.388 0.262 0.032 0.000 0.000 0.000 0.000 0.000 0.000 0.000 0.000 0.000 0.000 0.000 0.000 0.000 0.000 0.000 0.000 0.000 0.000 0.000 0.000 0.000 0.000 0.000 0.000 0.000
0.622 0.657 0.703 0.636 0.696 0.695 0.681 0.742 0.847 0.727 0.759 0.704 0.628 0.490 0.111 0.335 0.716 0.287 0.343 0.474 0.572 0.644 0.631 0.093 0.001 0.001 0.279 0.084 0.426 0.039 0.076 0.107 0.179 0.131 0.171 0.266 0.252 0.496 0.315 0.208 0.432 0.433 0.246 0.397 0.289 0.156 0.197 0.341 0.176 0.224 0.183 0.001 0.000 0.000 0.000 0.000 0.000 0.000 0.000 0.000 0.000 0.000 0.000 0.000 0.000 0.000 0.000 0.000 0.000 0.000 0.000 0.000 0.000 0.000 0.000 0.000 0.000
0.658 0.680 0.707 0.678 0.700 0.701 0.702 0.749 0.779 0.703 0.752 0.574 0.484 0.423 0.001 0.418 0.523 0.417 0.370 0.255 0.027 0.585 0.261 0.085 0.028 0.076 0.373 0.064 0.311 0.010 0.052 0.014 0.017 0.176 0.287 0.190 0.434 0.180 0.392 0.551 0.377 0.263 0.233 0.267 0.287 0.162 0.122 0.256 0.013 0.086 0.001 0.001 0.000 0.000 0.000 0.000 0.000 0.000 0.000 0.000 0.000 0.000 0.000 0.000 0.000 0.000 0.000 0.000 0.000 0.000 0.000 0.000 0.000 0.000 0.000 0.000 0.000
