Data/res-0290.Qx
ncols         434
nrows         491
xllcorner     1194547.500000
yllcorner     -584471.000000
cellsize      25.000000
NODATA_value  -9999.000000
[rows 272 to 305 of 491, columns 228 to 303 of 434]
0.078 0.061 0.058 0.078 0.042 0.056 0.095 0.087 0.078 0.084 0.130 0.141 0.152 0.198 0.249 0.252 0.247 0.158 0.147 0.138 0.108 0.094 0.078 0.073 0.070 0.069 0.067 0.072 0.070 0.072 0.098 0.094 0.069 0.036 0.036 0.032 0.028 0.032 0.037 0.045 0.037 0.040 0.035 0.049 0.052 0.041 0.038 0.043 0.074 0.022 0.028 0.032 0.029 0.027 0.024 0.025 0.027 0.041 0.032 0.036 0.052 0.039 0.036 0.018 0.009 0.005 0.006 0.002 0.002 -0.001 -0.003 -0.001 -0.003 -0.006 -0.006 -0.007
0.074 0.065 0.062 0.065 0.074 0.092 0.065 0.048 0.072 0.076 0.083 0.106 0.099 0.092 0.095 0.097 0.094 0.211 0.234 0.196 0.111 0.095 0.102 0.105 0.094 0.095 0.086 0.059 0.058 0.045 0.049 0.047 0.049 0.066 0.046 0.048 0.047 0.043 0.032 0.033 0.054 0.051 0.050 0.040 0.036 0.028 0.027 0.029 0.026 0.068 0.019 0.021 0.041 0.062 0.034 0.026 0.027 0.058 0.080 0.047 0.044 0.046 0.021 0.010 0.004 0.001 0.005 0.001 0.002 -0.002 -0.001 -0.001 -0.004 -0.005 -0.010 -0.005
0.130 0.102 0.099 0.094 0.075 0.036 0.036 0.060 0.079 0.070 0.069 0.040 0.040 0.058 0.052 0.051 0.043 0.044 0.048 0.107 0.201 0.178 0.111 0.095 0.083 0.069 0.045 0.039 0.041 0.043 0.055 0.040 0.044 0.043 0.046 0.047 0.042 0.041 0.052 0.063 0.054 0.054 0.052 0.034 0.027 0.021 0.023 0.025 0.030 0.067 0.026 0.028 0.037 0.027 0.039 0.040 0.030 0.032 0.031 0.059 0.061 0.036 0.014 0.010 0.006 0.002 0.002 0.001 0.000 -0.001 -0.001 -0.006 -0.004 -0.005 -0.010 -0.009
0.319 0.160 0.056 0.050 0.078 0.049 0.050 0.082 0.092 0.131 0.115 0.079 0.059 0.052 0.054 0.051 0.057 0.062 0.063 0.064 0.069 0.105 0.193 0.154 0.068 0.067 0.044 0.057 0.043 0.037 0.032 0.038 0.040 0.048 0.033 0.036 0.044 0.050 0.050 0.032 0.031 0.032 0.050 0.074 0.057 0.080 0.050 0.030 0.023 0.013 0.046 0.035 0.032 0.033 0.059 0.033 0.031 0.030 0.030 0.031 0.023 0.018 0.009 0.008 0.006 0.001 0.001 0.001 -0.002 -0.001 -0.005 -0.005 -0.009 -0.006 -0.013 -0.009
0.066 0.070 0.125 0.106 0.080 0.097 0.155 0.125 0.109 0.095 0.055 0.071 0.099 0.095 0.065 0.056 0.073 0.095 0.098 0.078 0.075 0.058 0.052 0.076 0.102 0.076 0.042 0.058 0.049 0.065 0.033 0.037 0.043 0.049 0.041 0.047 0.053 0.035 0.027 0.030 0.036 0.039 0.026 0.028 0.011 0.012 0.038 0.038 0.042 0.047 0.061 0.031 0.024 0.034 0.045 0.060 0.053 0.045 0.032 0.024 0.012 0.008 0.006 0.003 0.002 0.002 0.000 -0.004 0.000 -0.005 -0.008 -0.006 -0.015 -0.009 -0.012 -0.015
0.093 0.227 0.167 0.086 0.089 0.111 0.041 0.027 0.044 0.043 0.069 0.078 0.081 0.074 0.071 0.086 0.098 0.093 0.087 0.107 0.087 0.044 0.043 0.058 0.097 0.113 0.094 0.081 0.040 0.046 0.053 0.050 0.045 0.048 0.065 0.052 0.049 0.047 0.053 0.051 0.037 0.030 0.011 0.010 0.057 0.027 0.027 0.034 0.022 0.016 0.037 0.052 0.021 0.021 0.019 0.034 0.030 0.028 0.021 0.013 0.001 -0.003 -0.000 0.000 -0.006 0.000 -0.002 -0.004 -0.004 -0.008 -0.009 -0.013 -0.014 -0.015 -0.020 -0.020
0.125 0.254 0.369 0.210 0.083 0.029 0.033 0.059 0.058 0.058 0.088 0.093 0.062 0.067 0.049 0.041 0.077 0.048 0.037 0.026 0.043 0.051 0.053 0.052 0.066 0.063 0.143 0.163 0.140 0.112 0.138 0.139 0.120 0.093 0.119 0.132 0.047 0.051 0.044 0.036 0.043 0.040 0.064 0.064 0.055 0.042 0.034 0.027 0.034 0.032 0.047 0.043 0.063 0.035 0.024 0.027 0.030 0.022 0.018 -0.010 -0.011 -0.006 -0.006 -0.004 -0.004 -0.002 -0.005 -0.007 -0.007 -0.011 -0.016 -0.016 -0.020 -0.020 -0.022 -0.021
0.145 0.125 0.123 0.144 0.050 0.081 0.071 0.106 0.089 0.086 0.095 0.076 0.018 0.020 0.060 0.087 0.019 0.019 0.024 0.040 0.045 0.085 0.084 0.061 0.054 0.058 0.059 0.050 0.110 0.065 0.058 0.052 0.056 0.055 0.036 0.017 0.038 0.034 0.036 0.017 0.018 0.019 0.022 0.023 0.031 0.032 0.036 0.043 0.055 0.049 0.040 0.044 0.041 0.037 0.037 0.031 0.030 0.012 -0.002 -0.007 -0.008 -0.006 -0.008 -0.005 -0.005 -0.008 -0.006 -0.006 -0.014 -0.013 -0.014 -0.021 -0.021 -0.024 -0.022 -0.026
0.129 0.076 0.054 0.240 0.176 0.170 0.191 0.112 0.124 0.101 0.072 0.080 0.060 0.059 0.087 0.040 0.039 0.040 0.075 0.076 0.057 0.072 0.066 0.079 0.060 0.060 0.056 0.054 0.068 0.034 0.031 0.042 0.037 0.028 0.028 0.033 0.077 0.017 0.021 0.049 0.040 0.029 0.027 0.024 0.016 0.028 0.031 0.016 0.020 0.032 0.036 0.034 0.038 0.067 0.056 0.035 0.021 0.009 0.002 -0.003 -0.002 -0.005 -0.008 -0.004 -0.011 -0.007 -0.009 -0.014 -0.010 -0.018 -0.018 -0.020 -0.021 -0.027 -0.028 -0.026
0.066 0.082 0.072 0.115 0.364 0.409 0.396 0.176 0.100 0.084 0.041 0.046 0.146 0.159 0.080 0.061 0.047 0.045 0.062 0.057 0.044 0.051 0.061 0.089 0.085 0.077 0.059 0.043 0.034 0.032 0.028 0.028 0.031 0.054 0.021 0.016 0.007 0.055 0.016 0.024 0.020 0.025 0.018 0.020 0.026 0.047 0.045 0.068 0.052 0.042 0.073 0.045 0.044 0.041 0.048 0.031 0.019 0.012 0.003 0.001 -0.004 -0.008 -0.005 -0.008 -0.009 -0.009 -0.012 -0.010 -0.016 -0.019 -0.020 -0.026 -0.021 -0.029 -0.025 -0.029
0.015 0.017 0.066 0.066 0.117 0.073 0.044 0.265 0.267 0.170 0.179 0.170 0.142 0.156 0.209 0.127 0.150 0.154 0.079 0.068 0.079 0.086 0.094 0.065 0.070 0.075 0.061 0.045 0.034 0.047 0.044 0.034 0.023 0.022 0.047 0.026 0.025 0.044 0.002 0.007 0.025 0.022 0.020 0.022 0.039 0.043 0.044 0.040 0.040 0.023 0.017 0.043 0.042 0.035 0.026 0.022 0.015 0.010 0.006 -0.004 0.000 -0.007 -0.009 -0.007 -0.010 -0.012 -0.014 -0.012 -0.018 -0.021 -0.021 -0.027 -0.027 -0.027 -0.029 -0.030
0.055 0.025 0.021 0.068 0.093 0.107 0.058 0.056 0.065 0.099 0.124 0.094 0.088 0.036 0.026 0.116 0.101 0.092 0.062 0.050 0.064 0.040 0.032 0.044 0.059 0.060 0.072 0.044 0.024 0.037 0.035 0.038 0.023 0.029 0.038 0.018 0.027 0.040 0.111 0.115 0.078 0.040 0.039 0.044 0.034 0.030 0.039 0.047 0.048 0.064 0.066 0.069 0.048 0.035 0.019 0.013 0.012 0.007 0.001 0.003 -0.005 -0.007 -0.011 -0.009 -0.011 -0.016 -0.012 -0.014 -0.019 -0.024 -0.025 -0.026 -0.030 -0.030 -0.026 -0.030
0.121 0.159 0.155 0.107 0.061 0.048 0.029 0.036 0.048 0.072 0.070 0.042 0.031 0.019 0.021 0.043 0.041 0.027 0.055 0.067 0.065 0.064 0.060 0.065 0.063 0.047 0.066 0.064 0.025 0.044 0.034 0.030 0.042 0.030 0.028 0.036 0.038 0.049 0.066 0.065 0.106 0.166 0.115 0.017 0.016 0.023 0.026 0.033 0.043 0.046 0.026 0.027 0.037 0.025 0.010 0.009 0.010 0.002 -0.001 -0.005 -0.003 -0.009 -0.010 -0.013 -0.012 -0.012 -0.014 -0.019 -0.023 -0.027 -0.025 -0.029 -0.029 -0.029 -0.031 -0.026
0.071 0.035 0.032 0.042 0.049 0.053 0.108 0.069 0.068 0.108 0.115 0.159 0.052 0.063 0.056 0.039 0.043 0.044 0.060 0.058 0.054 0.054 0.053 0.041 0.034 0.027 0.027 0.033 0.045 0.055 0.059 0.034 0.040 0.044 0.046 0.084 0.065 0.036 0.033 0.012 0.010 0.007 0.067 0.102 0.034 0.029 0.031 0.038 0.037 0.029 0.031 0.036 0.032 0.021 0.012 0.006 0.001 0.004 -0.004 -0.004 -0.008 -0.007 -0.014 -0.010 -0.016 -0.015 -0.016 -0.027 -0.020 -0.031 -0.028 -0.025 -0.033 -0.026 -0.029 -0.029
0.061 0.082 0.069 0.066 0.066 0.072 0.076 0.055 0.042 0.050 0.061 0.090 0.127 0.056 0.063 0.081 0.072 0.033 0.036 0.038 0.047 0.030 0.035 0.046 0.030 0.045 0.029 0.051 0.055 0.048 0.047 0.043 0.056 0.032 0.029 0.032 0.062 0.060 0.055 0.043 0.036 0.028 0.028 0.063 0.130 0.126 0.120 0.025 0.024 0.032 0.026 0.020 0.017 0.010 0.011 0.002 0.002 -0.003 -0.005 -0.010 -0.006 -0.011 -0.010 -0.016 -0.014 -0.020 -0.022 -0.024 -0.027 -0.024 -0.028 -0.034 -0.027 -0.029 -0.031 -0.029
0.058 0.062 0.037 0.034 0.050 0.066 0.098 0.090 0.083 0.034 0.022 0.017 0.065 0.088 0.060 0.064 0.068 0.032 0.041 0.053 0.071 0.095 0.050 0.041 0.045 0.043 0.054 0.038 0.070 0.056 0.055 0.075 0.067 0.051 0.050 0.055 0.064 0.028 0.025 0.041 0.048 0.022 0.023 0.044 0.045 0.030 0.021 0.079 0.081 0.065 0.026 0.017 0.008 0.005 0.003 -0.001 -0.004 -0.002 -0.006 -0.009 -0.008 -0.016 -0.013 -0.012 -0.021 -0.021 -0.024 -0.024 -0.027 -0.027 -0.030 -0.028 -0.026 -0.032 -0.033 -0.031
0.013 0.009 0.038 0.043 0.031 0.029 0.017 0.060 0.135 0.115 0.092 0.074 0.106 0.145 0.139 0.124 0.162 0.193 0.192 0.179 0.178 0.112 0.085 0.046 0.047 0.043 0.042 0.029 0.027 0.025 0.032 0.034 0.026 0.035 0.036 0.025 0.022 0.085 0.019 0.008 0.005 0.016 0.018 0.012 0.010 0.029 0.039 0.039 0.025 0.023 0.032 0.010 -0.000 -0.000 -0.001 0.000 -0.006 -0.008 -0.009 -0.011 -0.013 -0.012 -0.015 -0.018 -0.022 -0.022 -0.023 -0.026 -0.023 -0.027 -0.030 -0.028 -0.029 -0.036 -0.032 -0.033
0.042 0.032 0.023 0.021 0.020 0.022 0.020 0.020 0.021 0.114 0.116 0.100 0.072 0.056 0.077 0.070 0.056 0.058 0.057 0.056 0.057 0.138 0.065 0.040 0.027 0.020 0.014 0.032 0.020 0.027 0.033 0.036 0.006 0.018 0.016 0.016 0.014 0.009 0.007 0.024 0.021 0.030 0.032 0.038 0.042 0.029 0.026 0.037 0.026 0.015 0.015 0.006 0.003 -0.002 -0.001 -0.005 -0.004 -0.009 -0.013 -0.012 -0.013 -0.015 -0.019 -0.020 -0.026 -0.017 -0.026 -0.025 -0.027 -0.030 -0.028 -0.029 -0.034 -0.032 -0.032 -0.028
0.076 0.060 0.078 0.086 0.083 0.054 0.045 0.055 0.034 0.030 0.049 0.050 0.042 0.026 0.027 0.022 0.016 0.023 0.025 0.031 0.023 0.011 0.062 0.061 0.062 0.038 0.022 0.036 0.019 0.046 0.038 0.031 0.014 0.033 0.023 0.035 0.032 0.027 0.077 0.051 0.043 0.039 0.043 0.067 0.054 0.050 0.038 0.031 0.023 0.008 0.004 -0.001 -0.002 0.001 -0.003 -0.007 -0.005 -0.012 -0.007 -0.017 -0.014 -0.020 -0.021 -0.021 -0.019 -0.023 -0.027 -0.026 -0.027 -0.026 -0.030 -0.035 -0.032 -0.032 -0.033 -0.032
0.036 0.057 0.050 0.038 0.065 0.098 0.115 0.075 0.077 0.065 0.068 0.091 0.084 0.065 0.054 0.028 0.029 0.066 0.026 0.029 0.030 0.032 0.082 0.021 0.038 0.023 0.029 0.014 0.048 0.039 0.044 0.031 0.065 0.042 0.054 0.045 0.048 0.052 0.060 0.081 0.086 0.094 0.083 0.052 0.042 0.045 0.044 0.040 0.020 0.014 0.008 0.001 0.002 -0.001 -0.007 -0.004 -0.011 -0.009 -0.011 -0.018 -0.017 -0.017 -0.022 -0.024 -0.024 -0.026 -0.027 -0.024 -0.030 -0.030 -0.033 -0.030 -0.035 -0.033 -0.032 -0.035
0.064 0.056 0.058 0.067 0.063 0.053 0.051 0.105 0.106 0.096 0.036 0.034 0.066 0.083 0.084 0.092 0.068 0.058 0.073 0.065 0.058 0.057 0.045 0.092 0.067 0.035 0.016 0.038 0.047 0.050 0.048 0.024 0.043 0.075 0.105 0.052 0.050 0.053 0.049 0.052 0.053 0.053 0.044 0.050 0.072 0.068 0.055 0.043 0.028 0.020 0.011 0.008 0.002 -0.004 -0.005 -0.006 -0.009 -0.012 -0.018 -0.016 -0.020 -0.022 -0.021 -0.024 -0.019 -0.026 -0.029 -0.028 -0.031 -0.033 -0.033 -0.033 -0.033 -0.036 -0.034 -0.034
0.034 0.043 0.062 0.078 0.080 0.070 0.052 0.040 0.033 0.032 0.072 0.056 0.059 0.044 0.058 0.089 0.106 0.128 0.113 0.084 0.048 0.033 0.023 0.073 0.080 0.130 0.015 0.031 0.038 0.072 0.054 0.023 0.020 0.020 0.016 0.080 0.099 0.074 0.065 0.060 0.061 0.065 0.062 0.054 0.046 0.050 0.042 0.034 0.025 0.019 0.015 0.011 0.002 -0.001 -0.004 -0.011 -0.010 -0.012 -0.017 -0.022 -0.019 -0.023 -0.026 -0.021 -0.028 -0.025 -0.028 -0.032 -0.034 -0.032 -0.034 -0.036 -0.036 -0.038 -0.035 -0.039
0.090 0.054 0.045 0.035 0.023 0.018 0.039 0.043 0.058 0.054 0.065 0.060 0.066 0.121 0.059 0.033 0.027 0.019 0.025 0.026 0.034 0.029 0.033 0.036 0.038 0.030 0.113 0.065 0.035 0.034 0.032 0.031 0.017 0.028 0.027 0.034 0.034 0.061 0.039 0.032 0.027 0.031 0.046 0.047 0.041 0.039 0.038 0.029 0.022 0.021 0.014 0.007 0.002 0.003 -0.009 -0.009 -0.014 -0.017 -0.017 -0.022 -0.022 -0.026 -0.027 -0.022 -0.025 -0.031 -0.030 -0.031 -0.033 -0.039 -0.034 -0.037 -0.040 -0.039 -0.040 -0.039
0.001 0.003 0.000 0.000 0.004 0.009 0.012 0.030 0.026 0.044 0.062 0.085 0.100 0.107 0.071 0.052 0.044 0.036 0.041 0.040 0.054 0.048 0.064 0.043 0.047 0.044 0.069 0.114 0.103 0.060 0.027 0.085 0.081 0.070 0.079 0.078 0.076 0.089 0.085 0.085 0.073 0.056 0.050 0.046 0.035 0.035 0.040 0.030 0.025 0.019 0.009 0.008 0.001 -0.002 -0.009 -0.011 -0.014 -0.019 -0.020 -0.024 -0.025 -0.023 -0.024 -0.025 -0.031 -0.033 -0.028 -0.036 -0.033 -0.038 -0.035 -0.047 -0.038 -0.043 -0.041 -0.041
-0.004 0.001 0.005 0.005 0.005 0.011 0.015 0.022 0.036 0.052 0.068 0.057 0.052 0.040 0.109 0.107 0.084 0.061 0.046 0.033 0.026 0.034 0.028 0.031 0.030 0.022 0.049 0.043 0.080 0.035 0.039 0.061 0.088 0.041 0.031 0.025 0.012 0.007 0.024 0.023 0.024 0.029 0.031 0.031 0.035 0.042 0.048 0.033 0.024 0.014 0.008 0.004 -0.001 -0.006 -0.009 -0.016 -0.016 -0.023 -0.021 -0.024 -0.025 -0.029 -0.025 -0.028 -0.032 -0.030 -0.037 -0.036 -0.037 -0.039 -0.045 -0.040 -0.042 -0.042 -0.042 -0.045
0.263 0.100 0.078 0.068 0.046 0.036 0.027 0.022 0.015 0.011 0.009 0.016 0.025 0.053 0.083 0.107 0.068 0.057 0.046 0.042 0.030 0.027 0.019 0.035 0.011 0.035 0.041 0.039 0.030 0.018 0.042 0.045 0.048 0.083 0.048 0.037 0.023 0.023 0.052 0.069 0.032 0.028 0.034 0.038 0.037 0.038 0.020 0.019 0.010 0.011 0.001 0.001 -0.005 -0.008 -0.011 -0.018 -0.021 -0.020 -0.028 -0.027 -0.028 -0.027 -0.026 -0.033 -0.030 -0.034 -0.039 -0.036 -0.041 -0.042 -0.044 -0.044 -0.045 -0.045 -0.046 -0.047
0.000 0.040 0.027 0.015 0.024 0.019 0.015 0.014 0.018 0.019 0.028 0.048 0.048 0.045 0.029 0.031 0.042 0.051 0.058 0.039 0.048 0.031 0.055 0.040 0.049 0.052 0.038 0.037 0.025 0.029 0.041 0.041 0.049 0.051 0.061 0.076 0.068 0.063 0.071 0.063 0.107 0.094 0.097 0.069 0.032 0.024 0.009 0.003 0.004 0.005 0.000 -0.007 -0.005 -0.013 -0.014 -0.019 -0.024 -0.026 -0.026 -0.027 -0.028 -0.030 -0.030 -0.029 -0.036 -0.037 -0.040 -0.041 -0.043 -0.044 -0.047 -0.049 -0.048 -0.047 -0.048 -0.047
0.003 0.017 0.036 0.013 0.020 0.031 0.033 0.034 0.038 0.045 0.040 0.030 0.019 0.022 0.036 0.041 0.043 0.035 0.039 0.060 0.056 0.035 0.028 0.034 0.047 0.042 0.042 0.040 0.035 0.058 0.062 0.063 0.047 0.051 0.029 0.025 0.042 0.047 0.046 0.035 0.028 0.015 0.013 0.027 0.040 0.024 0.009 0.008 0.003 -0.000 -0.006 -0.007 -0.012 -0.013 -0.019 -0.023 -0.026 -0.028 -0.028 -0.031 -0.030 -0.028 -0.035 -0.036 -0.033 -0.043 -0.039 -0.043 -0.050 -0.043 -0.047 -0.051 -0.051 -0.052 -0.051 -0.050
0.017 0.161 0.062 0.043 0.031 0.028 0.034 0.045 0.045 0.034 0.034 0.038 0.051 0.052 0.040 0.031 0.059 0.052 0.057 0.052 0.039 0.053 0.042 0.052 0.058 0.055 0.056 0.045 0.038 0.031 0.030 0.031 0.034 0.040 0.069 0.050 0.051 0.028 0.029 0.028 0.033 0.052 0.043 0.043 0.049 0.022 0.011 0.006 0.003 -0.002 -0.007 -0.011 -0.017 -0.019 -0.024 -0.025 -0.028 -0.031 -0.032 -0.030 -0.033 -0.032 -0.034 -0.036 -0.040 -0.043 -0.041 -0.045 -0.047 -0.047 -0.054 -0.051 -0.050 -0.053 -0.051 -0.052
0.000 0.003 0.071 0.095 0.102 0.043 0.043 0.037 0.028 0.022 0.025 0.032 0.040 0.029 0.028 0.032 0.046 0.036 0.042 0.053 0.040 0.054 0.042 0.035 0.029 0.037 0.047 0.049 0.065 0.043 0.061 0.054 0.058 0.047 0.047 0.036 0.033 0.022 0.026 0.056 0.052 0.053 0.040 0.046 0.030 0.016 0.010 0.005 -0.002 -0.002 -0.007 -0.013 -0.015 -0.024 -0.024 -0.029 -0.031 -0.029 -0.035 -0.035 -0.034 -0.033 -0.037 -0.038 -0.041 -0.045 -0.045 -0.046 -0.053 -0.050 -0.047 -0.051 -0.056 -0.056 -0.051 -0.057
0.009 0.003 0.015 0.035 0.053 0.140 0.017 0.027 0.027 0.033 0.017 0.017 0.014 0.026 0.024 0.022 0.020 0.026 0.024 0.021 0.033 0.033 0.039 0.043 0.033 0.060 0.046 0.045 0.052 0.095 0.079 0.044 0.049 0.046 0.040 0.042 0.044 0.062 0.051 0.039 0.046 0.041 0.040 0.026 0.014 0.003 0.003 0.000 0.001 -0.004 -0.010 -0.013 -0.020 -0.024 -0.027 -0.031 -0.034 -0.038 -0.031 -0.037 -0.032 -0.041 -0.038 -0.041 -0.045 -0.047 -0.046 -0.050 -0.051 -0.054 -0.056 -0.053 -0.058 -0.051 -0.058 -0.053
0.007 0.005 0.008 0.011 0.013 0.005 0.104 0.070 0.047 0.058 0.084 0.034 0.016 0.015 0.028 0.034 0.032 0.040 0.036 0.033 0.037 0.040 0.039 0.027 0.032 0.024 0.033 0.041 0.036 0.055 0.070 0.036 0.045 0.053 0.049 0.059 0.040 0.039 0.026 0.022 0.022 0.029 0.031 0.022 0.008 0.006 0.002 -0.001 -0.006 -0.003 -0.011 -0.015 -0.021 -0.025 -0.029 -0.036 -0.035 -0.035 -0.039 -0.035 -0.040 -0.038 -0.041 -0.048 -0.047 -0.050 -0.051 -0.052 -0.052 -0.058 -0.054 -0.061 -0.055 -0.055 -0.059 -0.059
0.000 0.003 0.010 0.009 0.011 0.016 0.058 0.086 0.004 0.003 0.002 0.051 0.061 0.048 0.053 0.052 0.040 0.046 0.047 0.048 0.040 0.048 0.040 0.033 0.036 0.029 0.026 0.025 0.019 0.050 0.044 0.128 0.103 0.075 0.063 0.067 0.040 0.048 0.058 0.056 0.046 0.045 0.043 0.023 0.012 0.007 -0.000 0.000 -0.006 -0.009 -0.013 -0.019 -0.025 -0.027 -0.031 -0.035 -0.037 -0.036 -0.040 -0.039 -0.038 -0.043 -0.047 -0.047 -0.054 -0.050 -0.056 -0.057 -0.057 -0.059 -0.059 -0.063 -0.055 -0.063 -0.060 -0.060
0.017 0.014 0.024 0.017 0.019 0.032 0.031 0.029 0.139 0.055 0.022 0.017 0.015 0.026 0.021 0.019 0.039 0.037 0.026 0.024 0.027 0.025 0.033 0.047 0.063 0.049 0.049 0.039 0.022 0.033 0.040 0.045 0.059 0.085 0.046 0.055 0.097 0.088 0.078 0.082 0.095 0.065 0.045 0.025 0.015 0.010 0.000 0.001 -0.011 -0.012 -0.015 -0.023 -0.029 -0.029 -0.035 -0.038 -0.037 -0.042 -0.037 -0.041 -0.045 -0.043 -0.049 -0.055 -0.053 -0.057 -0.061 -0.057 -0.059 -0.062 -0.064 -0.063 -0.068 -0.059 -0.064 -0.061
