Data/res-0290.wd
ncols         433
nrows         491
xllcorner     1194560.000000
yllcorner     -584471.000000
cellsize      25.000000
NODATA_value  -9999.000000
[rows 170 to 203 of 491, columns 231 to 307 of 433]
0.000 0.000 0.000 0.028 0.097 0.336 0.492 0.505 0.630 0.754 0.432 0.462 0.614 0.773 0.454 0.458 0.610 0.661 0.431 0.442 0.329 0.391 0.623 0.310 0.482 0.494 0.880 1.013 0.383 0.368 0.509 0.572 0.818 0.545 0.666 0.489 0.297 0.565 1.177 1.209 0.939 0.417 0.538 0.491 0.707 0.564 0.408 0.692 0.845 1.233 0.983 0.454 0.583 1.255 0.986 0.457 0.444 0.866 1.046 0.745 0.975 0.581 0.994 0.539 0.354 0.356 0.365 0.575 0.834 0.620 0.216 0.471 0.518 0.651 0.390 0.458 0.455
0.000 0.000 0.000 0.049 0.146 0.370 0.629 0.683 0.661 0.653 0.548 0.568 0.620 0.563 0.359 0.336 0.414 0.466 0.334 0.357 0.494 0.347 0.564 0.622 0.447 0.449 0.351 0.893 0.381 0.331 0.882 0.994 0.657 0.402 0.457 0.531 0.357 0.923 1.187 0.663 0.397 0.364 0.302 0.555 0.560 0.493 0.490 0.551 0.638 1.138 1.177 0.952 0.960 1.068 0.742 0.738 0.902 0.979 0.861 1.008 0.708 1.084 0.668 0.365 0.379 0.517 0.717 0.478 0.363 0.796 0.624 0.616 0.338 0.479 0.746 0.656 0.479
0.000 0.000 0.000 0.083 0.346 0.486 0.550 0.703 0.673 0.566 0.529 0.533 0.740 0.579 0.343 0.521 0.440 0.481 0.266 0.466 0.511 0.379 0.766 0.866 0.329 0.414 0.417 0.759 0.449 0.433 0.821 0.798 0.564 0.359 0.569 0.443 0.342 1.102 0.957 0.408 0.204 0.181 0.383 0.480 0.445 0.608 0.464 0.233 0.330 0.783 1.283 1.248 1.209 0.562 0.380 0.651 0.699 0.516 0.744 0.401 0.418 0.595 0.365 0.518 0.728 0.465 0.349 0.190 0.161 0.441 0.654 0.658 0.262 0.285 0.477 0.883 0.559
0.000 0.049 0.080 0.205 0.426 0.558 0.756 0.547 0.409 0.530 0.495 0.483 0.619 0.663 0.456 0.473 0.674 0.447 0.327 0.350 0.425 0.723 0.900 0.765 0.262 0.413 0.623 0.990 0.893 0.924 0.819 0.373 0.365 0.529 0.473 0.713 0.405 1.091 1.123 1.045 0.691 0.532 0.434 0.392 0.488 0.859 0.360 0.277 0.418 0.673 1.323 1.282 1.139 0.628 0.257 0.288 0.371 0.408 0.414 0.419 0.732 0.503 0.811 1.017 0.710 0.236 0.504 0.538 0.256 0.532 0.322 0.877 0.372 0.293 0.514 0.991 0.915
0.008 0.073 0.221 0.346 0.477 0.497 0.589 0.469 0.539 0.731 0.703 0.523 0.364 0.674 0.456 0.846 1.018 0.893 0.381 0.235 0.313 0.300 0.259 0.613 0.482 0.368 0.780 0.424 0.431 0.529 0.676 0.344 0.364 0.565 0.644 0.544 0.291 1.099 0.607 0.310 0.232 0.375 0.595 0.460 0.277 0.605 0.839 0.733 0.663 0.710 1.263 1.300 1.269 1.237 0.761 0.483 0.540 0.572 0.612 0.717 0.337 0.523 0.829 0.388 0.805 0.317 0.601 0.705 0.592 0.406 0.429 0.899 0.533 0.488 0.953 0.838 0.755
0.181 0.275 0.383 0.438 0.558 0.559 0.690 0.625 0.612 0.536 0.579 0.781 0.721 0.958 0.905 0.655 0.423 0.547 0.604 0.444 0.300 0.328 0.504 0.917 0.966 0.893 0.395 0.315 0.337 0.383 0.665 0.588 0.600 0.631 0.607 0.238 0.237 0.934 1.058 0.554 0.265 0.242 0.231 0.637 0.337 0.393 0.867 1.246 1.222 1.306 1.385 1.295 1.117 1.145 1.247 1.246 0.744 0.455 0.316 0.420 0.701 0.891 0.512 0.308 0.430 0.689 0.914 0.386 0.191 0.278 0.449 0.841 1.006 0.984 0.864 0.645 0.272
0.411 0.394 0.474 0.501 0.581 0.701 0.646 0.721 0.554 0.613 0.616 0.805 0.825 0.464 0.418 0.280 0.170 0.289 0.659 0.625 0.482 0.634 0.483 0.696 0.809 0.970 0.456 0.327 0.548 0.505 0.872 1.025 0.708 0.851 0.574 0.240 0.225 0.950 0.580 0.234 0.395 0.574 0.519 0.530 0.273 0.496 1.033 1.323 1.341 1.335 1.238 0.815 0.523 0.511 0.656 0.996 1.317 0.977 0.874 0.940 0.953 0.366 0.288 0.404 0.309 0.220 0.787 0.292 0.220 0.566 0.984 0.919 0.649 0.300 0.293 0.225 0.451
0.441 0.441 0.453 0.543 0.699 0.580 0.570 0.560 0.432 0.518 0.530 0.571 0.531 0.390 0.228 0.355 0.308 0.416 0.752 0.799 0.415 0.244 0.220 0.221 0.453 0.945 0.295 0.358 0.471 0.323 0.476 1.144 0.823 0.273 0.283 0.269 0.365 1.020 0.272 0.260 0.384 0.183 0.452 0.380 0.235 0.477 1.129 1.240 0.781 0.533 0.523 0.533 0.478 0.466 0.514 0.474 1.091 1.324 0.781 0.384 0.586 0.646 0.649 0.456 0.490 0.612 0.450 0.254 0.461 0.794 0.983 0.481 0.415 0.370 0.548 0.644 0.905
0.487 0.486 0.417 0.390 0.622 0.364 0.489 0.463 0.344 0.558 0.584 0.469 0.459 0.356 0.313 0.456 0.361 0.427 0.451 0.731 0.735 0.457 0.213 0.285 0.618 1.020 0.477 0.394 0.424 0.507 0.635 1.074 1.056 0.852 0.780 0.367 0.900 1.059 0.446 0.244 0.508 0.268 0.646 0.637 0.693 0.731 1.269 1.175 0.616 0.300 0.513 0.633 0.714 0.521 1.085 0.823 1.002 1.189 0.504 0.379 0.541 0.551 0.707 0.281 0.327 0.682 0.401 0.581 0.928 0.695 0.492 0.630 0.311 0.446 0.249 0.328 0.857
0.426 0.413 0.413 0.403 0.409 0.336 0.371 0.425 0.480 0.482 0.604 0.397 0.499 0.448 0.375 0.268 0.399 0.190 0.267 0.392 0.771 0.793 0.392 0.221 0.455 0.894 0.376 0.326 0.366 0.331 0.468 1.035 1.146 1.137 1.167 1.044 1.167 1.146 0.905 0.620 0.273 0.278 0.458 0.930 1.190 1.271 1.338 1.258 1.097 0.446 0.521 0.847 0.767 0.945 0.968 0.701 1.082 1.240 1.002 0.342 0.569 0.443 0.335 0.531 0.380 0.586 0.820 0.806 0.546 0.209 0.329 0.344 0.366 0.713 0.444 0.527 0.969
0.428 0.391 0.317 0.366 0.404 0.380 0.364 0.379 0.412 0.382 0.679 0.437 0.488 0.445 0.406 0.352 0.252 0.354 0.299 0.321 0.461 0.527 0.746 0.305 0.380 0.696 0.430 0.264 0.420 0.741 1.045 0.995 0.539 0.636 0.695 0.937 1.038 1.079 1.125 1.089 0.429 0.160 0.299 0.413 1.112 1.344 1.287 1.079 1.107 0.862 0.847 0.760 0.897 1.195 0.638 0.402 0.494 0.636 1.198 0.907 0.889 0.556 0.373 0.464 0.722 0.640 0.981 0.530 0.219 0.236 0.241 0.304 0.452 0.908 0.703 0.694 0.978
0.455 0.489 0.395 0.382 0.389 0.464 0.522 0.500 0.284 0.428 0.716 0.492 0.716 0.594 0.398 0.331 0.374 0.589 0.340 0.334 0.203 0.524 0.731 0.387 0.378 0.490 0.502 0.308 0.482 0.964 0.828 0.377 0.240 0.364 0.239 0.446 0.310 0.538 0.713 1.127 0.474 0.130 0.264 0.437 1.109 1.247 0.739 0.373 0.471 0.493 0.515 0.427 0.568 0.517 0.686 0.512 0.353 0.700 1.143 0.694 0.350 0.618 0.353 0.440 0.999 1.043 0.918 0.765 0.622 0.699 0.488 0.613 0.868 0.840 0.827 0.848 0.831
0.388 0.376 0.516 0.535 0.468 0.391 0.437 0.598 0.574 0.531 0.315 0.503 0.499 0.623 0.320 0.323 0.449 0.468 0.209 0.284 0.141 0.262 0.681 0.606 0.380 0.348 0.413 0.612 0.691 0.999 0.497 0.311 0.426 0.230 0.327 0.339 0.138 0.414 0.337 1.084 0.813 0.309 0.299 0.833 1.227 1.141 0.521 0.376 0.430 0.503 0.703 0.696 0.903 0.764 0.710 0.527 0.798 1.168 0.419 0.376 0.346 0.508 0.795 0.966 0.581 0.532 0.276 0.247 0.320 0.401 0.656 0.787 0.846 0.825 0.782 0.800 0.864
0.351 0.360 0.439 0.366 0.410 0.445 0.370 0.348 0.385 0.400 0.380 0.360 0.434 0.641 0.674 0.785 0.838 0.719 0.428 0.282 0.153 0.478 0.676 0.572 0.290 0.418 0.428 0.648 0.839 1.004 0.492 0.353 0.232 0.274 0.312 0.360 0.244 0.400 0.293 0.728 1.131 0.839 0.365 0.736 1.219 1.208 0.825 0.350 0.327 0.465 0.725 0.487 0.681 0.619 0.347 0.684 1.151 0.693 0.342 0.460 0.571 0.666 0.965 0.733 0.262 0.227 0.097 0.179 0.321 0.265 0.315 0.320 0.633 0.750 0.869 0.967 0.938
0.326 0.351 0.432 0.428 0.443 0.482 0.571 0.485 0.461 0.533 0.374 0.395 0.410 0.473 0.509 0.462 0.481 0.701 0.663 0.569 0.407 0.500 0.542 0.704 0.419 0.284 0.326 0.455 0.463 0.840 0.857 0.708 0.445 0.420 0.353 0.457 0.313 0.332 0.208 0.344 1.093 0.930 0.490 1.138 1.216 1.177 0.901 0.655 0.490 0.397 0.372 0.567 0.804 0.694 0.441 0.658 1.141 1.089 0.646 0.343 0.852 1.061 0.848 0.415 0.373 0.179 0.119 0.513 0.454 0.293 0.306 0.635 0.236 0.252 0.502 0.981 0.959
0.398 0.356 0.345 0.357 0.434 0.518 0.452 0.460 0.401 0.459 0.395 0.486 0.282 0.423 0.360 0.307 0.254 0.429 0.634 0.817 0.816 0.718 0.453 0.393 0.318 0.272 0.346 0.339 0.467 0.835 0.946 0.815 0.713 0.671 0.582 0.496 0.329 0.417 0.514 0.698 1.080 1.122 1.118 1.170 0.693 0.470 0.429 0.576 0.419 0.741 0.471 0.485 1.185 0.888 0.475 0.667 0.730 0.704 0.697 1.053 0.917 1.050 0.515 0.193 0.093 0.168 0.371 0.292 0.635 0.653 0.846 0.628 0.474 0.408 0.771 0.931 0.755
0.478 0.453 0.342 0.423 0.466 0.412 0.507 0.505 0.447 0.422 0.314 0.421 0.278 0.287 0.277 0.174 0.191 0.202 0.289 0.509 0.770 0.870 0.461 0.276 0.264 0.276 0.265 0.413 0.447 0.732 0.995 0.619 0.349 0.444 0.373 0.451 0.459 0.319 0.238 0.444 0.955 1.138 1.010 0.673 0.275 0.330 0.406 0.588 0.840 0.525 0.612 0.834 1.258 0.739 0.517 0.654 1.023 0.608 0.994 0.959 0.877 1.098 0.566 0.314 0.110 0.135 0.917 0.950 0.901 0.900 0.862 0.932 0.948 0.952 0.919 0.653 0.556
0.374 0.525 0.521 0.515 0.514 0.434 0.394 0.382 0.375 0.503 0.389 0.319 0.313 0.258 0.310 0.338 0.254 0.257 0.335 0.422 0.599 0.918 0.637 0.343 0.379 0.431 0.225 0.384 0.692 0.901 0.970 0.361 0.266 0.247 0.374 0.260 0.582 0.425 0.239 0.266 0.816 1.147 0.903 0.397 0.332 0.651 0.734 0.819 0.710 0.553 0.970 1.313 0.706 0.660 0.641 1.024 1.068 0.932 1.236 0.483 0.273 0.512 1.039 0.489 0.509 0.710 0.658 0.304 0.510 0.295 0.389 0.743 0.967 0.777 0.681 0.738 0.500
0.442 0.378 0.467 0.368 0.307 0.335 0.371 0.411 0.487 0.516 0.520 0.454 0.346 0.206 0.201 0.498 0.301 0.262 0.226 0.186 0.417 0.788 0.937 0.694 0.813 0.899 0.864 0.911 1.019 0.987 0.630 0.347 0.301 0.346 0.335 0.272 0.634 0.384 0.321 0.542 0.899 1.123 0.623 0.433 0.339 0.417 0.731 0.496 0.994 0.999 1.360 1.255 0.513 0.743 0.766 0.802 1.238 1.249 1.119 0.416 0.207 0.352 0.918 1.036 0.654 0.295 0.295 0.217 0.255 0.379 0.771 0.740 0.895 0.774 0.811 0.848 0.805
0.401 0.316 0.386 0.257 0.377 0.381 0.388 0.543 0.513 0.389 0.548 0.710 0.616 0.503 0.391 0.568 0.519 0.345 0.253 0.247 0.260 0.561 0.728 0.949 0.659 0.696 0.514 0.433 0.829 0.753 0.304 0.401 0.343 0.482 0.415 0.305 0.656 0.321 0.370 0.449 0.923 1.115 0.836 0.728 0.461 0.470 0.555 0.546 0.601 0.513 0.985 1.337 0.948 0.824 0.801 0.801 0.622 0.691 1.198 0.663 0.244 0.297 0.500 0.554 0.185 0.278 0.394 0.460 0.335 0.452 0.735 0.863 0.754 0.838 0.790 0.916 0.825
0.363 0.422 0.403 0.399 0.409 0.456 0.474 0.487 0.346 0.436 0.549 0.507 0.466 0.449 0.437 0.644 0.721 0.380 0.405 0.232 0.244 0.313 0.433 0.684 0.477 0.360 0.322 0.409 0.780 0.786 0.365 0.395 0.534 0.291 0.352 0.444 0.632 0.461 0.318 0.403 0.912 0.977 0.815 0.748 0.435 0.546 0.617 0.630 0.588 0.759 1.218 1.389 0.969 0.403 0.463 0.833 0.647 0.565 1.286 0.922 0.388 0.569 0.435 0.383 0.620 0.409 0.189 0.365 0.346 0.637 0.780 0.967 0.941 0.908 0.922 0.983 0.951
0.290 0.384 0.372 0.529 0.479 0.417 0.454 0.414 0.298 0.542 0.329 0.228 0.437 0.241 0.302 0.479 0.759 0.714 0.345 0.267 0.158 0.320 0.413 0.658 0.347 0.251 0.301 0.385 0.811 0.870 0.510 0.364 0.443 0.456 0.373 0.432 0.890 0.769 0.449 0.200 0.874 0.537 0.356 0.801 0.841 0.361 0.645 0.513 0.644 1.047 1.374 1.239 1.131 0.896 1.091 1.269 0.637 0.733 1.238 0.763 0.221 0.115 0.169 0.368 0.337 0.751 0.354 0.449 0.402 0.906 0.871 0.849 0.806 0.847 0.818 0.847 0.952
0.370 0.334 0.483 0.421 0.308 0.354 0.407 0.294 0.388 0.323 0.302 0.214 0.345 0.231 0.086 0.321 0.396 0.897 0.450 0.252 0.229 0.268 0.316 0.480 0.342 0.263 0.332 0.545 0.841 0.677 0.289 0.298 0.270 0.390 0.463 0.687 1.084 1.046 0.492 0.415 1.011 0.729 0.411 0.413 0.504 0.571 0.912 0.795 1.086 1.275 1.245 0.682 0.864 1.145 1.212 1.198 1.150 0.963 1.076 0.674 0.175 0.328 0.296 0.317 0.198 0.440 0.798 0.929 0.803 0.765 0.411 0.844 0.914 0.866 0.860 0.939 1.016
0.491 0.475 0.393 0.410 0.481 0.326 0.485 0.513 0.450 0.310 0.229 0.067 0.125 0.190 0.100 0.224 0.382 0.914 0.829 0.368 0.296 0.361 0.424 0.508 0.321 0.273 0.371 0.635 0.724 0.522 0.261 0.411 0.504 0.326 0.330 0.373 0.890 1.097 1.012 1.007 1.119 1.153 0.923 0.498 0.587 0.939 1.319 1.341 1.141 0.888 0.568 0.400 0.399 0.877 0.820 0.394 0.598 1.134 1.152 0.629 0.480 0.406 0.341 0.402 0.389 0.508 0.863 0.327 0.462 0.369 0.546 0.717 0.949 0.989 0.913 0.999 0.935
0.472 0.360 0.392 0.573 0.322 0.340 0.429 0.233 0.289 0.282 0.225 0.204 0.123 0.105 0.181 0.227 0.437 0.522 0.894 0.474 0.536 0.697 0.519 0.298 0.268 0.363 0.477 0.731 0.429 0.414 0.283 0.414 0.444 0.363 0.458 0.515 0.827 1.099 1.096 0.993 0.644 0.638 1.039 1.148 1.179 1.318 1.033 0.840 0.602 0.497 0.533 0.549 0.945 0.894 0.389 0.603 0.716 1.194 0.537 0.253 0.329 0.204 0.385 0.749 0.455 0.884 0.934 0.362 0.170 0.248 0.545 0.425 0.959 0.993 0.882 0.885 0.967
0.355 0.390 0.448 0.512 0.291 0.325 0.527 0.214 0.255 0.278 0.182 0.252 0.046 0.086 0.206 0.259 0.454 0.725 0.976 0.714 0.746 0.421 0.248 0.155 0.282 0.570 0.870 0.669 0.613 0.339 0.226 0.353 0.378 0.446 0.368 0.361 0.392 1.014 1.086 0.925 0.626 0.724 0.623 0.980 1.123 0.922 0.754 0.570 0.592 0.659 0.881 1.108 1.193 0.558 0.510 1.006 1.070 1.189 0.823 0.550 0.185 0.331 0.626 1.009 1.008 0.886 0.356 0.402 0.266 0.434 0.196 0.727 0.996 0.642 0.548 0.743 0.699
0.402 0.469 0.482 0.324 0.316 0.480 0.547 0.188 0.230 0.244 0.188 0.190 0.172 0.101 0.045 0.061 0.279 0.834 0.484 0.308 0.304 0.267 0.212 0.269 0.343 0.624 0.726 0.517 0.524 0.516 0.384 0.310 0.550 0.525 0.377 0.775 0.525 1.031 1.018 0.806 0.918 0.469 0.531 0.601 0.748 0.549 0.501 0.587 0.606 0.877 1.311 1.026 0.694 0.561 0.470 0.422 0.610 0.930 0.649 0.333 0.444 0.743 0.961 0.787 0.444 0.439 0.331 0.409 0.411 0.644 0.273 0.293 0.856 0.496 0.814 0.666 0.519
0.367 0.367 0.399 0.470 0.575 0.379 0.482 0.281 0.096 0.156 0.145 0.316 0.352 0.175 0.137 0.138 0.320 0.989 0.493 0.215 0.163 0.260 0.436 0.597 0.693 0.888 0.572 0.345 0.343 0.430 0.556 0.478 0.418 0.443 0.324 0.909 0.856 1.018 0.657 0.352 0.545 0.691 0.610 0.516 0.721 0.502 0.533 0.744 1.043 1.017 0.929 0.462 0.483 0.611 0.630 0.463 0.913 1.181 0.429 0.731 1.053 1.015 0.645 0.421 0.348 0.277 0.217 0.371 0.464 0.438 0.670 0.446 0.879 0.974 0.993 0.747 0.662
0.539 0.535 0.430 0.333 0.380 0.268 0.200 0.318 0.171 0.185 0.211 0.196 0.382 0.340 0.176 0.317 0.431 0.957 0.416 0.259 0.210 0.387 0.725 0.896 0.641 0.438 0.380 0.303 0.320 0.490 0.366 0.775 0.410 0.329 0.391 1.018 1.004 1.069 0.762 0.347 0.301 0.441 0.379 0.691 0.961 0.685 1.080 1.090 1.242 1.131 0.857 0.727 0.834 1.159 0.591 0.495 0.696 1.067 1.061 1.100 0.771 0.916 0.352 0.213 0.258 0.488 0.462 0.418 0.406 0.282 0.461 0.970 0.882 0.669 0.443 0.971 0.819
0.361 0.298 0.318 0.241 0.389 0.271 0.278 0.227 0.255 0.214 0.159 0.168 0.261 0.497 0.157 0.158 0.332 0.960 0.873 0.315 0.312 0.584 0.864 0.421 0.391 0.303 0.331 0.409 0.573 0.595 0.335 0.717 0.317 0.386 1.014 0.792 0.337 0.506 0.467 0.380 0.331 0.581 0.630 1.089 0.872 0.762 1.234 0.921 0.968 0.550 0.457 0.642 0.499 1.107 0.905 0.689 1.138 1.175 1.018 0.675 0.145 0.414 0.385 0.378 0.655 0.293 0.967 0.563 0.511 0.624 0.941 0.466 0.500 0.410 0.368 0.753 1.015
0.305 0.393 0.404 0.412 0.359 0.328 0.376 0.264 0.203 0.132 0.234 0.273 0.171 0.258 0.342 0.256 0.421 0.533 0.919 0.701 0.641 0.812 0.567 0.237 0.317 0.326 0.304 0.469 0.544 0.527 0.761 0.729 0.242 0.364 0.891 0.640 0.267 0.326 0.469 0.366 0.408 0.677 0.942 1.192 0.860 1.071 0.923 0.664 0.969 0.981 0.754 0.652 0.652 1.110 0.434 0.724 1.187 0.585 0.237 0.389 0.254 0.144 0.224 0.160 0.538 0.639 0.989 1.018 0.997 1.038 0.672 0.381 0.365 0.336 0.485 0.370 0.898
0.467 0.378 0.287 0.282 0.261 0.273 0.230 0.316 0.311 0.154 0.118 0.072 0.155 0.203 0.351 0.352 0.399 0.414 0.585 0.945 0.686 0.424 0.320 0.260 0.276 0.481 0.289 0.342 0.219 0.409 0.724 0.655 0.572 0.640 0.901 0.421 0.259 0.362 0.471 0.417 0.577 1.041 0.777 0.604 1.098 1.044 0.743 0.677 0.629 0.597 0.992 0.701 0.791 0.858 0.531 1.164 0.766 0.230 0.336 0.243 0.273 0.421 0.286 0.460 0.596 1.036 0.859 0.537 0.381 0.778 0.791 0.497 0.712 0.563 0.432 0.546 1.049
0.408 0.273 0.290 0.238 0.232 0.272 0.287 0.291 0.282 0.301 0.223 0.114 0.131 0.172 0.352 0.486 0.318 0.219 0.562 0.781 0.489 0.368 0.229 0.346 0.281 0.527 0.314 0.415 0.300 0.589 0.779 0.773 0.956 0.871 0.868 0.424 0.306 0.349 0.432 0.643 0.992 1.049 0.677 0.515 0.750 0.750 0.728 1.020 0.930 0.833 1.141 0.627 0.719 0.857 1.183 0.689 0.380 0.154 0.177 0.609 0.250 0.338 0.680 0.589 0.875 0.923 0.397 0.539 0.375 0.595 0.980 0.418 0.701 0.213 0.476 0.760 1.020
0.319 0.365 0.302 0.383 0.262 0.229 0.185 0.186 0.232 0.363 0.253 0.154 0.125 0.125 0.374 0.726 0.535 0.378 0.784 0.544 0.374 0.352 0.282 0.380 0.395 0.396 0.435 0.459 0.417 0.407 0.666 1.036 0.782 0.757 0.712 0.903 0.349 0.343 0.759 0.812 0.466 0.460 0.889 0.624 0.822 0.611 0.529 0.628 0.571 0.604 1.208 0.905 0.701 1.110 1.046 0.325 0.327 0.615 0.680 0.832 1.101 1.100 1.084 1.055 0.920 0.308 0.249 0.733 0.926 1.016 0.986 0.998 0.841 0.302 0.555 0.982 1.041
