Data/res-0210.wd
ncols         433
nrows         491
xllcorner     1194560.000000
yllcorner     -584471.000000
cellsize      25.000000
NODATA_value  -9999.000000
[rows 272 to 305 of 491, columns 77 to 153 of 433]
0.139 0.033 0.064 0.046 0.047 0.001 0.041 0.111 0.022 0.001 0.001 0.044 0.096 0.023 0.049 0.001 0.017 0.086 0.127 0.109 0.110 0.163 0.074 0.017 0.024 0.095 0.133 0.035 0.036 0.117 0.024 0.001 0.010 0.000 0.007 0.027 0.056 0.035 0.155 0.225 0.035 0.044 0.009 0.033 0.154 0.110 0.240 0.177 0.131 0.176 0.176 0.084 0.056 0.124 0.049 0.043 0.088 0.033 0.146 0.003 0.110 0.083 0.069 0.045 0.024 0.015 0.023 0.034 0.249 0.089 0.000 0.000 0.000 0.007 0.031 0.047 0.062
0.247 0.088 0.050 0.076 0.121 0.075 0.001 0.085 0.141 0.001 0.001 0.001 0.008 0.082 0.106 0.132 0.093 0.016 0.004 0.167 0.239 0.194 0.239 0.217 0.199 0.260 0.192 0.047 0.044 0.041 0.036 0.004 0.004 0.001 0.001 0.001 0.001 0.026 0.118 0.226 0.001 0.000 0.005 0.029 0.001 0.009 0.258 0.123 0.084 0.099 0.070 0.176 0.157 0.083 0.115 0.108 0.099 0.105 0.030 0.027 0.040 0.006 0.025 0.013 0.013 0.017 0.012 0.004 0.011 0.147 0.000 0.000 0.000 0.047 0.117 0.083 0.060
0.215 0.204 0.081 0.001 0.028 0.145 0.082 0.007 0.118 0.088 0.015 0.011 0.001 0.001 0.001 0.001 0.001 0.065 0.138 0.330 0.053 0.001 0.001 0.008 0.007 0.056 0.338 0.342 0.204 0.094 0.015 0.023 0.004 0.003 0.001 0.001 0.036 0.034 0.070 0.263 0.001 0.001 0.037 0.019 0.001 0.101 0.232 0.107 0.030 0.047 0.109 0.075 0.217 0.302 0.254 0.145 0.181 0.065 0.040 0.009 0.091 0.009 0.071 0.016 0.006 0.024 0.011 0.004 0.000 0.169 0.000 0.000 0.001 0.028 0.096 0.112 0.106
0.069 0.137 0.150 0.013 0.060 0.079 0.073 0.099 0.041 0.062 0.095 0.021 0.039 0.001 0.005 0.021 0.026 0.001 0.113 0.329 0.169 0.024 0.056 0.073 0.202 0.191 0.197 0.037 0.119 0.263 0.131 0.010 0.026 0.029 0.001 0.098 0.137 0.120 0.080 0.342 0.069 0.057 0.150 0.215 0.109 0.034 0.137 0.161 0.138 0.099 0.175 0.200 0.220 0.134 0.146 0.226 0.270 0.155 0.136 0.077 0.071 0.126 0.132 0.044 0.027 0.038 0.035 0.015 0.023 0.174 0.001 0.001 0.001 0.011 0.038 0.114 0.105
0.118 0.145 0.204 0.136 0.062 0.109 0.060 0.148 0.080 0.001 0.076 0.147 0.186 0.093 0.001 0.016 0.202 0.104 0.222 0.126 0.295 0.049 0.003 0.113 0.098 0.093 0.196 0.034 0.001 0.063 0.229 0.036 0.064 0.084 0.075 0.016 0.001 0.001 0.001 0.091 0.400 0.325 0.226 0.258 0.289 0.071 0.007 0.229 0.126 0.061 0.056 0.158 0.089 0.058 0.121 0.088 0.065 0.322 0.307 0.270 0.232 0.243 0.038 0.044 0.084 0.023 0.032 0.049 0.061 0.052 0.018 0.019 0.012 0.013 0.051 0.046 0.104
0.051 0.038 0.076 0.186 0.046 0.022 0.072 0.065 0.181 0.090 0.001 0.001 0.013 0.142 0.196 0.228 0.128 0.191 0.150 0.013 0.118 0.252 0.067 0.042 0.043 0.063 0.115 0.103 0.128 0.064 0.229 0.258 0.138 0.055 0.001 0.001 0.001 0.001 0.073 0.198 0.141 0.191 0.214 0.081 0.077 0.221 0.001 0.074 0.067 0.013 0.085 0.116 0.081 0.058 0.156 0.236 0.229 0.347 0.075 0.043 0.072 0.175 0.054 0.020 0.032 0.056 0.026 0.029 0.069 0.031 0.001 0.017 0.025 0.070 0.086 0.146 0.182
0.021 0.022 0.040 0.069 0.125 0.092 0.026 0.080 0.116 0.205 0.109 0.005 0.001 0.039 0.041 0.035 0.131 0.143 0.080 0.022 0.010 0.230 0.097 0.042 0.051 0.110 0.077 0.049 0.019 0.019 0.184 0.079 0.017 0.035 0.034 0.036 0.096 0.130 0.038 0.179 0.111 0.196 0.042 0.001 0.161 0.260 0.030 0.033 0.118 0.204 0.102 0.137 0.169 0.216 0.297 0.081 0.294 0.124 0.194 0.181 0.111 0.069 0.119 0.047 0.007 0.008 0.008 0.061 0.000 0.000 0.012 0.021 0.009 0.004 0.045 0.057 0.086
0.094 0.165 0.103 0.053 0.005 0.092 0.035 0.032 0.025 0.107 0.261 0.217 0.068 0.001 0.064 0.147 0.113 0.042 0.128 0.196 0.183 0.249 0.004 0.003 0.004 0.044 0.024 0.085 0.169 0.161 0.125 0.038 0.035 0.001 0.001 0.015 0.104 0.019 0.075 0.081 0.083 0.052 0.016 0.177 0.155 0.363 0.230 0.114 0.079 0.324 0.330 0.193 0.130 0.319 0.149 0.123 0.353 0.133 0.142 0.088 0.176 0.105 0.077 0.095 0.056 0.021 0.014 0.022 0.000 0.000 0.000 0.000 0.000 0.016 0.023 0.064 0.129
0.151 0.058 0.102 0.176 0.038 0.061 0.001 0.001 0.030 0.164 0.130 0.182 0.239 0.233 0.195 0.082 0.019 0.067 0.012 0.077 0.189 0.236 0.004 0.054 0.119 0.125 0.021 0.228 0.177 0.113 0.001 0.029 0.080 0.092 0.041 0.210 0.006 0.083 0.067 0.097 0.154 0.074 0.170 0.024 0.102 0.186 0.367 0.432 0.380 0.319 0.241 0.391 0.327 0.234 0.381 0.342 0.300 0.130 0.081 0.126 0.202 0.007 0.045 0.018 0.046 0.008 0.007 0.000 0.000 0.000 0.000 0.000 0.000 0.019 0.023 0.124 0.129
0.001 0.001 0.029 0.091 0.177 0.068 0.026 0.001 0.011 0.006 0.011 0.032 0.018 0.071 0.079 0.056 0.154 0.118 0.001 0.035 0.305 0.289 0.087 0.045 0.196 0.038 0.023 0.199 0.024 0.001 0.001 0.001 0.021 0.001 0.001 0.030 0.144 0.209 0.115 0.104 0.080 0.186 0.011 0.034 0.066 0.041 0.274 0.115 0.157 0.116 0.116 0.293 0.340 0.292 0.363 0.121 0.120 0.118 0.161 0.141 0.092 0.102 0.001 0.000 0.000 0.000 0.000 0.000 0.000 0.001 0.000 0.000 0.048 0.028 0.088 0.188 0.128
0.001 0.001 0.002 0.007 0.136 0.101 0.001 0.001 0.001 0.001 0.001 0.013 0.123 0.246 0.248 0.260 0.339 0.415 0.323 0.317 0.292 0.204 0.118 0.057 0.064 0.069 0.069 0.197 0.007 0.022 0.001 0.001 0.001 0.001 0.001 0.032 0.245 0.220 0.083 0.062 0.172 0.001 0.000 0.001 0.030 0.221 0.124 0.089 0.047 0.136 0.309 0.344 0.115 0.184 0.283 0.166 0.173 0.204 0.202 0.097 0.072 0.048 0.051 0.085 0.057 0.101 0.004 0.000 0.000 0.010 0.071 0.005 0.117 0.089 0.176 0.147 0.158
0.001 0.001 0.026 0.004 0.080 0.224 0.001 0.037 0.075 0.117 0.083 0.107 0.140 0.094 0.071 0.077 0.073 0.335 0.104 0.115 0.048 0.054 0.170 0.013 0.032 0.180 0.219 0.082 0.016 0.013 0.001 0.001 0.001 0.001 0.005 0.302 0.298 0.121 0.038 0.016 0.027 0.087 0.086 0.047 0.249 0.148 0.060 0.038 0.069 0.258 0.275 0.094 0.066 0.190 0.192 0.309 0.111 0.050 0.119 0.161 0.171 0.173 0.165 0.095 0.001 0.001 0.001 0.000 0.000 0.000 0.097 0.081 0.152 0.086 0.199 0.162 0.204
0.009 0.006 0.001 0.066 0.105 0.237 0.028 0.001 0.001 0.001 0.001 0.024 0.015 0.014 0.051 0.095 0.124 0.257 0.217 0.011 0.070 0.093 0.195 0.026 0.110 0.261 0.198 0.065 0.001 0.052 0.017 0.030 0.017 0.013 0.183 0.342 0.117 0.090 0.056 0.072 0.022 0.020 0.001 0.082 0.069 0.041 0.084 0.201 0.305 0.188 0.145 0.185 0.096 0.122 0.085 0.162 0.229 0.115 0.176 0.250 0.156 0.072 0.006 0.004 0.001 0.001 0.000 0.000 0.000 0.009 0.139 0.074 0.096 0.146 0.212 0.154 0.227
0.043 0.069 0.001 0.001 0.001 0.140 0.235 0.137 0.002 0.001 0.030 0.016 0.093 0.122 0.149 0.147 0.206 0.133 0.379 0.170 0.049 0.082 0.217 0.022 0.088 0.137 0.071 0.087 0.038 0.017 0.039 0.021 0.017 0.137 0.177 0.351 0.071 0.031 0.021 0.001 0.001 0.001 0.014 0.057 0.037 0.084 0.069 0.082 0.076 0.145 0.161 0.197 0.269 0.282 0.137 0.081 0.114 0.100 0.248 0.104 0.020 0.044 0.008 0.013 0.091 0.000 0.000 0.020 0.070 0.194 0.189 0.084 0.116 0.197 0.215 0.269 0.232
0.011 0.103 0.001 0.001 0.014 0.029 0.094 0.396 0.416 0.384 0.373 0.407 0.361 0.249 0.245 0.194 0.161 0.295 0.280 0.321 0.025 0.018 0.147 0.054 0.037 0.154 0.024 0.057 0.042 0.097 0.013 0.003 0.078 0.148 0.104 0.333 0.056 0.030 0.023 0.001 0.001 0.011 0.010 0.032 0.038 0.024 0.044 0.109 0.128 0.172 0.112 0.093 0.125 0.354 0.078 0.156 0.131 0.082 0.297 0.054 0.019 0.049 0.116 0.158 0.173 0.051 0.066 0.135 0.014 0.094 0.199 0.068 0.068 0.234 0.153 0.307 0.204
0.001 0.140 0.192 0.118 0.286 0.292 0.266 0.358 0.156 0.146 0.290 0.124 0.157 0.217 0.117 0.242 0.187 0.071 0.028 0.233 0.231 0.140 0.129 0.058 0.053 0.105 0.020 0.194 0.116 0.016 0.001 0.064 0.208 0.130 0.189 0.380 0.056 0.055 0.001 0.001 0.001 0.001 0.025 0.040 0.007 0.021 0.025 0.044 0.087 0.097 0.099 0.196 0.259 0.370 0.171 0.181 0.084 0.240 0.276 0.144 0.085 0.136 0.072 0.007 0.000 0.003 0.001 0.127 0.212 0.250 0.217 0.185 0.097 0.251 0.319 0.329 0.165
0.051 0.235 0.228 0.207 0.132 0.074 0.154 0.210 0.001 0.043 0.182 0.001 0.017 0.048 0.100 0.145 0.093 0.005 0.084 0.198 0.090 0.104 0.098 0.131 0.136 0.081 0.075 0.093 0.096 0.008 0.020 0.096 0.136 0.066 0.082 0.289 0.121 0.034 0.001 0.001 0.001 0.001 0.004 0.042 0.030 0.051 0.032 0.030 0.090 0.102 0.169 0.106 0.029 0.214 0.196 0.187 0.331 0.330 0.060 0.067 0.026 0.115 0.138 0.001 0.018 0.000 0.000 0.000 0.042 0.256 0.108 0.308 0.088 0.116 0.113 0.286 0.311
0.169 0.150 0.001 0.001 0.001 0.001 0.011 0.112 0.001 0.053 0.034 0.012 0.030 0.025 0.039 0.053 0.110 0.020 0.089 0.071 0.046 0.075 0.088 0.024 0.170 0.080 0.137 0.001 0.011 0.107 0.111 0.211 0.087 0.066 0.139 0.150 0.243 0.038 0.001 0.001 0.014 0.001 0.046 0.037 0.021 0.028 0.097 0.039 0.053 0.076 0.044 0.041 0.080 0.127 0.016 0.116 0.113 0.192 0.056 0.006 0.035 0.070 0.197 0.009 0.047 0.111 0.034 0.051 0.034 0.099 0.083 0.366 0.229 0.180 0.168 0.174 0.369
0.219 0.001 0.001 0.001 0.001 0.001 0.030 0.001 0.001 0.011 0.016 0.011 0.031 0.118 0.194 0.166 0.018 0.099 0.174 0.071 0.037 0.047 0.133 0.005 0.017 0.022 0.176 0.001 0.010 0.217 0.203 0.136 0.088 0.086 0.071 0.139 0.282 0.086 0.001 0.005 0.004 0.002 0.015 0.010 0.040 0.042 0.067 0.112 0.056 0.036 0.042 0.043 0.210 0.048 0.050 0.081 0.119 0.083 0.158 0.034 0.020 0.017 0.117 0.260 0.186 0.127 0.134 0.170 0.175 0.259 0.253 0.226 0.329 0.168 0.165 0.271 0.300
0.076 0.001 0.001 0.001 0.001 0.001 0.001 0.001 0.002 0.005 0.030 0.032 0.246 0.205 0.245 0.262 0.020 0.030 0.182 0.278 0.063 0.005 0.174 0.019 0.001 0.029 0.112 0.252 0.099 0.199 0.118 0.181 0.095 0.133 0.048 0.061 0.115 0.242 0.067 0.058 0.001 0.001 0.035 0.010 0.035 0.029 0.022 0.030 0.100 0.094 0.078 0.159 0.116 0.083 0.133 0.115 0.064 0.052 0.215 0.083 0.100 0.138 0.172 0.143 0.000 0.000 0.000 0.057 0.110 0.280 0.030 0.148 0.198 0.326 0.149 0.343 0.141
0.098 0.001 0.001 0.001 0.001 0.011 0.001 0.001 0.021 0.010 0.112 0.203 0.122 0.014 0.200 0.308 0.238 0.220 0.205 0.068 0.121 0.030 0.147 0.011 0.001 0.001 0.001 0.389 0.269 0.154 0.145 0.200 0.079 0.179 0.174 0.102 0.144 0.067 0.266 0.067 0.001 0.004 0.081 0.029 0.047 0.047 0.027 0.018 0.023 0.026 0.026 0.023 0.046 0.051 0.065 0.033 0.108 0.253 0.121 0.060 0.042 0.039 0.015 0.072 0.000 0.000 0.000 0.036 0.048 0.314 0.063 0.136 0.211 0.086 0.357 0.211 0.125
0.067 0.001 0.000 0.000 0.001 0.001 0.001 0.014 0.044 0.194 0.269 0.093 0.039 0.184 0.150 0.046 0.069 0.054 0.028 0.016 0.084 0.079 0.270 0.097 0.001 0.001 0.052 0.231 0.461 0.171 0.107 0.151 0.215 0.101 0.118 0.168 0.162 0.103 0.231 0.088 0.001 0.078 0.069 0.098 0.069 0.019 0.043 0.102 0.050 0.019 0.031 0.054 0.052 0.128 0.241 0.212 0.242 0.203 0.033 0.113 0.143 0.042 0.006 0.003 0.000 0.001 0.001 0.043 0.121 0.377 0.145 0.127 0.262 0.159 0.100 0.330 0.240
0.001 0.001 0.001 0.003 0.001 0.001 0.001 0.001 0.043 0.023 0.140 0.048 0.019 0.064 0.063 0.204 0.139 0.055 0.070 0.227 0.231 0.163 0.211 0.279 0.001 0.056 0.291 0.279 0.342 0.493 0.205 0.130 0.243 0.083 0.093 0.034 0.092 0.057 0.078 0.249 0.048 0.167 0.063 0.117 0.039 0.026 0.042 0.078 0.173 0.104 0.057 0.046 0.070 0.119 0.286 0.104 0.096 0.165 0.087 0.143 0.194 0.311 0.186 0.052 0.001 0.025 0.057 0.087 0.270 0.384 0.284 0.176 0.102 0.088 0.225 0.338 0.070
0.001 0.001 0.001 0.001 0.001 0.008 0.001 0.001 0.001 0.020 0.109 0.023 0.001 0.005 0.189 0.087 0.027 0.104 0.239 0.174 0.001 0.001 0.001 0.177 0.185 0.093 0.102 0.116 0.179 0.343 0.447 0.392 0.311 0.093 0.141 0.061 0.217 0.244 0.264 0.298 0.284 0.300 0.160 0.253 0.019 0.045 0.081 0.043 0.045 0.029 0.199 0.040 0.025 0.040 0.214 0.099 0.017 0.062 0.029 0.089 0.203 0.343 0.187 0.236 0.284 0.180 0.191 0.246 0.113 0.097 0.166 0.172 0.182 0.129 0.151 0.378 0.154
0.001 0.001 0.001 0.001 0.001 0.006 0.050 0.059 0.058 0.036 0.001 0.001 0.001 0.089 0.155 0.021 0.095 0.032 0.090 0.001 0.001 0.001 0.001 0.048 0.307 0.395 0.240 0.186 0.087 0.140 0.114 0.313 0.544 0.345 0.228 0.046 0.020 0.001 0.001 0.031 0.081 0.016 0.214 0.323 0.098 0.224 0.282 0.390 0.171 0.097 0.175 0.207 0.056 0.171 0.076 0.029 0.101 0.183 0.239 0.313 0.235 0.200 0.001 0.026 0.164 0.010 0.008 0.052 0.030 0.056 0.110 0.101 0.308 0.246 0.174 0.428 0.315
0.001 0.001 0.001 0.001 0.000 0.000 0.001 0.001 0.001 0.001 0.001 0.050 0.023 0.175 0.073 0.000 0.001 0.031 0.001 0.001 0.001 0.001 0.001 0.021 0.065 0.136 0.349 0.265 0.078 0.140 0.169 0.198 0.197 0.293 0.490 0.126 0.059 0.001 0.001 0.001 0.055 0.210 0.250 0.528 0.554 0.312 0.200 0.122 0.347 0.361 0.369 0.299 0.326 0.228 0.056 0.075 0.074 0.038 0.200 0.182 0.146 0.091 0.001 0.063 0.049 0.001 0.042 0.042 0.123 0.125 0.225 0.252 0.137 0.112 0.301 0.343 0.141
0.001 0.001 0.023 0.001 0.001 0.015 0.001 0.001 0.001 0.001 0.048 0.024 0.026 0.188 0.030 0.001 0.037 0.063 0.001 0.001 0.001 0.001 0.001 0.066 0.214 0.135 0.039 0.347 0.223 0.127 0.117 0.160 0.098 0.074 0.255 0.447 0.314 0.240 0.279 0.090 0.069 0.102 0.179 0.331 0.228 0.030 0.070 0.079 0.122 0.124 0.112 0.020 0.146 0.290 0.237 0.101 0.137 0.235 0.353 0.064 0.126 0.110 0.001 0.046 0.004 0.079 0.137 0.073 0.046 0.054 0.193 0.179 0.120 0.196 0.392 0.089 0.098
0.001 0.001 0.001 0.028 0.012 0.001 0.043 0.001 0.001 0.001 0.030 0.001 0.039 0.161 0.003 0.009 0.145 0.001 0.001 0.001 0.001 0.088 0.104 0.110 0.088 0.303 0.341 0.501 0.480 0.518 0.201 0.091 0.162 0.223 0.054 0.090 0.007 0.041 0.265 0.416 0.343 0.310 0.259 0.446 0.137 0.035 0.084 0.001 0.029 0.051 0.027 0.097 0.031 0.169 0.324 0.300 0.273 0.302 0.114 0.001 0.101 0.007 0.001 0.063 0.115 0.098 0.001 0.001 0.028 0.063 0.261 0.145 0.135 0.230 0.314 0.125 0.170
0.001 0.001 0.001 0.001 0.001 0.001 0.001 0.003 0.011 0.001 0.001 0.001 0.024 0.010 0.006 0.080 0.006 0.001 0.001 0.001 0.001 0.205 0.285 0.254 0.266 0.261 0.140 0.418 0.151 0.226 0.454 0.356 0.083 0.144 0.207 0.148 0.118 0.098 0.378 0.043 0.056 0.010 0.055 0.406 0.169 0.042 0.056 0.113 0.132 0.155 0.192 0.255 0.248 0.195 0.065 0.120 0.086 0.193 0.246 0.140 0.051 0.043 0.206 0.243 0.021 0.001 0.011 0.011 0.065 0.072 0.107 0.157 0.064 0.255 0.138 0.079 0.050
0.001 0.024 0.030 0.007 0.001 0.059 0.033 0.001 0.001 0.005 0.003 0.011 0.018 0.005 0.053 0.010 0.001 0.001 0.001 0.027 0.283 0.175 0.034 0.078 0.185 0.179 0.139 0.252 0.158 0.122 0.144 0.359 0.235 0.124 0.277 0.192 0.022 0.278 0.286 0.017 0.021 0.164 0.069 0.340 0.258 0.115 0.050 0.073 0.291 0.232 0.070 0.056 0.084 0.154 0.085 0.020 0.083 0.010 0.117 0.347 0.307 0.300 0.178 0.073 0.013 0.081 0.155 0.117 0.129 0.071 0.070 0.176 0.072 0.161 0.074 0.115 0.300
0.001 0.001 0.001 0.001 0.001 0.001 0.060 0.076 0.136 0.112 0.079 0.168 0.131 0.105 0.177 0.001 0.000 0.000 0.001 0.068 0.274 0.064 0.056 0.062 0.137 0.089 0.124 0.166 0.114 0.130 0.163 0.198 0.422 0.433 0.079 0.001 0.045 0.001 0.001 0.110 0.094 0.265 0.301 0.250 0.486 0.194 0.146 0.085 0.136 0.085 0.089 0.062 0.102 0.049 0.082 0.147 0.100 0.113 0.307 0.128 0.101 0.174 0.022 0.009 0.001 0.122 0.038 0.023 0.079 0.124 0.110 0.173 0.025 0.068 0.225 0.241 0.241
0.001 0.001 0.001 0.001 0.001 0.001 0.001 0.001 0.001 0.082 0.261 0.033 0.001 0.001 0.076 0.032 0.000 0.000 0.099 0.090 0.079 0.053 0.082 0.162 0.147 0.131 0.106 0.143 0.153 0.073 0.089 0.169 0.173 0.294 0.145 0.001 0.002 0.003 0.001 0.001 0.135 0.262 0.110 0.234 0.196 0.351 0.100 0.114 0.138 0.248 0.270 0.288 0.309 0.331 0.236 0.323 0.320 0.293 0.103 0.096 0.040 0.104 0.030 0.008 0.048 0.111 0.134 0.069 0.047 0.081 0.125 0.273 0.210 0.243 0.245 0.076 0.127
0.001 0.001 0.001 0.001 0.001 0.001 0.001 0.001 0.001 0.016 0.066 0.001 0.001 0.001 0.001 0.036 0.001 0.001 0.041 0.024 0.066 0.075 0.033 0.060 0.149 0.225 0.192 0.285 0.291 0.233 0.105 0.088 0.227 0.369 0.426 0.015 0.126 0.047 0.181 0.193 0.297 0.217 0.062 0.057 0.019 0.173 0.367 0.144 0.201 0.225 0.276 0.263 0.312 0.208 0.157 0.093 0.094 0.104 0.042 0.145 0.000 0.021 0.106 0.190 0.105 0.049 0.032 0.056 0.063 0.084 0.142 0.276 0.097 0.278 0.111 0.075 0.071
0.012 0.028 0.001 0.001 0.001 0.001 0.001 0.001 0.001 0.001 0.001 0.001 0.001 0.001 0.001 0.013 0.038 0.001 0.017 0.091 0.079 0.160 0.065 0.082 0.067 0.081 0.090 0.109 0.236 0.517 0.388 0.393 0.356 0.078 0.195 0.304 0.213 0.025 0.012 0.043 0.079 0.331 0.128 0.199 0.154 0.221 0.326 0.348 0.097 0.052 0.031 0.078 0.291 0.150 0.017 0.042 0.046 0.101 0.110 0.165 0.000 0.000 0.015 0.151 0.225 0.159 0.069 0.044 0.098 0.157 0.318 0.143 0.185 0.277 0.083 0.075 0.134
