Data/res-0030.Qy
ncols         433
nrows         492
xllcorner     1194560.000000
yllcorner     -584483.500000
cellsize      25.000000
NODATA_value  -9999.000000
[rows 165 to 197 of 492, columns 76 to 151 of 433]
0.005 0.190 0.062 0.034 0.042 3.584 8.367 0.009 0.090 -0.003 -0.002 -0.001 0.000 0.348 4.838 0.370 0.034 0.009 0.011 0.004 0.010 0.006 0.006 0.009 0.008 0.002 0.005 0.003 0.002 0.000 -0.000 -0.000 -0.000 -0.000 -0.000 -0.000 0.000 0.000 0.000 0.000 0.000 0.000 0.000 0.000 0.000 0.000 -0.003 -0.033 -0.000 0.001 -0.000 -0.003 -0.014 -0.014 0.002 -0.013 -0.015 -0.001 -0.016 -0.056 -0.034 -0.034 -0.036 -0.051 -0.097 -0.046 -0.028 -0.023 -0.031 -0.153 -0.110 -0.013 0.000 0.000 0.000 0.000
0.022 0.128 0.045 0.074 0.080 0.035 0.071 11.707 0.170 0.032 0.039 0.002 0.000 -0.021 4.991 0.583 0.049 0.000 0.000 0.000 0.001 0.000 0.005 0.008 0.008 0.011 0.010 0.007 0.007 0.000 0.000 -0.000 0.000 0.000 0.000 0.000 0.000 0.000 0.000 0.000 0.000 0.000 0.000 0.000 0.000 0.000 -0.002 -0.034 -0.001 -0.014 -0.005 -0.017 -0.016 0.000 -0.000 -0.006 -0.000 -0.002 -0.014 -0.034 -0.063 -0.029 -0.035 -0.032 -0.098 -0.056 -0.039 -0.034 -0.027 -0.138 -0.120 -0.015 0.000 0.000 0.000 0.000
0.021 0.096 0.048 0.069 0.057 0.054 0.127 1.417 10.246 0.206 0.042 0.021 0.000 -0.027 0.021 5.567 0.041 0.000 0.000 0.000 0.000 0.000 0.000 0.000 0.004 0.014 0.012 0.013 0.012 0.000 0.000 0.000 0.000 0.000 0.000 0.000 0.000 0.000 0.000 0.000 0.000 0.000 0.000 0.000 0.000 -0.000 -0.002 -0.036 -0.000 -0.019 -0.013 -0.015 -0.004 0.000 -0.001 -0.008 0.000 -0.000 -0.015 -0.027 -0.032 -0.055 -0.045 -0.031 -0.085 -0.047 -0.063 -0.045 -0.042 -0.100 -0.130 -0.018 -0.003 0.000 0.000 0.000
0.020 0.075 0.043 0.062 0.031 -0.024 0.090 0.070 0.081 11.865 0.002 0.040 0.011 -0.022 -0.011 0.362 5.262 0.047 -0.000 0.000 0.000 0.000 0.000 0.000 0.000 0.000 0.013 0.017 0.016 0.010 0.000 0.000 0.000 0.000 0.000 0.000 0.000 0.000 0.000 0.000 0.000 0.000 0.000 -0.001 -0.001 -0.004 -0.018 -0.016 -0.000 -0.026 -0.028 -0.003 -0.009 -0.001 0.006 0.000 0.000 -0.001 -0.026 -0.011 -0.003 -0.048 -0.054 -0.057 -0.026 -0.055 -0.121 -0.052 -0.072 -0.026 -0.122 -0.065 -0.006 0.000 0.000 0.000
-0.000 0.067 0.021 0.027 -0.154 0.058 0.098 0.092 0.134 0.083 11.380 0.467 0.037 0.004 0.000 -0.359 0.005 4.110 1.835 0.082 0.018 0.000 0.000 0.000 0.000 0.000 0.001 0.009 0.026 0.018 0.000 0.000 0.000 0.000 0.000 0.000 0.000 0.000 0.000 0.000 -0.000 0.000 0.000 -0.002 -0.000 -0.004 -0.032 -0.027 -0.005 -0.013 -0.011 -0.006 -0.006 -0.003 -0.021 -0.003 -0.001 -0.002 -0.000 -0.006 -0.002 -0.053 -0.037 -0.067 -0.031 -0.051 -0.109 -0.068 -0.070 -0.023 -0.034 -0.122 -0.032 -0.009 -0.003 0.000
-0.000 -0.001 -0.195 -0.002 0.034 0.079 0.081 0.099 0.107 0.166 0.030 0.024 0.326 4.678 5.965 -0.012 -0.563 -8.806 0.030 2.266 12.911 0.627 0.158 0.004 0.000 0.000 0.000 0.003 0.013 0.018 0.015 0.002 0.002 0.001 0.000 0.000 0.000 0.000 0.000 0.000 -0.000 0.000 0.000 -0.026 -0.001 -0.002 -0.044 -0.009 -0.007 -0.007 -0.008 -0.008 -0.003 -0.006 -0.016 -0.004 -0.001 -0.015 -0.003 -0.005 -0.014 -0.037 -0.019 -0.070 -0.042 -0.042 -0.081 -0.100 -0.062 -0.021 -0.036 -0.044 -0.081 -0.032 -0.013 -0.002
0.010 -0.016 -0.012 -0.001 0.010 0.027 0.021 0.055 0.039 0.058 0.060 0.094 0.199 0.482 0.286 -0.076 -0.436 0.004 0.001 0.001 -0.002 -0.004 0.006 0.501 16.123 0.795 -0.000 -0.000 -0.002 0.005 0.028 0.031 0.001 0.001 0.003 0.000 0.000 0.000 0.000 -0.006 -0.038 -0.009 -0.000 0.019 0.000 -0.001 -0.048 -0.014 -0.006 -0.004 -0.007 -0.011 -0.001 -0.004 -0.028 -0.018 0.000 0.000 0.005 -0.008 -0.020 -0.027 -0.016 -0.050 -0.064 -0.043 -0.098 -0.071 -0.041 -0.035 -0.039 -0.040 -0.074 -0.041 -0.022 -0.007
-0.003 -0.003 -0.001 0.000 0.000 0.001 0.004 0.014 0.030 0.031 0.041 0.027 0.050 0.075 0.041 0.161 0.203 0.104 0.006 -0.018 -0.166 -0.063 0.000 0.000 0.012 0.981 16.644 -0.009 0.011 0.003 0.035 0.061 0.019 0.008 0.007 0.003 -0.001 -0.001 -0.000 -0.017 -0.020 -0.005 -0.000 -0.017 -0.013 -0.026 -0.010 -0.012 -0.015 -0.030 -0.006 -0.000 0.018 0.003 -0.015 0.000 0.000 0.000 0.000 -0.006 -0.017 -0.035 -0.017 -0.040 -0.062 -0.045 -0.122 -0.049 -0.017 -0.047 -0.033 -0.049 -0.071 -0.044 -0.023 -0.018
0.000 0.000 0.000 0.000 0.000 0.000 0.000 0.000 0.000 0.000 0.001 0.016 0.021 0.045 0.046 0.160 0.217 0.107 0.035 0.003 -0.069 -0.046 0.000 0.000 0.036 0.923 14.604 2.059 0.009 0.004 0.018 0.028 0.010 0.019 0.014 0.019 0.005 -0.002 0.004 -0.011 -0.011 -0.003 -0.013 -0.027 -0.024 -0.006 -0.003 -0.021 -0.017 -0.012 0.000 0.000 -0.004 -0.000 0.010 0.000 -0.000 0.000 0.000 -0.008 -0.017 -0.030 -0.031 -0.033 -0.061 -0.042 -0.126 -0.048 -0.011 -0.046 -0.032 -0.054 -0.094 -0.024 -0.024 -0.018
0.000 0.000 0.000 0.000 0.000 0.000 0.000 0.000 0.000 0.000 0.000 0.000 0.000 0.006 0.018 0.081 0.110 0.061 0.194 0.064 0.008 -0.006 -0.000 0.000 0.047 0.870 2.712 13.983 0.006 0.002 -0.001 0.013 0.005 0.009 0.021 0.027 0.029 0.002 -0.002 -0.045 -0.020 -0.018 -0.022 -0.002 -0.004 -0.008 -0.006 -0.017 -0.000 0.003 0.002 0.001 0.001 0.000 -0.000 0.010 0.000 -0.000 -0.007 -0.006 -0.015 -0.026 -0.026 -0.037 -0.064 -0.040 -0.128 -0.050 -0.012 -0.034 -0.041 -0.061 -0.100 -0.026 -0.022 -0.016
0.000 0.000 0.000 0.000 0.000 0.000 0.000 0.000 0.000 0.000 0.000 0.000 0.000 0.002 0.017 0.032 0.043 0.099 0.170 0.109 0.035 0.017 0.008 0.000 0.052 0.824 2.466 14.264 0.002 0.003 -0.008 -0.013 -0.002 0.001 0.021 0.010 -0.000 -0.002 -0.000 -0.009 -0.020 -0.008 -0.001 0.002 0.001 -0.002 -0.003 -0.006 -0.000 -0.002 -0.001 -0.001 -0.000 -0.000 0.003 -0.002 -0.001 -0.000 0.006 -0.002 -0.016 -0.017 -0.027 -0.025 -0.055 -0.054 -0.130 -0.056 -0.020 -0.036 -0.053 -0.054 -0.109 -0.040 -0.014 -0.009
0.000 0.000 0.000 0.000 0.000 0.000 0.000 0.000 0.000 0.000 0.000 0.000 0.000 0.000 0.014 0.027 0.037 0.084 0.159 0.106 0.052 0.041 0.007 0.000 0.004 0.961 3.050 13.595 0.000 -0.008 -0.009 -0.024 -0.001 -0.001 0.000 -0.002 -0.000 -0.000 0.011 -0.000 -0.008 -0.001 0.000 0.003 -0.001 -0.000 -0.002 -0.000 0.000 -0.001 -0.001 -0.000 -0.000 0.001 -0.001 -0.000 -0.000 0.001 0.000 -0.007 -0.018 -0.002 -0.019 -0.028 -0.054 -0.086 -0.060 -0.080 -0.056 -0.039 -0.053 -0.057 -0.139 -0.032 -0.001 -0.000
0.000 0.000 0.000 0.000 0.000 0.000 0.000 0.000 0.000 0.000 0.000 0.000 0.000 0.000 0.003 0.031 0.035 0.094 0.164 0.100 0.045 0.042 0.011 0.000 0.000 0.857 9.699 7.036 -0.009 -0.008 -0.013 -0.001 -0.000 -0.001 -0.001 -0.000 -0.000 -0.000 -0.000 -0.000 0.000 0.000 0.000 0.000 0.000 0.000 0.000 0.000 0.000 0.000 0.000 0.000 0.000 0.000 0.000 0.000 0.000 0.002 0.000 -0.008 -0.018 -0.003 -0.012 -0.014 -0.075 -0.087 -0.054 -0.071 -0.085 -0.072 -0.057 -0.079 -0.064 -0.034 -0.002 -0.000
0.000 0.000 0.000 0.000 0.000 0.000 0.000 -0.000 0.000 0.000 -0.000 0.000 0.000 0.000 0.003 0.023 0.052 0.107 0.164 0.082 0.049 0.030 0.015 0.000 0.000 0.823 15.600 1.135 -0.000 0.000 -0.001 -0.000 0.000 0.001 -0.000 -0.000 -0.000 0.000 0.000 0.000 0.000 0.000 0.000 0.000 0.000 0.000 0.000 0.000 0.000 0.000 0.000 0.000 0.000 0.000 0.000 0.000 0.000 0.000 -0.001 -0.007 -0.017 -0.006 -0.011 -0.014 -0.083 -0.092 -0.067 -0.078 -0.065 -0.064 -0.067 -0.082 -0.041 -0.040 -0.020 -0.007
0.000 0.000 0.000 0.000 0.000 -0.000 -0.000 -0.000 -0.000 -0.000 -0.000 -0.000 0.001 0.000 0.000 0.023 0.061 0.111 0.156 0.080 0.054 0.032 0.000 0.000 0.001 0.716 16.223 0.617 0.000 0.000 0.000 0.000 0.000 0.000 0.000 0.000 0.000 0.000 0.000 0.000 0.000 0.000 0.000 0.000 0.000 0.000 0.000 0.000 0.000 0.000 0.000 0.000 0.000 0.000 0.000 0.000 0.000 0.000 0.000 -0.007 -0.010 -0.015 -0.013 -0.024 -0.117 -0.049 -0.048 -0.092 -0.069 -0.066 -0.071 -0.091 -0.040 -0.052 -0.015 -0.010
0.000 0.000 0.000 0.000 0.001 0.000 -0.000 -0.000 0.001 0.001 0.000 0.002 0.006 0.008 0.010 0.024 0.050 0.106 0.159 0.084 0.057 0.010 0.000 0.000 0.000 0.265 16.682 0.608 0.000 0.000 0.000 0.000 0.000 0.000 0.000 0.000 0.000 0.000 0.000 0.000 0.000 0.000 0.000 0.000 0.000 0.000 0.000 0.000 0.000 0.000 0.000 0.000 0.000 0.000 0.000 0.000 0.000 0.000 0.000 -0.007 -0.010 -0.015 -0.019 -0.012 -0.118 -0.050 -0.040 -0.113 -0.071 -0.053 -0.079 -0.103 -0.040 -0.039 -0.016 -0.010
0.000 0.000 -0.000 0.000 0.000 0.000 0.005 -0.002 -0.002 0.000 0.000 0.004 0.009 0.015 0.025 0.021 0.029 0.135 0.159 0.084 0.024 0.008 0.000 0.000 0.000 0.052 16.851 0.653 0.000 0.000 0.000 0.000 0.000 0.000 0.000 0.000 0.000 0.000 0.000 0.000 0.000 0.000 0.000 0.000 0.000 0.000 0.000 0.000 0.000 0.000 0.000 0.000 0.000 0.000 0.000 0.000 0.000 0.000 0.000 -0.007 -0.007 -0.008 -0.026 -0.016 -0.034 -0.132 -0.033 -0.120 -0.069 -0.061 -0.088 -0.106 -0.044 -0.023 -0.033 -0.019
0.000 0.000 0.000 0.001 0.002 0.003 0.006 0.000 0.015 0.020 0.004 0.000 0.001 0.004 0.006 0.001 0.041 0.105 0.182 0.092 0.024 0.008 0.000 0.000 0.000 0.001 16.470 1.085 0.000 0.000 0.000 0.000 0.000 0.000 0.000 0.000 0.000 0.000 0.000 0.000 0.000 0.000 0.000 0.000 0.000 0.000 0.000 0.000 0.000 0.000 0.000 0.000 0.000 0.000 0.000 0.000 0.000 0.000 -0.005 -0.000 -0.008 -0.008 -0.025 -0.017 -0.027 -0.041 -0.058 -0.030 -0.200 -0.117 -0.116 -0.076 -0.068 -0.009 -0.019 -0.019
0.000 0.000 0.000 0.000 0.002 0.006 0.003 0.000 0.016 0.020 0.003 0.001 0.001 0.001 0.007 0.001 0.043 0.056 0.166 0.134 0.040 0.013 0.000 0.000 0.000 0.000 1.332 16.214 0.009 0.000 0.000 0.000 0.000 0.000 0.000 0.000 0.000 0.000 0.000 0.000 0.000 0.000 0.000 -0.263 -11.586 0.433 11.230 0.185 0.000 0.000 0.000 0.000 0.000 0.000 0.000 0.000 0.000 0.000 -0.005 -0.000 -0.006 -0.007 -0.009 -0.027 -0.026 -0.038 -0.033 -0.036 -0.177 -0.154 -0.139 -0.080 -0.064 -0.013 -0.024 -0.014
0.000 0.000 0.000 0.000 0.000 0.007 0.002 0.005 0.010 0.022 0.003 0.000 0.000 0.001 0.006 0.005 0.039 0.035 0.060 0.153 0.077 0.065 0.018 0.000 0.000 0.000 0.021 17.106 0.383 0.044 0.000 0.000 0.000 0.000 0.000 0.000 0.000 0.000 0.000 0.000 0.000 -0.000 -15.660 -1.740 -0.004 0.001 0.107 16.935 0.358 0.000 0.000 0.000 0.000 0.000 0.000 0.000 0.000 0.000 -0.003 -0.000 -0.006 -0.005 -0.003 -0.025 -0.018 -0.048 -0.025 -0.037 -0.035 -0.175 -0.342 -0.051 -0.043 -0.019 -0.023 -0.001
0.000 0.000 0.000 0.000 0.000 0.006 0.002 0.009 0.008 0.024 0.000 0.000 0.000 0.006 0.007 0.002 0.022 0.035 0.047 0.059 0.100 0.090 0.081 0.007 0.002 0.000 0.005 0.135 16.962 0.434 0.018 0.000 0.000 0.000 0.000 0.000 0.000 0.000 0.000 0.000 -0.100 -17.425 -0.009 0.000 0.000 0.000 0.191 0.885 16.454 0.000 0.000 0.000 0.000 0.000 0.000 0.000 0.000 0.000 -0.003 -0.000 -0.004 -0.004 -0.004 -0.021 -0.016 -0.045 -0.020 -0.042 -0.005 -0.064 -0.500 -0.092 -0.013 -0.023 -0.004 0.000
0.000 0.000 0.000 0.000 0.000 0.002 0.013 0.006 0.011 0.016 0.000 0.001 0.002 0.004 0.007 0.000 0.013 0.021 0.028 0.048 0.084 0.095 0.096 0.030 0.014 0.014 0.003 0.004 0.040 17.075 0.428 0.000 0.000 0.000 0.000 0.000 0.000 0.000 0.000 -2.074 -15.459 -0.002 0.000 0.000 0.000 0.000 0.002 0.435 17.029 0.064 0.000 0.000 0.000 0.000 0.000 0.000 0.000 0.000 -0.002 -0.001 -0.003 -0.005 -0.005 -0.013 -0.014 -0.046 -0.023 -0.050 -0.007 -0.067 -0.446 -0.155 -0.015 -0.014 0.000 0.000
0.000 0.000 0.000 0.000 0.000 0.002 0.012 0.007 0.011 0.017 0.000 0.002 0.000 0.005 0.007 0.000 0.009 0.016 0.020 0.040 0.061 0.054 0.101 0.075 0.029 0.028 0.014 0.004 0.000 0.012 17.116 0.413 0.000 0.000 0.000 0.000 0.000 -0.011 -3.838 -13.687 0.000 0.000 0.000 0.000 0.000 0.000 0.000 0.017 15.989 1.524 0.000 0.000 0.000 0.000 0.000 0.000 0.000 0.000 -0.000 -0.001 -0.001 -0.005 -0.005 -0.006 -0.013 -0.010 -0.044 -0.059 -0.025 -0.078 -0.497 -0.121 -0.007 0.000 0.000 0.000
0.000 0.000 0.000 0.000 0.000 0.003 0.010 0.002 0.004 0.021 0.004 0.005 0.000 0.008 0.003 0.000 0.007 0.013 0.014 0.024 0.042 0.059 0.093 0.059 0.055 0.049 0.029 0.005 0.000 0.000 0.014 17.482 0.043 0.000 0.000 -0.000 -0.477 -0.901 -16.158 0.000 0.000 0.000 0.000 0.000 0.000 0.000 0.000 0.000 0.696 16.834 0.000 0.000 0.000 0.000 0.000 0.000 0.000 0.000 0.000 0.000 0.000 -0.002 -0.002 -0.003 -0.009 0.000 0.000 -0.113 -0.032 -0.146 -0.540 -0.029 0.000 0.000 0.000 0.000
0.000 0.000 0.000 0.000 0.000 0.004 0.009 0.001 0.004 0.021 0.004 0.004 0.009 0.002 0.001 0.000 0.008 0.007 0.013 0.019 0.031 0.051 0.111 0.048 0.061 0.037 0.046 0.016 0.000 0.000 0.000 0.128 17.267 0.018 0.005 -0.709 -1.049 -15.656 -0.001 0.000 0.000 0.000 0.000 0.000 0.000 0.000 0.000 0.000 0.000 17.460 0.069 0.000 0.000 0.000 0.000 0.000 0.000 0.000 0.000 0.000 0.000 0.000 0.000 0.000 -0.017 -0.000 -0.000 -0.011 -0.057 -0.792 -0.000 0.000 0.000 0.000 0.000 0.000
0.000 0.000 0.000 0.000 0.001 0.011 0.001 0.001 0.009 0.010 0.012 0.009 0.006 0.000 0.000 0.000 0.004 0.005 0.012 0.015 0.028 0.042 0.124 0.041 0.071 0.031 0.043 0.027 0.005 0.000 0.000 0.000 0.652 16.080 -0.213 -0.269 -12.997 -3.253 0.000 0.000 0.000 0.000 0.000 0.000 0.000 0.000 0.000 0.000 0.000 0.235 17.294 0.000 0.000 0.000 0.000 0.000 0.000 0.000 0.000 0.000 0.000 0.000 0.000 0.000 -0.002 -0.509 -10.956 -0.388 10.401 0.576 0.000 0.000 0.000 0.000 0.000 0.000
0.000 0.000 0.000 0.000 0.001 0.011 0.000 0.001 0.010 0.007 0.018 0.009 0.001 0.000 0.000 0.000 0.001 0.001 0.007 0.015 0.026 0.035 0.089 0.057 0.057 0.051 0.064 0.027 0.015 0.000 0.000 0.000 0.000 0.058 0.561 -0.522 -0.096 0.000 0.000 0.000 0.000 0.000 0.000 0.000 0.000 0.000 0.000 0.000 0.000 0.000 15.996 1.532 0.000 0.000 0.000 0.000 0.000 0.000 0.000 0.000 0.000 0.000 0.000 -0.041 -17.479 -0.002 0.000 0.001 0.046 15.988 0.608 0.000 0.000 0.000 0.000 0.000
0.000 0.000 0.000 0.000 0.000 0.011 0.002 0.002 0.006 0.014 0.014 0.007 0.001 0.000 0.000 0.000 0.001 0.001 0.006 0.011 0.012 0.021 0.087 0.052 0.053 0.059 0.066 0.050 0.024 0.001 0.000 0.000 0.000 0.000 0.000 0.000 0.000 0.000 0.000 0.000 0.000 0.000 0.000 0.000 0.000 0.000 0.000 0.000 0.000 0.000 0.000 17.519 0.009 0.000 0.000 0.000 0.000 0.000 0.000 0.000 0.000 0.000 -0.069 -17.454 0.000 0.000 0.000 0.000 0.000 0.043 16.599 0.000 0.000 0.000 0.000 0.000
0.000 0.000 0.000 0.002 0.002 0.009 0.006 0.003 0.007 0.014 0.008 0.003 0.001 0.000 0.000 0.000 0.000 0.001 0.005 0.009 0.003 0.017 0.050 0.040 0.037 0.115 0.071 0.073 0.022 0.001 0.000 0.000 0.000 0.000 0.000 0.000 0.000 0.000 0.000 0.000 0.000 0.000 0.000 0.000 0.000 0.000 0.000 0.000 0.000 0.000 0.000 0.333 17.194 0.000 0.000 0.000 0.000 0.000 0.000 0.000 -0.000 -0.529 -16.933 -0.061 0.000 0.000 0.000 0.000 0.000 0.000 0.000 15.953 0.620 0.068 0.001 0.000
0.000 0.000 0.000 0.002 0.005 0.009 0.007 0.004 0.010 0.011 0.005 0.001 0.001 0.000 0.000 0.001 0.001 0.002 0.003 0.007 0.003 0.015 0.033 0.021 0.056 0.121 0.060 0.096 0.019 0.001 0.000 0.000 0.000 0.000 0.000 0.000 0.000 0.000 0.000 0.000 0.000 0.000 0.000 0.000 0.000 0.000 0.000 0.000 0.000 0.000 0.000 0.000 1.955 15.566 0.006 0.000 0.000 -0.013 -0.039 -0.099 -16.484 -0.888 0.000 0.000 0.000 0.000 0.000 0.000 0.000 0.000 0.000 0.000 0.000 0.003 2.609 13.919
0.000 0.000 0.000 0.002 0.005 0.009 0.011 0.007 0.007 0.009 0.004 0.000 0.001 0.001 0.000 0.002 0.001 0.002 0.002 0.005 0.008 0.014 0.019 0.026 0.055 0.129 0.043 0.113 0.020 0.001 0.000 0.000 0.000 0.000 0.000 0.000 0.000 0.000 0.000 0.000 0.000 0.000 0.000 0.000 0.000 0.000 0.000 0.000 0.000 0.000 0.000 0.000 0.000 0.795 15.848 0.198 -0.019 -0.364 -15.024 -1.434 0.000 0.000 0.000 0.000 0.000 0.000 0.000 0.000 0.000 0.000 0.000 0.000 0.000 0.000 0.000 0.002
0.000 0.000 0.000 0.003 0.003 0.013 0.009 0.008 0.006 0.007 0.004 0.000 0.001 0.001 0.001 0.001 0.001 0.002 0.005 0.005 0.009 0.011 0.015 0.034 0.052 0.122 0.041 0.105 0.031 0.005 0.000 0.000 0.000 0.000 0.000 0.000 0.000 0.000 0.000 0.000 0.000 0.000 0.000 0.000 0.000 0.000 0.000 0.000 0.000 0.000 0.000 0.000 0.000 0.000 0.001 0.058 -0.040 -0.019 0.000 0.000 0.000 0.000 0.000 0.000 0.000 0.000 0.000 0.000 0.000 0.000 0.000 0.000 0.000 0.000 0.000 0.002
0.000 0.000 0.000 0.006 0.003 0.011 0.008 0.010 0.005 0.006 0.003 0.001 0.001 0.000 0.001 0.000 0.002 0.002 0.004 0.004 0.010 0.008 0.016 0.040 0.043 0.082 0.044 0.134 0.034 0.011 0.000 0.000 0.000 0.000 0.000 0.000 0.000 0.000 0.000 0.000 0.000 0.000 0.000 0.000 0.000 0.000 0.000 0.000 0.000 0.000 0.000 0.000 0.000 0.000 0.000 0.000 0.000 0.000 0.000 0.000 0.000 0.000 0.000 0.000 0.000 0.000 0.000 0.000 0.000 0.000 0.000 0.000 0.000 0.000 0.000 0.000
