Data/res-0419.wd
ncols         433
nrows         491
xllcorner     1194560.000000
yllcorner     -584471.000000
cellsize      25.000000
NODATA_value  -9999.000000
[rows 272 to 305 of 491, columns 308 to 384 of 433]
1.152 1.170 1.202 1.208 1.190 1.179 1.169 1.148 1.126 1.094 1.069 1.037 1.010 0.968 0.984 0.996 1.003 1.019 1.026 1.033 1.041 1.028 1.012 1.030 1.020 1.057 1.070 1.060 1.056 1.059 1.072 1.053 1.051 1.056 1.048 1.032 1.000 0.976 0.979 1.005 1.033 1.034 1.044 1.018 0.984 0.919 0.898 0.810 0.705 0.564 0.463 0.337 0.237 0.279 0.217 0.202 0.173 0.098 0.001 0.000 0.000 0.000 0.000 0.000 0.000 0.000 0.000 0.000 0.000 0.000 0.000 0.000 0.000 0.000 0.000 0.000 0.000
1.157 1.168 1.186 1.192 1.185 1.191 1.172 1.121 1.109 1.084 1.049 1.029 0.984 0.967 0.976 1.009 1.016 1.021 1.030 1.039 1.051 1.039 1.029 1.030 1.027 1.044 1.084 1.084 1.082 1.085 1.065 1.048 1.045 1.027 1.033 1.017 0.998 0.986 0.969 1.002 1.030 1.034 1.052 1.045 1.000 0.972 0.950 0.910 0.804 0.663 0.543 0.425 0.362 0.319 0.271 0.227 0.282 0.288 0.024 0.001 0.001 0.001 0.000 0.000 0.000 0.000 0.000 0.000 0.000 0.000 0.000 0.000 0.000 0.000 0.000 0.000 0.000
1.183 1.183 1.181 1.176 1.182 1.168 1.129 1.110 1.087 1.075 1.038 1.008 0.976 0.962 0.988 0.996 1.003 1.027 1.047 1.042 1.058 1.056 1.052 1.043 1.036 1.031 1.079 1.086 1.089 1.084 1.074 1.076 1.064 1.051 1.025 1.008 0.999 0.973 0.971 1.012 1.034 1.065 1.058 1.049 1.014 0.995 0.983 0.955 0.889 0.777 0.646 0.543 0.490 0.412 0.334 0.269 0.262 0.151 0.145 0.125 0.073 0.001 0.001 0.000 0.000 0.000 0.000 0.000 0.000 0.000 0.000 0.000 0.000 0.000 0.000 0.000 0.000
1.208 1.203 1.203 1.190 1.188 1.144 1.122 1.107 1.084 1.070 1.040 1.008 0.977 0.963 0.989 0.999 1.017 1.039 1.043 1.044 1.051 1.063 1.063 1.047 1.048 1.032 1.055 1.090 1.075 1.085 1.072 1.060 1.059 1.042 1.044 1.036 0.996 0.966 0.976 1.019 1.035 1.066 1.072 1.064 1.031 1.019 0.998 0.960 0.930 0.861 0.769 0.649 0.539 0.430 0.407 0.336 0.271 0.224 0.168 0.228 0.200 0.102 0.036 0.001 0.001 0.000 0.000 0.000 0.000 0.000 0.000 0.000 0.000 0.000 0.000 0.000 0.000
1.238 1.235 1.221 1.192 1.185 1.148 1.125 1.116 1.079 1.049 1.023 0.994 0.975 0.972 0.989 1.007 1.016 1.034 1.060 1.049 1.069 1.067 1.061 1.064 1.055 1.041 1.033 1.050 1.067 1.068 1.068 1.054 1.058 1.048 1.025 1.020 0.987 0.989 1.009 1.039 1.060 1.080 1.093 1.087 1.053 1.040 1.027 0.974 0.950 0.894 0.832 0.739 0.653 0.618 0.549 0.434 0.494 0.381 0.381 0.378 0.333 0.261 0.217 0.100 0.027 0.001 0.001 0.000 0.000 0.000 0.000 0.000 0.000 0.000 0.000 0.000 0.000
1.252 1.240 1.213 1.190 1.187 1.151 1.115 1.098 1.060 1.031 1.002 0.982 0.963 0.979 0.980 1.011 1.021 1.038 1.057 1.054 1.061 1.069 1.069 1.068 1.055 1.036 1.038 1.036 1.061 1.058 1.051 1.043 1.041 1.031 1.018 1.007 0.980 0.987 1.020 1.037 1.071 1.094 1.112 1.120 1.097 1.047 1.048 1.015 0.984 0.938 0.878 0.791 0.721 0.673 0.595 0.516 0.529 0.503 0.477 0.417 0.378 0.365 0.314 0.276 0.165 0.063 0.001 0.001 0.001 0.001 0.000 0.000 0.000 0.000 0.000 0.000 0.000
1.249 1.240 1.223 1.190 1.176 1.141 1.124 1.084 1.057 1.017 0.989 0.952 0.957 0.976 0.980 0.997 1.006 1.033 1.040 1.035 1.038 1.044 1.062 1.063 1.048 1.057 1.052 1.042 1.046 1.056 1.033 1.037 1.037 1.032 1.015 1.002 0.982 0.979 1.009 1.051 1.072 1.098 1.117 1.132 1.122 1.098 1.039 1.046 1.001 0.951 0.899 0.824 0.755 0.711 0.626 0.552 0.596 0.545 0.519 0.480 0.442 0.470 0.379 0.321 0.294 0.216 0.077 0.001 0.001 0.001 0.001 0.001 0.001 0.001 0.001 0.001 0.001
1.225 1.214 1.205 1.179 1.169 1.132 1.096 1.075 1.048 1.018 0.994 0.968 0.962 0.971 0.976 0.993 0.989 1.012 1.012 1.028 1.023 1.043 1.037 1.043 1.052 1.050 1.056 1.055 1.047 1.041 1.047 1.026 1.019 1.014 1.008 1.002 0.996 0.991 1.030 1.057 1.077 1.111 1.127 1.147 1.136 1.124 1.069 1.046 1.014 0.971 0.911 0.830 0.779 0.723 0.644 0.598 0.592 0.594 0.553 0.518 0.489 0.484 0.426 0.399 0.429 0.336 0.173 0.043 0.114 0.055 0.001 0.001 0.001 0.001 0.001 0.001 0.011
1.216 1.196 1.178 1.153 1.155 1.113 1.087 1.069 1.047 1.020 0.978 0.954 0.960 0.966 0.980 0.988 0.990 1.007 1.011 1.011 1.004 0.987 1.014 1.031 1.045 1.044 1.045 1.059 1.047 1.055 1.051 1.048 1.024 1.010 0.995 0.988 0.994 1.019 1.026 1.069 1.093 1.107 1.130 1.147 1.153 1.144 1.116 1.071 1.036 0.990 0.938 0.885 0.813 0.718 0.645 0.630 0.627 0.619 0.524 0.500 0.479 0.457 0.450 0.497 0.402 0.355 0.271 0.194 0.242 0.081 0.012 0.095 0.061 0.001 0.133 0.074 0.167
1.193 1.178 1.173 1.159 1.138 1.086 1.060 1.047 1.015 0.999 0.974 0.953 0.963 0.984 0.996 1.000 0.994 1.016 0.995 1.000 0.984 0.977 1.016 1.035 1.042 1.045 1.045 1.057 1.051 1.039 1.044 1.042 1.029 1.017 0.988 0.976 0.982 1.024 1.060 1.079 1.101 1.127 1.144 1.159 1.154 1.153 1.151 1.103 1.063 1.013 0.969 0.953 0.885 0.795 0.705 0.671 0.659 0.612 0.559 0.518 0.485 0.394 0.470 0.430 0.417 0.375 0.282 0.277 0.299 0.210 0.163 0.206 0.199 0.171 0.149 0.194 0.216
1.189 1.182 1.180 1.151 1.114 1.090 1.062 1.047 1.007 0.982 0.941 0.963 0.985 0.997 1.005 1.025 1.023 1.031 1.031 1.009 0.998 1.018 1.023 1.036 1.042 1.052 1.059 1.053 1.050 1.047 1.033 1.037 1.028 1.009 0.987 0.964 0.988 1.041 1.056 1.082 1.114 1.143 1.173 1.188 1.201 1.196 1.166 1.133 1.104 1.069 1.007 0.979 0.921 0.864 0.780 0.732 0.682 0.638 0.575 0.555 0.474 0.380 0.483 0.454 0.402 0.348 0.275 0.282 0.383 0.292 0.230 0.230 0.291 0.378 0.383 0.322 0.255
1.185 1.184 1.174 1.121 1.108 1.088 1.061 1.039 1.004 0.982 0.948 0.950 0.986 1.009 1.010 1.019 1.042 1.064 1.061 1.053 1.042 1.047 1.030 1.035 1.040 1.053 1.057 1.051 1.041 1.043 1.038 1.030 1.032 1.005 0.985 0.976 0.996 1.037 1.066 1.103 1.130 1.144 1.166 1.187 1.196 1.217 1.199 1.176 1.146 1.090 1.056 0.997 0.961 0.899 0.852 0.799 0.740 0.683 0.646 0.593 0.511 0.505 0.428 0.398 0.399 0.328 0.274 0.262 0.249 0.408 0.394 0.352 0.311 0.264 0.405 0.475 0.419
1.173 1.183 1.129 1.114 1.090 1.077 1.049 1.024 1.005 0.950 0.950 0.962 0.985 0.994 1.006 1.015 1.028 1.060 1.070 1.061 1.057 1.047 1.049 1.056 1.059 1.064 1.054 1.060 1.044 1.034 1.028 1.019 1.003 0.994 0.974 0.979 1.006 1.038 1.064 1.095 1.115 1.136 1.158 1.184 1.180 1.212 1.210 1.187 1.161 1.124 1.082 1.044 0.983 0.935 0.906 0.828 0.775 0.749 0.707 0.651 0.625 0.624 0.585 0.548 0.456 0.424 0.316 0.339 0.333 0.361 0.280 0.250 0.296 0.339 0.363 0.527 0.373
1.160 1.129 1.111 1.091 1.075 1.052 1.035 0.992 0.977 0.943 0.936 0.953 0.965 0.996 0.993 0.996 1.008 1.036 1.041 1.036 1.038 1.030 1.033 1.033 1.036 1.069 1.053 1.049 1.037 1.038 1.028 1.019 1.002 0.988 0.973 0.978 1.013 1.048 1.073 1.080 1.116 1.136 1.151 1.160 1.159 1.159 1.170 1.152 1.127 1.099 1.078 1.046 1.002 0.970 0.925 0.849 0.785 0.723 0.643 0.572 0.566 0.558 0.434 0.449 0.348 0.267 0.224 0.256 0.334 0.450 0.419 0.428 0.468 0.396 0.426 0.446 0.401
1.153 1.145 1.108 1.094 1.075 1.049 1.012 0.980 0.977 0.942 0.937 0.956 0.966 0.981 0.985 0.987 0.998 1.003 1.016 1.015 1.002 1.024 1.014 1.030 1.045 1.063 1.054 1.046 1.040 1.035 1.028 1.017 1.009 0.983 0.962 0.998 1.028 1.056 1.081 1.093 1.111 1.127 1.125 1.147 1.151 1.163 1.162 1.142 1.104 1.072 1.082 1.053 1.015 0.971 0.899 0.866 0.821 0.717 0.654 0.608 0.587 0.498 0.447 0.377 0.279 0.259 0.239 0.342 0.316 0.383 0.253 0.266 0.339 0.431 0.496 0.566 0.432
1.154 1.154 1.098 1.085 1.070 1.034 1.007 0.984 0.942 0.926 0.935 0.956 0.971 0.979 0.990 1.001 1.001 1.013 1.013 1.014 0.993 1.009 1.008 1.023 1.041 1.054 1.055 1.050 1.037 1.038 1.025 1.007 1.000 0.987 0.970 1.009 1.032 1.062 1.090 1.112 1.127 1.141 1.136 1.136 1.145 1.155 1.153 1.135 1.103 1.089 1.058 1.036 1.010 0.963 0.936 0.911 0.856 0.751 0.679 0.642 0.587 0.581 0.542 0.406 0.319 0.341 0.349 0.310 0.328 0.372 0.346 0.363 0.323 0.411 0.370 0.377 0.653
1.151 1.156 1.080 1.062 1.055 1.030 0.997 0.968 0.937 0.925 0.941 0.959 0.975 0.983 0.986 0.985 0.988 1.015 1.009 1.006 1.012 1.006 0.996 1.007 1.037 1.044 1.047 1.049 1.031 1.035 1.024 1.011 0.993 0.973 0.973 1.009 1.049 1.073 1.096 1.116 1.131 1.143 1.149 1.133 1.141 1.150 1.152 1.130 1.102 1.085 1.051 1.013 0.993 0.947 0.924 0.874 0.795 0.747 0.712 0.635 0.622 0.592 0.504 0.520 0.413 0.370 0.339 0.409 0.278 0.442 0.366 0.375 0.440 0.500 0.422 0.520 0.351
1.172 1.133 1.087 1.062 1.043 1.031 1.000 0.973 0.943 0.932 0.951 0.965 0.981 0.981 0.985 0.994 1.016 1.016 0.997 1.006 0.991 1.003 1.004 1.008 1.038 1.027 1.030 1.041 1.025 1.028 1.016 1.003 0.990 0.980 0.984 1.017 1.043 1.082 1.120 1.128 1.137 1.161 1.166 1.157 1.149 1.147 1.145 1.122 1.120 1.101 1.037 0.994 0.973 0.941 0.915 0.833 0.740 0.667 0.621 0.641 0.614 0.601 0.567 0.501 0.442 0.492 0.436 0.323 0.340 0.537 0.400 0.527 0.461 0.565 0.587 0.551 0.430
1.122 1.088 1.073 1.051 1.039 1.017 0.986 0.949 0.928 0.943 0.956 0.975 0.986 0.991 1.003 0.994 1.016 1.007 1.016 1.000 1.000 1.010 1.005 1.009 1.036 1.025 1.024 1.031 1.021 1.015 1.010 1.002 0.987 0.961 0.986 1.022 1.051 1.090 1.118 1.134 1.151 1.168 1.180 1.184 1.170 1.157 1.151 1.135 1.118 1.101 1.023 1.011 0.976 0.962 0.887 0.824 0.745 0.688 0.659 0.648 0.615 0.584 0.565 0.544 0.554 0.453 0.540 0.516 0.544 0.301 0.465 0.395 0.443 0.315 0.414 0.512 0.445
1.099 1.074 1.067 1.045 1.027 1.006 0.986 0.967 0.936 0.942 0.967 0.980 0.988 0.996 1.011 1.007 1.022 1.034 1.037 1.016 1.014 1.022 1.014 1.027 1.046 1.026 1.029 1.016 1.011 1.007 1.006 0.993 0.981 0.981 0.995 1.035 1.063 1.093 1.119 1.149 1.151 1.170 1.176 1.193 1.188 1.169 1.162 1.139 1.123 1.102 1.047 1.018 1.002 0.950 0.880 0.797 0.723 0.685 0.655 0.640 0.659 0.643 0.636 0.576 0.464 0.427 0.339 0.257 0.376 0.341 0.398 0.452 0.422 0.503 0.459 0.516 0.651
1.095 1.087 1.062 1.040 1.020 1.000 0.968 0.947 0.929 0.953 0.965 0.986 1.003 1.008 1.007 1.009 1.021 1.033 1.031 1.023 1.024 1.029 1.024 1.038 1.051 1.031 1.027 1.022 1.011 1.016 1.006 0.991 0.972 0.980 1.014 1.036 1.063 1.097 1.125 1.147 1.168 1.189 1.195 1.192 1.200 1.200 1.189 1.147 1.125 1.097 1.043 1.027 0.981 0.930 0.872 0.789 0.732 0.703 0.694 0.709 0.692 0.686 0.681 0.603 0.521 0.419 0.280 0.321 0.299 0.304 0.389 0.489 0.461 0.539 0.477 0.567 0.509
1.133 1.091 1.062 1.048 1.024 0.987 0.958 0.942 0.941 0.957 0.968 0.992 0.992 0.988 1.007 1.009 1.034 1.040 1.031 1.020 1.025 1.026 1.031 1.034 1.049 1.044 1.032 1.027 1.026 1.007 1.008 0.984 0.975 0.982 1.018 1.047 1.083 1.106 1.132 1.147 1.171 1.191 1.204 1.209 1.197 1.203 1.180 1.138 1.126 1.095 1.018 0.992 0.955 0.894 0.842 0.765 0.695 0.639 0.624 0.690 0.690 0.673 0.632 0.491 0.502 0.364 0.441 0.483 0.463 0.545 0.458 0.483 0.573 0.570 0.510 0.642 0.490
1.156 1.104 1.049 1.025 1.000 0.966 0.934 0.924 0.941 0.961 0.985 0.987 0.992 0.993 0.996 1.001 1.021 1.016 1.020 1.017 1.018 1.028 1.035 1.043 1.052 1.040 1.036 1.028 1.015 1.010 0.996 0.977 0.966 0.989 1.016 1.055 1.081 1.120 1.142 1.156 1.179 1.195 1.206 1.213 1.211 1.198 1.182 1.141 1.130 1.089 0.995 0.962 0.916 0.863 0.794 0.711 0.669 0.648 0.666 0.669 0.693 0.572 0.416 0.423 0.485 0.447 0.339 0.394 0.295 0.402 0.377 0.444 0.512 0.555 0.632 0.417 0.501
1.172 1.079 1.040 1.013 0.991 0.961 0.929 0.912 0.932 0.956 0.967 0.972 0.971 0.982 0.994 0.991 0.999 0.995 0.996 1.000 1.007 1.009 1.029 1.035 1.050 1.034 1.030 1.023 1.027 1.000 0.982 0.964 0.982 0.995 1.041 1.073 1.093 1.129 1.143 1.172 1.176 1.200 1.228 1.233 1.221 1.212 1.182 1.153 1.128 1.085 0.995 0.953 0.896 0.840 0.767 0.683 0.633 0.637 0.625 0.628 0.610 0.687 0.424 0.365 0.270 0.218 0.441 0.388 0.409 0.411 0.404 0.351 0.437 0.371 0.506 0.617 0.630
1.121 1.061 1.043 1.020 0.980 0.951 0.914 0.923 0.942 0.957 0.971 0.966 0.976 0.989 0.986 0.982 0.978 0.979 0.975 0.984 0.988 1.008 1.022 1.026 1.028 1.023 1.028 1.014 1.015 1.001 0.990 0.959 0.970 1.013 1.033 1.077 1.105 1.135 1.153 1.173 1.198 1.194 1.229 1.245 1.243 1.229 1.191 1.161 1.117 1.076 0.993 0.942 0.889 0.820 0.725 0.676 0.615 0.569 0.586 0.574 0.572 0.541 0.642 0.514 0.400 0.376 0.302 0.279 0.314 0.302 0.309 0.500 0.576 0.541 0.572 0.562 0.466
1.070 1.064 1.048 1.017 0.977 0.951 0.928 0.941 0.953 0.972 0.981 1.007 1.004 1.003 1.006 1.020 1.024 0.991 0.983 0.991 1.004 1.019 1.018 1.019 1.017 1.023 1.017 1.023 1.004 1.001 0.992 0.973 0.973 1.015 1.034 1.075 1.098 1.121 1.153 1.175 1.195 1.212 1.234 1.251 1.257 1.245 1.206 1.168 1.115 1.076 0.975 0.922 0.855 0.788 0.713 0.639 0.581 0.558 0.551 0.527 0.487 0.357 0.339 0.444 0.593 0.629 0.566 0.456 0.494 0.494 0.445 0.474 0.376 0.471 0.438 0.439 0.425
1.061 1.052 1.024 1.004 0.968 0.942 0.920 0.930 0.954 0.979 0.987 1.000 1.003 1.010 1.027 1.036 1.022 1.015 1.012 1.007 1.020 1.026 1.016 1.017 1.016 1.009 1.009 1.010 1.004 0.998 0.977 0.961 0.990 1.030 1.055 1.083 1.123 1.135 1.144 1.166 1.185 1.204 1.223 1.230 1.238 1.223 1.208 1.181 1.121 1.084 0.987 0.899 0.817 0.764 0.709 0.647 0.593 0.581 0.575 0.533 0.388 0.323 0.278 0.280 0.346 0.363 0.431 0.545 0.520 0.444 0.488 0.410 0.509 0.624 0.684 0.566 0.526
1.051 1.045 1.017 0.986 0.955 0.932 0.906 0.937 0.950 0.970 0.973 0.983 0.992 1.023 1.018 1.018 1.012 1.023 1.014 1.013 1.013 1.029 1.037 1.020 1.021 1.013 1.002 0.999 0.995 0.991 0.974 0.973 0.999 1.044 1.067 1.102 1.116 1.138 1.156 1.168 1.190 1.189 1.195 1.208 1.209 1.201 1.200 1.164 1.131 1.095 0.976 0.899 0.838 0.756 0.688 0.596 0.542 0.591 0.495 0.496 0.550 0.511 0.423 0.366 0.397 0.395 0.494 0.407 0.324 0.368 0.419 0.642 0.488 0.315 0.575 0.429 0.334
1.058 1.044 1.015 0.980 0.966 0.937 0.923 0.952 0.957 0.972 0.982 0.976 0.985 1.026 1.022 1.008 1.006 1.016 1.010 1.018 1.016 1.008 1.029 1.015 1.006 0.997 1.005 0.996 0.978 0.959 0.953 0.968 0.999 1.037 1.071 1.098 1.124 1.146 1.166 1.175 1.195 1.193 1.189 1.182 1.179 1.171 1.168 1.178 1.102 1.036 0.991 0.909 0.841 0.742 0.683 0.595 0.391 0.405 0.458 0.453 0.435 0.378 0.366 0.359 0.477 0.419 0.376 0.475 0.444 0.488 0.344 0.558 0.394 0.435 0.486 0.354 0.372
1.063 1.038 1.021 0.972 0.952 0.925 0.921 0.945 0.963 0.985 0.986 0.990 0.988 1.003 1.035 1.009 1.020 1.014 1.015 1.012 1.015 1.020 1.018 1.020 1.010 1.003 0.996 0.983 0.969 0.950 0.945 0.989 1.015 1.045 1.074 1.096 1.128 1.154 1.172 1.186 1.200 1.209 1.214 1.204 1.184 1.170 1.166 1.151 1.049 1.030 0.961 0.887 0.820 0.744 0.679 0.593 0.324 0.266 0.194 0.389 0.415 0.399 0.446 0.363 0.328 0.433 0.329 0.397 0.323 0.454 0.446 0.607 0.563 0.657 0.587 0.595 0.604
1.058 1.041 1.011 0.970 0.955 0.935 0.938 0.949 0.967 0.991 0.992 0.994 1.000 1.002 1.047 1.014 1.018 1.030 1.033 1.035 1.028 1.028 1.018 1.004 1.003 1.004 0.994 0.974 0.967 0.953 0.963 0.974 1.022 1.051 1.079 1.110 1.141 1.167 1.182 1.185 1.204 1.211 1.213 1.213 1.195 1.177 1.168 1.133 1.053 1.013 0.956 0.874 0.792 0.733 0.678 0.629 0.522 0.421 0.404 0.312 0.378 0.431 0.305 0.450 0.457 0.346 0.538 0.535 0.511 0.500 0.473 0.334 0.379 0.526 0.559 0.464 0.381
1.044 1.011 0.993 0.951 0.927 0.932 0.950 0.958 0.977 0.998 0.986 0.992 0.994 1.029 1.028 1.006 1.021 1.032 1.034 1.038 1.033 1.036 1.036 1.024 1.018 1.003 0.987 0.970 0.957 0.936 0.956 0.996 1.028 1.062 1.091 1.119 1.147 1.166 1.180 1.192 1.201 1.219 1.226 1.219 1.191 1.175 1.153 1.115 1.050 1.012 0.946 0.884 0.780 0.714 0.640 0.597 0.554 0.430 0.374 0.391 0.349 0.342 0.382 0.327 0.394 0.543 0.447 0.442 0.417 0.260 0.421 0.586 0.521 0.552 0.631 0.400 0.342
1.030 1.005 0.983 0.946 0.913 0.929 0.948 0.965 0.970 0.982 0.982 0.993 1.027 1.015 1.003 1.005 1.012 1.028 1.035 1.036 1.025 1.037 1.026 1.021 1.017 1.009 0.985 0.967 0.951 0.940 0.954 0.992 1.030 1.062 1.092 1.116 1.151 1.163 1.178 1.179 1.201 1.210 1.218 1.207 1.189 1.182 1.145 1.101 1.041 1.014 0.921 0.845 0.767 0.705 0.624 0.610 0.596 0.573 0.536 0.503 0.468 0.442 0.498 0.551 0.513 0.387 0.461 0.363 0.538 0.395 0.406 0.417 0.334 0.541 0.455 0.566 0.641
1.021 1.004 0.981 0.932 0.916 0.937 0.952 0.969 0.973 0.980 0.990 0.994 1.036 0.998 0.998 1.006 1.016 1.020 1.018 1.023 1.025 1.034 1.016 1.013 1.020 1.006 0.979 0.958 0.945 0.943 0.974 1.008 1.034 1.068 1.098 1.126 1.142 1.158 1.179 1.179 1.197 1.206 1.211 1.192 1.188 1.175 1.139 1.093 1.040 0.977 0.913 0.824 0.755 0.678 0.625 0.632 0.649 0.638 0.635 0.604 0.589 0.557 0.541 0.417 0.612 0.464 0.553 0.486 0.487 0.551 0.694 0.483 0.501 0.452 0.491 0.401 0.291
