Data/res-0330.wd
ncols         433
nrows         491
xllcorner     1194560.000000
yllcorner     -584471.000000
cellsize      25.000000
NODATA_value  -9999.000000
[rows 442 to 475 of 491, columns 0 to 76 of 433]
0.001 0.000 0.001 0.001 0.001 0.001 0.001 0.001 0.105 0.037 0.179 0.061 0.188 0.257 0.329 0.055 0.127 0.099 1.607 0.998 0.062 0.167 0.001 0.001 0.157 0.079 0.033 0.001 0.047 0.068 0.001 0.001 0.000 0.001 0.001 0.001 0.049 0.419 0.415 0.257 0.179 0.001 0.001 0.001 0.001 0.000 0.000 0.000 0.000 0.000 0.000 0.000 0.000 0.000 0.000 0.000 0.000 0.000 0.000 0.000 0.000 0.000 0.001 0.001 0.018 0.005 0.040 0.020 0.006 0.026 0.126 0.001 0.001 0.001 0.000 0.000 0.039
0.001 0.000 0.043 0.001 0.001 0.001 0.001 0.054 0.118 0.124 0.170 0.269 0.258 0.146 0.311 0.221 0.198 0.396 1.702 0.320 0.024 0.067 0.001 0.001 0.202 0.027 0.001 0.001 0.001 0.083 0.001 0.001 0.001 0.040 0.001 0.001 0.001 0.090 0.559 0.301 0.106 0.244 0.190 0.100 0.001 0.001 0.000 0.000 0.000 0.000 0.000 0.000 0.000 0.000 0.000 0.000 0.000 0.000 0.000 0.000 0.000 0.000 0.000 0.001 0.001 0.006 0.003 0.002 0.027 0.001 0.054 0.001 0.008 0.000 0.000 0.000 0.043
0.000 0.014 0.001 0.038 0.043 0.001 0.008 0.081 0.264 0.291 0.259 0.174 0.159 0.232 0.333 0.275 0.127 1.254 1.349 0.114 0.037 0.001 0.001 0.087 0.096 0.171 0.009 0.001 0.001 0.001 0.001 0.001 0.000 0.000 0.001 0.077 0.001 0.001 0.214 0.628 0.372 0.001 0.001 0.001 0.007 0.001 0.000 0.000 0.000 0.000 0.000 0.000 0.000 0.000 0.000 0.000 0.000 0.000 0.000 0.000 0.000 0.000 0.000 0.001 0.005 0.006 0.040 0.024 0.002 0.006 0.004 0.000 0.015 0.000 0.000 0.001 0.001
0.000 0.001 0.014 0.001 0.126 0.051 0.059 0.147 0.111 0.087 0.229 0.265 0.331 0.332 0.379 0.109 0.294 1.807 0.371 0.001 0.046 0.001 0.039 0.001 0.193 0.071 0.098 0.099 0.003 0.001 0.001 0.001 0.001 0.001 0.001 0.001 0.001 0.001 0.182 0.225 0.459 0.192 0.169 0.054 0.001 0.001 0.000 0.000 0.000 0.000 0.000 0.000 0.000 0.000 0.000 0.000 0.000 0.000 0.000 0.000 0.000 0.001 0.001 0.002 0.002 0.044 0.001 0.001 0.001 0.001 0.023 0.000 0.000 0.000 0.000 0.001 0.001
0.001 0.020 0.001 0.110 0.216 0.262 0.070 0.086 0.137 0.157 0.228 0.302 0.748 0.772 0.336 0.266 1.419 1.336 0.204 0.183 0.271 0.215 0.300 0.104 0.145 0.035 0.001 0.048 0.001 0.001 0.024 0.000 0.001 0.001 0.049 0.095 0.001 0.143 0.002 0.001 0.200 0.526 0.349 0.126 0.001 0.001 0.000 0.000 0.000 0.000 0.000 0.001 0.001 0.001 0.006 0.001 0.000 0.000 0.000 0.001 0.000 0.001 0.004 0.006 0.006 0.007 0.001 0.015 0.003 0.008 0.090 0.000 0.000 0.000 0.000 0.004 0.001
0.001 0.001 0.054 0.002 0.029 0.081 0.260 0.246 0.159 0.097 0.100 0.677 1.278 1.291 1.395 1.659 1.034 0.056 0.031 0.300 0.001 0.001 0.198 0.114 0.001 0.164 0.001 0.001 0.038 0.001 0.107 0.001 0.000 0.001 0.001 0.001 0.109 0.274 0.001 0.001 0.001 0.087 0.001 0.076 0.001 0.000 0.000 0.000 0.001 0.001 0.001 0.001 0.033 0.055 0.029 0.001 0.001 0.001 0.001 0.024 0.001 0.001 0.005 0.028 0.001 0.031 0.002 0.033 0.004 0.001 0.001 0.001 0.000 0.000 0.000 0.001 0.001
0.038 0.038 0.152 0.020 0.099 0.184 0.168 0.154 0.252 0.107 0.530 1.998 1.627 0.803 0.490 0.086 0.048 0.086 0.004 0.274 0.020 0.001 0.191 0.001 0.001 0.002 0.006 0.001 0.007 0.001 0.001 0.127 0.001 0.001 0.001 0.001 0.001 0.106 0.001 0.001 0.001 0.041 0.001 0.001 0.040 0.001 0.001 0.044 0.028 0.022 0.001 0.005 0.021 0.007 0.007 0.001 0.008 0.001 0.107 0.095 0.074 0.088 0.081 0.015 0.001 0.053 0.004 0.003 0.027 0.001 0.000 0.038 0.000 0.000 0.000 0.001 0.001
0.001 0.276 0.297 0.299 0.110 0.083 0.094 0.210 0.150 0.212 1.608 1.109 0.547 0.221 0.061 0.090 0.239 0.307 0.238 0.064 0.070 0.178 0.099 0.203 0.001 0.001 0.001 0.001 0.001 0.001 0.001 0.001 0.033 0.000 0.001 0.003 0.001 0.001 0.001 0.000 0.001 0.001 0.001 0.001 0.001 0.000 0.000 0.000 0.000 0.001 0.002 0.000 0.000 0.001 0.001 0.001 0.028 0.055 0.001 0.001 0.005 0.001 0.040 0.002 0.002 0.034 0.001 0.001 0.021 0.000 0.000 0.053 0.000 0.000 0.000 0.001 0.001
0.002 0.002 0.042 0.283 0.374 0.357 0.281 0.231 0.323 1.328 1.695 0.607 0.171 0.113 0.002 0.013 0.313 0.175 0.001 0.001 0.062 0.131 0.001 0.170 0.157 0.075 0.003 0.001 0.001 0.032 0.001 0.000 0.000 0.000 0.001 0.000 0.000 0.001 0.001 0.000 0.001 0.000 0.001 0.000 0.000 0.000 0.000 0.000 0.000 0.001 0.001 0.010 0.032 0.022 0.001 0.016 0.001 0.001 0.001 0.001 0.001 0.084 0.041 0.051 0.001 0.011 0.013 0.002 0.001 0.000 0.000 0.003 0.018 0.016 0.000 0.001 0.037
0.019 0.032 0.154 0.064 0.049 0.156 0.194 0.486 1.734 1.414 0.237 0.187 0.083 0.001 0.001 0.081 0.459 0.147 0.009 0.083 0.327 0.017 0.001 0.076 0.093 0.001 0.001 0.001 0.104 0.000 0.000 0.000 0.000 0.000 0.000 0.000 0.000 0.000 0.001 0.000 0.000 0.000 0.000 0.000 0.000 0.000 0.000 0.000 0.000 0.000 0.005 0.001 0.000 0.000 0.001 0.011 0.001 0.001 0.001 0.002 0.021 0.001 0.028 0.040 0.001 0.001 0.041 0.000 0.000 0.000 0.000 0.087 0.000 0.000 0.019 0.001 0.001
0.049 0.015 0.032 0.001 0.009 0.003 0.189 1.805 1.103 0.128 0.174 0.028 0.024 0.001 0.240 0.401 0.370 0.110 0.001 0.008 0.353 0.054 0.001 0.088 0.001 0.001 0.001 0.000 0.026 0.001 0.000 0.000 0.000 0.000 0.000 0.000 0.000 0.000 0.000 0.000 0.000 0.000 0.000 0.000 0.000 0.000 0.000 0.000 0.000 0.000 0.001 0.001 0.000 0.000 0.000 0.007 0.000 0.021 0.000 0.001 0.001 0.001 0.037 0.001 0.000 0.015 0.013 0.000 0.001 0.004 0.009 0.060 0.001 0.000 0.001 0.001 0.001
0.066 0.058 0.002 0.001 0.120 0.069 1.432 1.239 0.279 0.036 0.152 0.001 0.001 0.159 0.257 0.088 0.243 0.003 0.001 0.149 0.041 0.139 0.001 0.001 0.001 0.001 0.001 0.000 0.000 0.000 0.000 0.000 0.000 0.000 0.000 0.000 0.000 0.000 0.000 0.000 0.000 0.000 0.000 0.000 0.000 0.000 0.000 0.000 0.027 0.023 0.010 0.001 0.001 0.001 0.001 0.001 0.001 0.001 0.001 0.001 0.001 0.001 0.004 0.002 0.006 0.004 0.000 0.001 0.016 0.000 0.005 0.069 0.000 0.000 0.051 0.001 0.001
0.153 0.246 0.012 0.028 0.189 0.301 1.661 0.408 0.185 0.018 0.001 0.001 0.118 0.365 0.121 0.001 0.180 0.121 0.008 0.044 0.001 0.164 0.001 0.001 0.001 0.012 0.025 0.000 0.000 0.000 0.000 0.000 0.000 0.000 0.000 0.000 0.000 0.000 0.000 0.000 0.000 0.000 0.000 0.000 0.000 0.000 0.000 0.000 0.000 0.008 0.000 0.008 0.000 0.001 0.001 0.001 0.001 0.019 0.002 0.011 0.058 0.043 0.027 0.010 0.011 0.002 0.002 0.020 0.000 0.033 0.001 0.000 0.000 0.001 0.050 0.001 0.018
0.001 0.189 0.223 0.474 0.514 1.441 1.107 0.335 0.091 0.013 0.016 0.162 0.368 0.339 0.001 0.001 0.074 0.280 0.001 0.001 0.001 0.201 0.001 0.001 0.000 0.000 0.001 0.000 0.000 0.000 0.000 0.000 0.000 0.000 0.000 0.000 0.000 0.000 0.000 0.000 0.000 0.000 0.000 0.000 0.000 0.000 0.000 0.000 0.000 0.001 0.000 0.000 0.001 0.007 0.051 0.001 0.001 0.007 0.064 0.076 0.001 0.008 0.003 0.080 0.002 0.069 0.035 0.000 0.009 0.063 0.000 0.003 0.000 0.000 0.024 0.001 0.001
0.094 0.179 0.169 0.543 1.106 1.547 0.023 0.269 0.119 0.001 0.148 0.493 0.133 0.119 0.001 0.014 0.149 0.280 0.001 0.001 0.005 0.074 0.053 0.001 0.000 0.000 0.000 0.000 0.000 0.000 0.000 0.000 0.000 0.000 0.000 0.000 0.000 0.000 0.000 0.000 0.000 0.000 0.000 0.000 0.000 0.000 0.000 0.000 0.011 0.001 0.003 0.000 0.000 0.001 0.000 0.038 0.029 0.075 0.001 0.001 0.033 0.037 0.043 0.001 0.001 0.000 0.001 0.000 0.161 0.000 0.000 0.005 0.001 0.009 0.001 0.001 0.001
0.014 0.017 0.228 1.189 1.611 0.102 0.001 0.174 0.230 0.010 0.173 0.420 0.001 0.020 0.001 0.184 0.001 0.252 0.001 0.092 0.001 0.001 0.118 0.001 0.001 0.000 0.000 0.000 0.000 0.000 0.000 0.000 0.000 0.000 0.000 0.000 0.000 0.000 0.000 0.000 0.000 0.000 0.000 0.000 0.000 0.000 0.000 0.000 0.033 0.001 0.000 0.001 0.001 0.004 0.000 0.001 0.001 0.057 0.001 0.001 0.082 0.001 0.001 0.001 0.001 0.032 0.000 0.001 0.221 0.000 0.000 0.001 0.001 0.000 0.001 0.004 0.112
0.022 0.087 0.036 1.664 0.380 0.164 0.001 0.084 0.293 0.018 0.023 0.370 0.130 0.001 0.001 0.141 0.001 0.198 0.001 0.038 0.001 0.001 0.077 0.000 0.001 0.000 0.000 0.000 0.000 0.000 0.000 0.000 0.000 0.000 0.000 0.000 0.000 0.000 0.000 0.000 0.000 0.000 0.000 0.000 0.000 0.000 0.000 0.000 0.000 0.001 0.000 0.001 0.001 0.001 0.001 0.001 0.001 0.024 0.001 0.001 0.053 0.009 0.001 0.039 0.001 0.042 0.049 0.005 0.001 0.109 0.000 0.006 0.001 0.000 0.001 0.023 0.001
0.013 0.001 0.001 1.459 0.488 0.275 0.001 0.004 0.292 0.027 0.001 0.169 0.394 0.083 0.001 0.088 0.001 0.185 0.001 0.001 0.000 0.001 0.023 0.001 0.001 0.000 0.000 0.000 0.000 0.000 0.000 0.000 0.000 0.000 0.000 0.000 0.000 0.000 0.000 0.000 0.000 0.000 0.000 0.000 0.000 0.000 0.000 0.000 0.000 0.001 0.000 0.004 0.001 0.001 0.057 0.110 0.044 0.120 0.132 0.160 0.046 0.001 0.000 0.001 0.000 0.000 0.036 0.001 0.000 0.000 0.119 0.000 0.013 0.000 0.001 0.001 0.001
0.002 0.012 0.045 0.632 1.497 1.197 0.074 0.001 0.217 0.163 0.011 0.090 0.338 0.102 0.001 0.137 0.001 0.044 0.014 0.001 0.000 0.004 0.001 0.000 0.000 0.000 0.000 0.000 0.000 0.000 0.000 0.000 0.000 0.000 0.000 0.000 0.000 0.000 0.000 0.000 0.000 0.000 0.000 0.000 0.000 0.000 0.000 0.000 0.000 0.001 0.000 0.000 0.001 0.010 0.006 0.057 0.073 0.082 0.061 0.112 0.001 0.001 0.031 0.001 0.001 0.000 0.059 0.000 0.000 0.000 0.128 0.001 0.001 0.001 0.001 0.058 0.001
0.005 0.006 0.001 0.008 0.006 1.399 1.042 0.001 0.008 0.243 0.024 0.027 0.412 0.092 0.001 0.046 0.001 0.051 0.145 0.001 0.001 0.001 0.110 0.013 0.000 0.000 0.000 0.000 0.000 0.000 0.000 0.000 0.000 0.000 0.000 0.000 0.000 0.000 0.000 0.000 0.000 0.000 0.000 0.000 0.000 0.000 0.000 0.000 0.017 0.001 0.001 0.001 0.001 0.001 0.001 0.041 0.003 0.002 0.068 0.008 0.038 0.001 0.001 0.000 0.001 0.001 0.028 0.000 0.000 0.000 0.043 0.001 0.001 0.001 0.001 0.027 0.001
0.003 0.001 0.001 0.047 0.001 0.116 1.572 0.007 0.001 0.206 0.043 0.001 0.343 0.170 0.003 0.003 0.001 0.001 0.001 0.013 0.000 0.001 0.002 0.001 0.001 0.000 0.000 0.000 0.000 0.000 0.000 0.000 0.000 0.000 0.000 0.000 0.000 0.000 0.000 0.000 0.000 0.000 0.000 0.000 0.000 0.000 0.000 0.000 0.000 0.001 0.006 0.001 0.006 0.001 0.001 0.001 0.001 0.039 0.065 0.001 0.019 0.069 0.004 0.001 0.044 0.001 0.000 0.000 0.000 0.000 0.074 0.001 0.020 0.000 0.031 0.001 0.130
0.001 0.001 0.001 0.080 0.001 0.068 1.332 0.236 0.001 0.134 0.037 0.094 0.157 0.362 0.069 0.001 0.001 0.001 0.000 0.056 0.000 0.098 0.001 0.001 0.080 0.000 0.000 0.000 0.000 0.000 0.000 0.000 0.000 0.000 0.000 0.000 0.000 0.000 0.000 0.000 0.000 0.000 0.000 0.000 0.000 0.001 0.000 0.001 0.000 0.014 0.001 0.004 0.001 0.001 0.001 0.001 0.024 0.030 0.042 0.001 0.023 0.001 0.001 0.001 0.040 0.000 0.000 0.000 0.000 0.000 0.190 0.000 0.001 0.001 0.000 0.078 0.001
0.001 0.001 0.001 0.032 0.001 0.024 0.995 0.948 0.137 0.210 0.001 0.082 0.001 0.330 0.108 0.001 0.025 0.000 0.000 0.037 0.000 0.001 0.096 0.001 0.013 0.027 0.000 0.000 0.000 0.000 0.000 0.000 0.000 0.000 0.000 0.000 0.000 0.000 0.000 0.000 0.000 0.000 0.000 0.000 0.000 0.015 0.000 0.028 0.001 0.001 0.001 0.001 0.001 0.001 0.005 0.012 0.016 0.006 0.069 0.010 0.001 0.000 0.020 0.021 0.001 0.000 0.000 0.001 0.000 0.199 0.149 0.038 0.002 0.000 0.001 0.142 0.005
0.001 0.001 0.097 0.010 0.044 0.141 0.049 1.519 1.090 0.410 0.004 0.026 0.001 0.407 0.105 0.001 0.000 0.000 0.001 0.016 0.000 0.000 0.001 0.116 0.000 0.040 0.111 0.000 0.000 0.000 0.000 0.000 0.000 0.000 0.000 0.000 0.000 0.000 0.000 0.048 0.016 0.000 0.000 0.000 0.015 0.001 0.000 0.001 0.001 0.001 0.004 0.017 0.001 0.001 0.011 0.047 0.001 0.020 0.052 0.001 0.001 0.000 0.000 0.000 0.000 0.000 0.001 0.001 0.001 0.208 0.000 0.001 0.117 0.072 0.103 0.065 0.084
0.001 0.055 0.011 0.001 0.002 0.171 0.169 0.186 1.542 0.493 0.020 0.001 0.001 0.341 0.159 0.001 0.000 0.000 0.001 0.001 0.000 0.000 0.013 0.135 0.000 0.000 0.001 0.000 0.000 0.000 0.000 0.000 0.000 0.000 0.000 0.000 0.000 0.000 0.000 0.005 0.000 0.000 0.000 0.000 0.001 0.001 0.001 0.006 0.038 0.001 0.001 0.001 0.001 0.001 0.061 0.001 0.001 0.001 0.067 0.034 0.009 0.001 0.001 0.003 0.032 0.111 0.003 0.000 0.000 0.102 0.065 0.000 0.042 0.061 0.067 0.094 0.050
0.006 0.105 0.001 0.001 0.085 0.176 0.524 0.488 1.351 0.929 0.069 0.001 0.011 0.277 0.225 0.001 0.000 0.000 0.000 0.063 0.000 0.009 0.001 0.000 0.000 0.000 0.000 0.000 0.000 0.037 0.000 0.000 0.000 0.000 0.000 0.000 0.000 0.000 0.000 0.032 0.000 0.000 0.000 0.000 0.000 0.038 0.065 0.069 0.020 0.024 0.041 0.004 0.004 0.007 0.059 0.001 0.000 0.001 0.049 0.001 0.001 0.000 0.050 0.001 0.000 0.001 0.000 0.000 0.001 0.001 0.018 0.000 0.001 0.103 0.001 0.057 0.033
0.005 0.001 0.001 0.082 0.115 1.119 1.358 1.112 1.142 0.143 0.033 0.001 0.123 0.017 0.202 0.001 0.000 0.000 0.000 0.076 0.000 0.000 0.001 0.000 0.000 0.000 0.000 0.000 0.000 0.086 0.000 0.000 0.000 0.000 0.000 0.001 0.087 0.011 0.001 0.001 0.001 0.001 0.001 0.055 0.025 0.001 0.014 0.038 0.001 0.001 0.001 0.029 0.043 0.012 0.003 0.001 0.000 0.026 0.033 0.001 0.000 0.000 0.000 0.000 0.000 0.003 0.000 0.000 0.000 0.031 0.000 0.007 0.068 0.014 0.000 0.086 0.001
0.019 0.020 0.034 0.035 0.001 1.418 0.344 0.001 0.001 0.096 0.001 0.027 0.108 0.001 0.224 0.015 0.001 0.000 0.000 0.033 0.000 0.000 0.001 0.000 0.056 0.001 0.000 0.000 0.231 0.015 0.000 0.000 0.044 0.065 0.053 0.037 0.000 0.000 0.000 0.004 0.000 0.000 0.000 0.001 0.000 0.001 0.021 0.003 0.007 0.008 0.014 0.015 0.001 0.002 0.001 0.033 0.005 0.009 0.001 0.000 0.000 0.000 0.000 0.000 0.000 0.000 0.000 0.000 0.001 0.042 0.001 0.073 0.001 0.001 0.025 0.210 0.001
0.004 0.001 0.001 0.001 0.015 1.470 0.107 0.001 0.100 0.135 0.163 0.153 0.001 0.007 0.047 0.041 0.000 0.000 0.000 0.068 0.033 0.001 0.001 0.123 0.001 0.072 0.119 0.139 0.000 0.117 0.001 0.011 0.001 0.000 0.000 0.002 0.000 0.000 0.000 0.000 0.000 0.000 0.000 0.000 0.029 0.001 0.001 0.004 0.021 0.001 0.003 0.010 0.005 0.002 0.020 0.024 0.001 0.001 0.001 0.000 0.000 0.000 0.000 0.000 0.000 0.000 0.000 0.000 0.000 0.001 0.075 0.095 0.000 0.001 0.022 0.256 0.018
0.002 0.001 0.001 0.012 0.847 1.360 0.001 0.001 0.094 0.078 0.034 0.242 0.036 0.054 0.001 0.130 0.018 0.026 0.204 0.233 0.223 0.257 0.109 0.026 0.000 0.000 0.000 0.001 0.000 0.007 0.001 0.001 0.019 0.000 0.000 0.000 0.000 0.000 0.000 0.000 0.001 0.042 0.000 0.000 0.024 0.001 0.018 0.023 0.047 0.010 0.016 0.012 0.003 0.056 0.003 0.001 0.000 0.000 0.000 0.000 0.000 0.000 0.000 0.000 0.000 0.000 0.000 0.000 0.000 0.001 0.064 0.018 0.000 0.001 0.036 0.122 0.036
0.000 0.000 0.000 0.744 1.524 0.156 0.001 0.107 0.015 0.137 0.003 0.070 0.273 0.084 0.002 0.050 0.232 0.198 0.001 0.001 0.001 0.042 0.000 0.001 0.000 0.000 0.000 0.000 0.000 0.000 0.044 0.000 0.000 0.000 0.000 0.000 0.000 0.000 0.000 0.000 0.000 0.042 0.001 0.001 0.001 0.001 0.035 0.001 0.087 0.004 0.005 0.001 0.037 0.002 0.001 0.000 0.000 0.000 0.000 0.000 0.000 0.000 0.000 0.000 0.000 0.000 0.000 0.000 0.000 0.003 0.027 0.054 0.011 0.001 0.166 0.074 0.001
0.000 0.000 0.658 1.536 0.184 0.045 0.001 0.111 0.034 0.001 0.082 0.001 0.030 0.211 0.036 0.129 0.001 0.121 0.001 0.000 0.001 0.001 0.000 0.000 0.000 0.000 0.000 0.000 0.000 0.000 0.000 0.000 0.000 0.000 0.000 0.000 0.000 0.000 0.000 0.000 0.001 0.007 0.001 0.056 0.015 0.046 0.037 0.001 0.010 0.053 0.003 0.003 0.004 0.000 0.000 0.000 0.000 0.000 0.000 0.000 0.000 0.000 0.000 0.000 0.000 0.000 0.000 0.000 0.000 0.000 0.001 0.001 0.039 0.001 0.175 0.000 0.003
0.000 0.002 1.460 0.171 0.001 0.002 0.001 0.032 0.117 0.001 0.010 0.088 0.000 0.272 0.017 0.005 0.000 0.016 0.008 0.000 0.000 0.094 0.001 0.000 0.000 0.000 0.000 0.000 0.000 0.000 0.000 0.000 0.000 0.000 0.000 0.000 0.000 0.000 0.000 0.000 0.001 0.001 0.004 0.001 0.012 0.009 0.001 0.001 0.001 0.001 0.017 0.001 0.000 0.000 0.000 0.000 0.000 0.000 0.000 0.000 0.000 0.000 0.000 0.000 0.000 0.000 0.000 0.000 0.000 0.003 0.035 0.001 0.098 0.029 0.195 0.001 0.000
0.000 0.361 1.014 0.002 0.001 0.001 0.001 0.001 0.114 0.001 0.001 0.095 0.001 0.329 0.000 0.001 0.000 0.015 0.001 0.000 0.000 0.000 0.076 0.000 0.000 0.000 0.000 0.000 0.000 0.000 0.000 0.000 0.000 0.000 0.000 0.000 0.000 0.000 0.000 0.000 0.057 0.051 0.070 0.032 0.012 0.003 0.001 0.001 0.001 0.001 0.001 0.013 0.000 0.000 0.000 0.000 0.000 0.000 0.000 0.000 0.000 0.000 0.000 0.000 0.000 0.000 0.001 0.032 0.001 0.048 0.000 0.048 0.050 0.023 0.001 0.001 0.001
