Data/res-0330.Qy
ncols         433
nrows         492
xllcorner     1194560.000000
yllcorner     -584483.500000
cellsize      25.000000
NODATA_value  -9999.000000
[rows 170 to 203 of 492, columns 304 to 379 of 433]
0.018 0.000 0.005 0.005 0.006 0.016 0.037 0.018 0.025 0.027 0.040 0.023 0.013 0.017 0.030 0.010 0.010 0.009 0.010 0.010 0.006 0.005 0.007 0.002 0.001 0.007 0.006 0.008 0.000 0.001 -0.001 0.003 0.005 0.002 0.002 0.004 0.001 0.003 0.004 0.002 0.005 0.005 0.006 0.002 0.001 0.003 0.001 0.002 0.003 0.001 0.002 0.002 0.001 0.000 0.000 0.000 0.000 0.000 0.000 0.000 0.000 0.000 0.000 0.000 0.000 0.000 0.000 0.000 0.000 0.000 0.000 0.000 0.000 0.000 0.000 0.000
0.016 0.005 0.005 0.006 0.008 0.017 0.036 0.015 0.022 0.021 0.030 0.032 0.018 0.015 0.020 0.017 0.014 0.010 0.008 0.009 0.008 0.008 0.005 0.008 0.010 0.000 0.003 0.005 0.005 0.002 0.003 0.003 0.002 0.002 0.007 0.005 0.005 0.005 0.005 0.002 0.004 0.005 0.005 0.002 0.007 0.002 0.001 0.002 0.002 0.002 0.002 0.002 0.002 0.001 0.000 0.000 0.000 0.000 0.000 0.000 0.000 0.000 0.000 0.000 0.000 0.000 0.000 0.000 0.000 0.000 0.000 0.000 0.000 0.000 0.000 0.000
0.002 0.006 0.015 0.004 0.014 0.011 0.019 0.019 0.026 0.019 0.024 0.032 0.022 0.015 0.018 0.016 0.013 0.012 0.012 0.010 0.011 0.004 0.006 0.002 0.004 0.006 0.003 0.009 0.006 0.003 0.000 0.003 0.008 0.003 0.004 0.004 0.008 0.008 0.003 0.004 0.007 0.005 0.008 0.002 0.003 0.002 0.002 0.001 0.002 0.003 0.002 0.002 0.002 0.002 0.000 0.000 0.000 0.000 0.000 0.000 0.000 0.000 0.000 0.000 0.000 0.000 0.000 0.000 0.000 0.000 0.000 0.000 0.000 0.000 0.000 0.000
0.001 0.002 0.012 0.002 0.003 0.017 0.018 0.022 0.022 0.018 0.030 0.022 0.019 0.021 0.017 0.015 0.015 0.009 0.013 0.010 0.010 0.010 0.008 0.011 0.010 0.007 0.006 0.006 0.010 0.006 0.007 0.003 0.005 0.002 0.006 0.007 0.003 0.007 0.009 0.007 0.006 0.004 0.007 0.007 0.005 0.001 0.003 0.003 0.002 0.003 0.001 0.003 0.002 0.003 0.001 0.000 0.000 0.000 0.000 0.000 0.000 0.000 0.000 0.000 0.000 0.000 0.000 0.000 0.000 0.000 0.000 0.000 0.000 0.000 0.000 0.000
0.000 -0.005 -0.014 -0.000 0.017 0.019 0.024 0.025 0.024 0.017 0.022 0.017 0.022 0.018 0.014 0.022 0.023 0.015 0.010 0.007 0.012 0.010 0.011 0.007 0.008 0.015 0.009 0.013 0.004 0.008 0.006 0.003 0.004 0.007 0.002 0.008 0.010 0.005 0.011 0.001 0.008 0.007 0.005 0.006 0.005 0.002 0.003 0.003 0.002 0.002 0.005 0.002 0.003 0.002 0.002 0.000 0.000 0.000 0.000 0.000 0.000 0.000 0.000 0.000 0.000 0.000 0.000 0.000 0.000 0.000 0.000 0.000 0.000 0.000 0.000 0.000
-0.001 -0.023 -0.013 0.001 0.019 0.031 0.023 0.027 0.022 0.022 0.022 0.020 0.019 0.018 0.017 0.012 0.018 0.011 0.017 0.009 0.010 0.007 0.009 0.009 0.008 0.009 0.008 0.007 0.014 0.007 0.008 0.011 0.005 0.006 0.008 0.010 0.006 0.007 0.007 0.013 0.005 0.008 0.005 0.007 0.006 0.004 0.002 0.004 0.004 0.004 0.001 0.004 0.002 0.003 0.002 0.001 0.000 0.000 0.000 0.000 0.000 0.000 0.000 0.000 0.000 0.000 0.000 0.000 0.000 0.000 0.000 0.000 0.000 0.000 0.000 0.000
0.001 0.001 0.001 0.004 0.015 0.028 0.028 0.020 0.021 0.019 0.025 0.014 0.024 0.014 0.016 0.017 0.014 0.013 0.011 0.012 0.007 0.010 0.013 0.008 0.010 0.012 0.015 0.010 0.008 0.008 0.007 0.005 0.012 0.004 0.003 0.009 0.011 0.008 0.009 0.010 0.008 0.009 0.008 0.011 0.002 0.005 0.004 0.004 0.003 0.003 0.002 0.003 0.003 0.002 0.002 0.001 0.000 0.000 0.000 0.000 0.000 0.000 0.000 0.000 0.000 0.000 0.000 0.000 0.000 0.000 0.000 0.000 0.000 0.000 0.000 0.000
0.003 0.004 0.001 0.005 0.017 0.023 0.026 0.019 0.021 0.021 0.017 0.022 0.016 0.017 0.013 0.014 0.013 0.016 0.014 0.010 0.012 0.012 0.007 0.009 0.013 0.016 0.014 0.011 0.008 0.007 0.007 0.012 0.005 0.007 0.009 0.011 0.007 0.007 0.008 0.007 0.008 0.011 0.007 0.008 0.008 0.004 0.005 0.006 0.005 0.004 0.005 0.004 0.002 0.003 0.003 0.001 0.000 0.000 0.000 0.000 0.000 0.000 0.000 0.000 0.000 0.000 0.000 0.000 0.000 0.000 0.000 0.000 0.000 0.000 0.000 0.000
0.006 0.000 0.001 0.016 0.018 0.017 0.020 0.018 0.022 0.016 0.019 0.014 0.023 0.009 0.018 0.021 0.013 0.009 0.015 0.013 0.008 0.012 0.011 0.012 0.007 0.012 0.012 0.007 0.010 0.008 0.012 0.010 0.009 0.012 0.011 0.007 0.007 0.009 0.015 0.013 0.010 0.007 0.009 0.010 0.007 0.006 0.005 0.006 0.001 0.006 0.004 0.003 0.005 0.003 0.003 0.002 0.001 0.000 0.000 0.000 0.000 0.000 0.000 0.000 0.000 0.000 0.000 0.000 0.000 0.000 0.000 0.000 0.000 0.000 0.000 0.000
0.011 0.000 0.002 0.015 0.016 0.020 0.019 0.017 0.019 0.019 0.018 0.017 0.018 0.022 0.012 0.015 0.012 0.018 0.010 0.009 0.010 0.016 0.010 0.009 0.009 0.016 0.008 0.012 0.011 0.012 0.010 0.009 0.007 0.007 0.016 0.011 0.008 0.005 0.010 0.006 0.009 0.012 0.012 0.009 0.010 0.005 0.009 0.006 0.009 0.007 0.005 0.004 0.003 0.002 0.002 0.002 0.000 0.000 0.000 0.000 0.000 0.000 0.000 0.000 0.000 0.000 0.000 0.000 0.000 0.000 0.000 0.000 0.000 0.000 0.000 0.000
0.013 0.002 0.003 0.011 0.014 0.014 0.015 0.019 0.017 0.019 0.016 0.017 0.016 0.016 0.016 0.019 0.015 0.010 0.013 0.010 0.014 0.011 0.012 0.015 0.012 0.009 0.012 0.011 0.003 0.012 0.010 0.012 0.011 0.013 0.008 0.011 0.012 0.014 0.014 0.011 0.010 0.009 0.011 0.008 0.006 0.010 0.004 0.012 0.003 0.010 0.005 0.005 0.004 0.004 0.002 0.002 0.001 0.000 0.000 0.000 0.000 0.000 0.000 0.000 0.000 0.000 0.000 0.000 0.000 0.000 0.000 0.000 0.000 0.000 0.000 0.000
0.006 0.004 0.005 0.012 0.014 0.012 0.019 0.015 0.022 0.017 0.017 0.017 0.017 0.016 0.016 0.018 0.011 0.013 0.015 0.010 0.012 0.015 0.013 0.011 0.008 0.014 0.012 0.013 0.016 0.006 0.010 0.012 0.013 0.008 0.011 0.010 0.010 0.012 0.006 0.011 0.010 0.011 0.008 0.011 0.012 0.011 0.012 0.007 0.009 0.007 0.007 0.006 0.003 0.005 0.004 0.004 0.001 0.001 0.000 0.000 0.000 0.000 0.000 0.000 0.000 0.000 0.000 0.000 0.000 0.000 0.000 0.000 0.000 0.000 0.000 0.000
0.008 0.007 0.012 0.015 0.013 0.015 0.015 0.016 0.021 0.015 0.016 0.013 0.018 0.021 0.015 0.013 0.017 0.011 0.012 0.007 0.011 0.014 0.010 0.011 0.016 0.010 0.015 0.012 0.007 0.014 0.010 0.006 0.011 0.014 0.010 0.016 0.008 0.009 0.014 0.013 0.012 0.009 0.013 0.012 0.008 0.012 0.013 0.013 0.011 0.008 0.006 0.004 0.004 0.005 0.004 0.002 0.002 0.001 0.000 0.000 0.000 0.000 0.000 0.000 0.000 0.000 0.000 0.000 0.000 0.000 0.000 0.000 0.000 0.000 0.000 0.000
0.006 0.009 0.012 0.014 0.015 0.013 0.019 0.015 0.017 0.015 0.019 0.017 0.015 0.015 0.015 0.019 0.012 0.013 0.014 0.016 0.012 0.013 0.012 0.016 0.010 0.013 0.011 0.007 0.014 0.013 0.013 0.013 0.010 0.010 0.015 0.006 0.014 0.013 0.012 0.007 0.010 0.015 0.010 0.012 0.014 0.013 0.011 0.010 0.009 0.011 0.006 0.009 0.005 0.003 0.006 0.003 0.002 0.001 0.000 0.000 0.000 0.000 0.000 0.000 0.000 0.000 0.000 0.000 0.000 0.000 0.000 0.000 0.000 0.000 0.000 0.000
0.000 0.007 0.022 0.016 0.016 0.012 0.015 0.017 0.016 0.018 0.018 0.017 0.014 0.018 0.014 0.015 0.012 0.013 0.013 0.011 0.011 0.015 0.014 0.012 0.018 0.014 0.013 0.015 0.012 0.012 0.007 0.012 0.014 0.012 0.009 0.012 0.012 0.009 0.014 0.015 0.015 0.010 0.012 0.009 0.011 0.012 0.014 0.016 0.013 0.008 0.010 0.007 0.004 0.009 0.004 0.003 0.003 0.002 0.000 0.000 0.000 0.000 0.000 0.000 0.000 0.000 0.000 0.000 0.000 0.000 0.000 0.000 0.000 0.000 0.000 0.000
0.001 0.005 0.015 0.010 0.017 0.012 0.016 0.017 0.018 0.017 0.014 0.014 0.017 0.017 0.013 0.015 0.015 0.011 0.012 0.012 0.016 0.013 0.015 0.010 0.014 0.013 0.013 0.014 0.009 0.013 0.014 0.009 0.011 0.012 0.012 0.012 0.011 0.011 0.013 0.009 0.010 0.015 0.013 0.016 0.015 0.012 0.011 0.011 0.013 0.011 0.009 0.010 0.004 0.005 0.005 0.004 0.002 0.002 0.000 0.000 0.000 0.000 0.000 0.000 0.000 0.000 0.000 0.000 0.000 0.000 0.000 0.000 0.000 0.000 0.000 0.000
0.002 0.008 0.011 0.006 0.013 0.018 0.015 0.016 0.013 0.018 0.018 0.017 0.016 0.012 0.014 0.017 0.011 0.010 0.014 0.017 0.013 0.014 0.014 0.016 0.009 0.018 0.013 0.011 0.013 0.011 0.011 0.012 0.014 0.013 0.011 0.013 0.013 0.011 0.013 0.013 0.016 0.013 0.011 0.014 0.012 0.020 0.017 0.012 0.014 0.012 0.012 0.005 0.011 0.008 0.005 0.004 0.004 0.002 0.000 0.000 0.000 0.000 0.000 0.000 0.000 0.000 0.000 0.000 0.000 0.000 0.000 0.000 0.000 0.000 0.000 0.000
0.010 0.013 0.008 0.006 0.009 0.018 0.016 0.014 0.020 0.018 0.015 0.017 0.015 0.013 0.017 0.014 0.014 0.013 0.013 0.013 0.015 0.015 0.011 0.012 0.017 0.013 0.018 0.012 0.015 0.015 0.012 0.007 0.011 0.008 0.015 0.011 0.010 0.014 0.013 0.011 0.010 0.016 0.016 0.010 0.018 0.012 0.013 0.014 0.015 0.011 0.009 0.012 0.009 0.004 0.007 0.007 0.003 0.003 0.000 0.000 0.000 0.000 0.000 0.000 0.000 0.000 0.000 0.000 0.000 0.000 0.000 0.000 0.000 0.000 0.000 0.000
0.011 0.009 0.013 0.006 0.008 0.015 0.015 0.020 0.015 0.016 0.013 0.016 0.012 0.015 0.015 0.013 0.009 0.011 0.013 0.012 0.016 0.019 0.017 0.011 0.017 0.011 0.009 0.016 0.012 0.015 0.012 0.016 0.010 0.015 0.010 0.011 0.016 0.011 0.011 0.017 0.017 0.011 0.015 0.020 0.015 0.016 0.019 0.021 0.012 0.012 0.012 0.016 0.011 0.006 0.005 0.005 0.006 0.003 0.000 0.000 0.000 0.000 0.000 0.000 0.000 0.000 0.000 0.000 0.000 0.000 0.000 0.000 0.000 0.000 0.000 0.000
0.013 0.011 0.013 0.007 0.013 0.012 0.015 0.015 0.020 0.015 0.020 0.014 0.011 0.014 0.019 0.013 0.011 0.011 0.017 0.011 0.012 0.017 0.016 0.016 0.010 0.013 0.019 0.011 0.011 0.011 0.012 0.008 0.007 0.008 0.013 0.008 0.012 0.013 0.016 0.013 0.013 0.016 0.015 0.015 0.015 0.016 0.012 0.012 0.018 0.014 0.019 0.010 0.009 0.007 0.005 0.008 0.004 0.004 0.001 0.000 0.000 0.000 0.000 0.000 0.000 0.000 0.000 0.000 0.000 0.000 0.000 0.000 0.000 0.000 0.000 0.000
0.009 0.007 0.012 0.013 0.011 0.012 0.017 0.016 0.018 0.016 0.019 0.016 0.015 0.015 0.015 0.009 0.015 0.015 0.014 0.014 0.012 0.015 0.014 0.015 0.014 0.015 0.015 0.014 0.020 0.015 0.014 0.017 0.015 0.013 0.009 0.010 0.011 0.011 0.012 0.013 0.016 0.016 0.016 0.014 0.018 0.018 0.022 0.019 0.014 0.019 0.011 0.013 0.013 0.008 0.009 0.006 0.008 0.003 0.001 0.000 0.000 0.000 0.000 0.000 0.000 0.000 0.000 0.000 0.000 0.000 0.000 0.000 0.000 0.000 0.000 0.000
0.010 0.014 0.013 0.013 0.016 0.013 0.017 0.015 0.015 0.014 0.018 0.013 0.014 0.014 0.014 0.014 0.009 0.012 0.014 0.014 0.020 0.020 0.018 0.012 0.015 0.014 0.011 0.011 0.010 0.013 0.013 0.007 0.009 0.007 0.014 0.014 0.012 0.014 0.011 0.016 0.012 0.017 0.018 0.017 0.018 0.016 0.015 0.014 0.018 0.013 0.017 0.013 0.010 0.012 0.008 0.009 0.004 0.005 0.001 0.000 0.000 0.000 0.000 0.000 0.000 0.000 0.000 0.000 0.000 0.000 0.000 0.000 0.000 0.000 0.000 0.000
0.016 0.012 0.014 0.015 0.012 0.012 0.016 0.018 0.016 0.020 0.015 0.017 0.017 0.013 0.013 0.013 0.017 0.013 0.012 0.015 0.017 0.013 0.013 0.016 0.016 0.012 0.018 0.016 0.011 0.012 0.012 0.012 0.007 0.003 0.009 0.018 0.010 0.017 0.016 0.016 0.017 0.016 0.018 0.019 0.018 0.016 0.019 0.020 0.015 0.021 0.013 0.014 0.013 0.011 0.009 0.008 0.008 0.003 0.002 0.000 0.000 0.000 0.000 0.000 0.000 0.000 0.000 0.000 0.000 0.000 0.000 0.000 0.000 0.000 0.000 0.000
0.013 0.011 0.011 0.014 0.015 0.016 0.016 0.022 0.021 0.015 0.015 0.016 0.014 0.014 0.011 0.013 0.016 0.013 0.015 0.016 0.015 0.015 0.014 0.018 0.009 0.018 0.011 0.012 0.015 0.015 0.016 0.008 0.009 0.004 0.008 0.014 0.011 0.011 0.014 0.020 0.014 0.016 0.018 0.019 0.016 0.021 0.019 0.015 0.021 0.015 0.018 0.015 0.015 0.012 0.009 0.010 0.008 0.004 0.001 0.000 0.000 0.000 0.000 0.000 0.000 0.000 0.000 0.000 0.000 0.000 0.000 0.000 0.000 0.000 0.000 0.000
0.016 0.010 0.012 0.016 0.014 0.016 0.014 0.020 0.018 0.018 0.015 0.019 0.014 0.012 0.009 0.015 0.011 0.019 0.014 0.018 0.017 0.015 0.013 0.016 0.018 0.017 0.014 0.017 0.010 0.018 0.008 0.011 0.010 0.003 0.011 0.004 0.013 0.017 0.017 0.014 0.018 0.020 0.022 0.017 0.023 0.022 0.020 0.020 0.015 0.020 0.015 0.013 0.013 0.011 0.013 0.008 0.005 0.004 0.001 0.000 0.000 0.000 0.000 0.000 0.000 0.000 0.000 0.000 0.000 0.000 0.000 0.000 0.000 0.000 0.000 0.000
0.008 0.007 0.013 0.010 0.018 0.023 0.021 0.021 0.016 0.016 0.014 0.018 0.018 0.013 0.014 0.014 0.015 0.017 0.013 0.022 0.011 0.014 0.016 0.013 0.015 0.018 0.019 0.017 0.015 0.009 0.011 0.008 0.012 0.007 0.002 0.004 0.011 0.019 0.014 0.024 0.021 0.015 0.017 0.018 0.014 0.021 0.017 0.017 0.019 0.019 0.018 0.019 0.012 0.012 0.014 0.012 0.009 0.003 0.002 0.000 0.000 0.000 0.000 0.000 0.000 0.000 0.000 0.000 0.000 0.000 0.000 0.000 0.000 0.000 0.000 0.000
0.007 0.008 0.012 0.007 0.020 0.017 0.023 0.017 0.024 0.020 0.016 0.016 0.012 0.014 0.011 0.016 0.015 0.018 0.023 0.014 0.017 0.014 0.013 0.020 0.015 0.019 0.015 0.015 0.012 0.012 0.007 0.010 0.012 0.007 0.001 0.005 0.006 0.013 0.017 0.017 0.017 0.023 0.021 0.023 0.022 0.021 0.024 0.019 0.022 0.020 0.016 0.014 0.013 0.015 0.012 0.009 0.009 0.004 0.001 0.000 0.000 0.000 0.000 0.000 0.000 0.000 0.000 0.000 0.000 0.000 0.000 0.000 0.000 0.000 0.000 0.000
0.006 0.012 0.012 0.007 0.019 0.024 0.019 0.020 0.015 0.015 0.020 0.017 0.016 0.016 0.015 0.017 0.018 0.016 0.015 0.015 0.013 0.014 0.016 0.009 0.019 0.023 0.016 0.010 0.011 0.009 0.018 0.016 0.001 0.007 0.005 0.007 0.006 0.023 0.017 0.015 0.016 0.020 0.018 0.019 0.021 0.022 0.014 0.021 0.017 0.018 0.021 0.019 0.012 0.011 0.012 0.014 0.007 0.005 0.001 0.000 0.000 0.000 0.000 0.000 0.000 0.000 0.000 0.000 0.000 0.000 0.000 0.000 0.000 0.000 0.000 0.000
0.007 0.004 0.014 0.013 0.022 0.018 0.018 0.016 0.018 0.021 0.021 0.014 0.013 0.017 0.011 0.019 0.018 0.020 0.017 0.014 0.012 0.013 0.020 0.018 0.018 0.024 0.015 0.011 0.007 0.010 0.020 0.016 0.002 0.003 0.006 0.008 0.010 0.013 0.013 0.023 0.025 0.017 0.022 0.023 0.020 0.023 0.023 0.021 0.023 0.022 0.017 0.017 0.018 0.019 0.013 0.010 0.008 0.005 0.003 0.000 0.000 0.000 0.000 0.000 0.000 0.000 0.000 0.000 0.000 0.000 0.000 0.000 0.000 0.000 0.000 0.000
0.006 0.004 0.014 0.015 0.024 0.015 0.018 0.018 0.016 0.020 0.018 0.016 0.015 0.018 0.018 0.018 0.014 0.020 0.018 0.010 0.007 0.017 0.018 0.009 0.010 0.036 0.016 0.014 0.007 0.011 0.013 0.024 0.004 0.002 0.006 0.006 0.010 0.008 0.017 0.018 0.018 0.020 0.023 0.021 0.020 0.019 0.022 0.021 0.018 0.019 0.018 0.017 0.017 0.014 0.014 0.013 0.007 0.004 0.003 0.000 0.000 0.000 0.000 0.000 0.000 0.000 0.000 0.000 0.000 0.000 0.000 0.000 0.000 0.000 0.000 0.000
0.004 0.006 0.006 0.026 0.024 0.013 0.016 0.017 0.020 0.023 0.020 0.018 0.017 0.018 0.015 0.012 0.012 0.022 0.026 0.009 0.007 0.027 0.009 0.007 0.009 0.031 0.015 0.010 0.010 0.012 0.012 0.020 0.007 0.005 0.005 0.005 0.009 0.010 0.016 0.016 0.021 0.025 0.019 0.022 0.026 0.026 0.022 0.017 0.022 0.020 0.019 0.020 0.015 0.014 0.014 0.012 0.009 0.004 0.004 0.000 0.000 0.000 0.000 0.000 0.000 0.000 0.000 0.000 0.000 0.000 0.000 0.000 0.000 0.000 0.000 0.000
0.004 0.007 0.005 0.039 0.008 0.015 0.016 0.012 0.023 0.025 0.017 0.021 0.025 0.021 0.011 0.006 0.012 0.021 0.021 0.012 0.005 0.034 0.009 0.008 0.009 0.032 0.018 0.011 0.013 0.010 0.010 0.020 0.014 0.003 0.005 0.006 0.010 0.007 0.015 0.018 0.022 0.021 0.023 0.022 0.020 0.017 0.021 0.025 0.020 0.023 0.023 0.017 0.018 0.019 0.012 0.010 0.012 0.004 0.004 0.000 0.000 0.000 0.000 0.000 0.000 0.000 0.000 0.000 0.000 0.000 0.000 0.000 0.000 0.000 0.000 0.000
0.000 0.007 0.009 0.035 0.009 0.018 0.014 0.012 0.021 0.023 0.026 0.019 0.016 0.023 0.012 0.007 0.012 0.018 0.025 0.010 0.006 0.027 0.015 0.014 0.010 0.022 0.019 0.014 0.014 0.014 0.008 0.010 0.016 0.004 0.007 0.004 0.013 0.013 0.010 0.014 0.020 0.021 0.024 0.023 0.022 0.027 0.023 0.019 0.026 0.018 0.019 0.019 0.013 0.017 0.012 0.014 0.006 0.008 0.003 0.000 0.000 0.000 0.000 0.000 0.000 0.000 0.000 0.000 0.000 0.000 0.000 0.000 0.000 0.000 0.000 0.000
0.001 0.010 0.020 0.024 0.008 0.019 0.010 0.012 0.027 0.019 0.023 0.017 0.018 0.017 0.016 0.011 0.012 0.009 0.034 0.011 0.007 0.023 0.022 0.008 0.023 0.016 0.017 0.018 0.013 0.016 0.004 0.008 0.018 0.004 0.007 0.004 0.011 0.015 0.013 0.018 0.017 0.022 0.020 0.023 0.021 0.021 0.024 0.028 0.017 0.025 0.020 0.020 0.019 0.012 0.017 0.011 0.008 0.006 0.002 0.000 0.000 0.000 0.000 0.000 0.000 0.000 0.000 0.000 0.000 0.000 0.000 0.000 0.000 0.000 0.000 0.000
