Data/res-0031.wd
ncols         433
nrows         491
xllcorner     1194560.000000
yllcorner     -584471.000000
cellsize      25.000000
NODATA_value  -9999.000000
[rows 204 to 237 of 491, columns 154 to 230 of 433]
0.000 0.000 0.000 0.000 0.000 0.000 0.016 0.388 2.288 0.988 0.000 0.000 0.000 0.000 0.000 0.000 0.000 0.000 0.000 0.000 0.000 0.000 0.000 0.000 0.000 0.000 0.000 0.113 0.101 0.073 0.064 0.053 0.041 0.015 0.000 0.000 0.000 0.000 0.000 0.000 0.000 0.000 0.000 0.000 0.000 0.000 0.000 0.000 0.000 0.000 0.000 0.000 0.000 0.000 0.000 0.000 0.000 0.000 0.000 0.000 0.000 0.000 0.000 0.000 0.000 0.000 0.031 0.081 0.153 0.098 0.078 0.144 0.160 0.127 0.158 0.188 0.177
0.000 0.000 0.000 0.000 0.000 0.000 0.063 1.604 2.211 0.083 0.000 0.000 0.000 0.000 0.000 0.000 0.000 0.000 0.000 0.000 0.000 0.000 0.000 0.000 0.000 0.000 0.096 0.089 0.092 0.086 0.077 0.046 0.013 0.009 0.000 0.000 0.000 0.000 0.000 0.000 0.000 0.000 0.000 0.000 0.000 0.000 0.000 0.000 0.000 0.000 0.000 0.000 0.000 0.000 0.000 0.000 0.000 0.000 0.000 0.000 0.000 0.000 0.000 0.000 0.005 0.037 0.023 0.098 0.114 0.040 0.095 0.069 0.179 0.217 0.235 0.176 0.176
0.000 0.000 0.000 0.000 0.000 0.000 0.178 2.381 0.693 0.000 0.000 0.000 0.000 0.000 0.000 0.000 0.000 0.000 0.000 0.000 0.000 0.000 0.000 0.000 0.000 0.084 0.096 0.094 0.099 0.063 0.063 0.051 0.028 0.012 0.004 0.000 0.000 0.000 0.000 0.000 0.000 0.000 0.000 0.000 0.000 0.000 0.000 0.000 0.000 0.000 0.000 0.000 0.000 0.000 0.000 0.000 0.032 0.000 0.000 0.010 0.024 0.000 0.000 0.008 0.073 0.064 0.117 0.173 0.221 0.167 0.191 0.080 0.111 0.167 0.189 0.216 0.194
0.000 0.000 0.000 0.000 0.000 0.000 0.390 2.435 0.165 0.000 0.000 0.000 0.000 0.000 0.000 0.000 0.000 0.000 0.000 0.000 0.000 0.000 0.000 0.000 0.054 0.079 0.081 0.105 0.105 0.078 0.058 0.046 0.037 0.013 0.003 0.000 0.000 0.000 0.000 0.000 0.000 0.000 0.000 0.000 0.000 0.000 0.000 0.000 0.000 0.000 0.000 0.000 0.000 0.000 0.000 0.044 0.043 0.000 0.000 0.000 0.048 0.000 0.000 0.000 0.024 0.000 0.014 0.127 0.126 0.256 0.284 0.140 0.124 0.145 0.220 0.132 0.212
0.000 0.000 0.000 0.000 0.000 0.000 0.694 2.329 0.130 0.000 0.000 0.000 0.000 0.000 0.000 0.000 0.000 0.000 0.000 0.000 0.000 0.000 0.000 0.000 0.028 0.043 0.057 0.090 0.090 0.066 0.064 0.055 0.033 0.030 0.002 0.000 0.000 0.000 0.000 0.000 0.000 0.000 0.000 0.000 0.000 0.000 0.000 0.000 0.000 0.000 0.000 0.000 0.000 0.000 0.000 0.000 0.023 0.109 0.016 0.000 0.045 0.014 0.010 0.017 0.009 0.038 0.051 0.115 0.081 0.097 0.227 0.328 0.213 0.251 0.207 0.086 0.118
0.000 0.000 0.000 0.000 0.000 0.000 1.048 2.036 0.000 0.000 0.000 0.000 0.000 0.000 0.000 0.000 0.000 0.000 0.000 0.000 0.000 0.000 0.010 0.037 0.045 0.036 0.047 0.053 0.070 0.073 0.074 0.071 0.045 0.028 0.000 0.000 0.000 0.000 0.000 0.000 0.000 0.000 0.000 0.000 0.000 0.000 0.000 0.000 0.000 0.000 0.000 0.001 0.000 0.000 0.000 0.000 0.000 0.027 0.058 0.059 0.068 0.001 0.001 0.000 0.029 0.035 0.102 0.075 0.105 0.110 0.163 0.239 0.358 0.259 0.134 0.174 0.118
0.000 0.000 0.000 0.000 0.000 0.169 2.257 1.558 0.000 0.000 0.000 0.000 0.000 0.000 0.000 0.000 0.000 0.000 0.000 0.000 0.000 0.000 0.038 0.038 0.069 0.060 0.053 0.050 0.089 0.101 0.095 0.093 0.086 0.058 0.019 0.000 0.000 0.000 0.000 0.000 0.000 0.000 0.000 0.000 0.000 0.000 0.000 0.000 0.000 0.000 0.045 0.003 0.000 0.000 0.000 0.000 0.000 0.009 0.012 0.021 0.001 0.047 0.001 0.000 0.031 0.092 0.153 0.110 0.196 0.082 0.131 0.172 0.154 0.302 0.243 0.244 0.214
0.000 0.000 0.000 0.000 0.245 1.749 2.320 0.282 0.000 0.000 0.000 0.000 0.000 0.000 0.000 0.000 0.000 0.000 0.000 0.000 0.000 0.005 0.049 0.062 0.070 0.090 0.085 0.093 0.117 0.129 0.141 0.137 0.110 0.070 0.030 0.003 0.005 0.004 0.005 0.000 0.000 0.000 0.000 0.000 0.000 0.000 0.000 0.000 0.000 0.044 0.019 0.058 0.099 0.007 0.000 0.000 0.000 0.038 0.012 0.009 0.000 0.002 0.041 0.036 0.066 0.106 0.086 0.191 0.273 0.197 0.150 0.185 0.258 0.375 0.146 0.140 0.098
0.000 0.000 0.000 0.346 2.000 2.029 0.402 0.000 0.000 0.000 0.000 0.000 0.000 0.000 0.000 0.000 0.000 0.000 0.000 0.000 0.011 0.044 0.061 0.085 0.066 0.082 0.113 0.119 0.130 0.136 0.162 0.166 0.131 0.107 0.051 0.027 0.044 0.032 0.043 0.015 0.000 0.000 0.000 0.000 0.000 0.000 0.000 0.000 0.000 0.009 0.007 0.000 0.077 0.056 0.000 0.000 0.025 0.018 0.000 0.010 0.011 0.005 0.009 0.105 0.036 0.057 0.134 0.166 0.113 0.209 0.264 0.291 0.220 0.356 0.184 0.232 0.119
0.000 0.000 0.353 2.258 1.770 0.005 0.000 0.000 0.000 0.000 0.000 0.000 0.000 0.000 0.000 0.000 0.000 0.000 0.000 0.006 0.047 0.065 0.104 0.117 0.110 0.109 0.132 0.142 0.163 0.185 0.167 0.163 0.127 0.105 0.072 0.052 0.056 0.054 0.063 0.038 0.011 0.032 0.066 0.000 0.000 0.000 0.000 0.000 0.000 0.000 0.004 0.047 0.099 0.082 0.000 0.000 0.060 0.022 0.044 0.004 0.006 0.018 0.019 0.087 0.062 0.112 0.143 0.245 0.158 0.157 0.215 0.311 0.232 0.319 0.267 0.147 0.086
0.000 0.012 1.972 1.880 0.000 0.000 0.000 0.000 0.000 0.000 0.000 0.000 0.000 0.000 0.000 0.000 0.000 0.000 0.000 0.020 0.061 0.101 0.156 0.160 0.134 0.113 0.142 0.173 0.195 0.190 0.141 0.124 0.133 0.071 0.041 0.035 0.057 0.069 0.057 0.048 0.000 0.076 0.060 0.000 0.000 0.000 0.000 0.000 0.000 0.000 0.019 0.059 0.112 0.091 0.080 0.092 0.097 0.083 0.092 0.058 0.082 0.059 0.051 0.095 0.072 0.061 0.150 0.168 0.277 0.216 0.179 0.282 0.338 0.307 0.372 0.197 0.176
0.000 0.735 2.428 0.249 0.000 0.000 0.000 0.000 0.000 0.000 0.000 0.000 0.000 0.000 0.000 0.000 0.000 0.000 0.000 0.040 0.101 0.144 0.163 0.166 0.159 0.148 0.171 0.195 0.197 0.186 0.176 0.133 0.113 0.057 0.066 0.069 0.074 0.105 0.072 0.044 0.056 0.021 0.035 0.028 0.000 0.000 0.000 0.000 0.009 0.061 0.074 0.084 0.046 0.011 0.017 0.029 0.016 0.025 0.026 0.019 0.027 0.030 0.062 0.135 0.090 0.065 0.147 0.176 0.163 0.174 0.257 0.360 0.291 0.400 0.413 0.229 0.207
0.000 1.953 1.702 0.000 0.000 0.000 0.000 0.000 0.000 0.000 0.000 0.000 0.000 0.000 0.000 0.000 0.000 0.000 0.026 0.077 0.108 0.128 0.157 0.173 0.109 0.135 0.179 0.176 0.192 0.187 0.185 0.130 0.108 0.083 0.074 0.091 0.107 0.099 0.060 0.064 0.062 0.053 0.027 0.030 0.028 0.031 0.026 0.048 0.066 0.052 0.025 0.036 0.004 0.001 0.073 0.023 0.088 0.024 0.025 0.049 0.048 0.079 0.050 0.152 0.094 0.179 0.144 0.223 0.141 0.190 0.330 0.371 0.292 0.368 0.505 0.370 0.366
0.089 2.302 0.717 0.000 0.000 0.000 0.000 0.000 0.000 0.000 0.000 0.000 0.000 0.000 0.000 0.000 0.000 0.006 0.041 0.085 0.128 0.157 0.163 0.159 0.161 0.174 0.206 0.204 0.203 0.193 0.177 0.156 0.102 0.074 0.092 0.086 0.109 0.077 0.056 0.058 0.031 0.059 0.025 0.026 0.027 0.038 0.046 0.035 0.013 0.015 0.000 0.000 0.001 0.071 0.124 0.088 0.116 0.087 0.059 0.031 0.027 0.030 0.108 0.170 0.151 0.178 0.218 0.159 0.132 0.168 0.303 0.459 0.427 0.559 0.476 0.452 0.431
0.364 2.417 0.348 0.000 0.000 0.000 0.000 0.000 0.000 0.000 0.000 0.000 0.000 0.000 0.000 0.000 0.000 0.013 0.046 0.078 0.107 0.142 0.120 0.164 0.149 0.138 0.148 0.172 0.198 0.190 0.181 0.171 0.098 0.075 0.077 0.074 0.078 0.071 0.060 0.076 0.065 0.061 0.032 0.030 0.042 0.032 0.028 0.021 0.027 0.016 0.000 0.000 0.058 0.084 0.162 0.123 0.092 0.068 0.050 0.039 0.055 0.048 0.051 0.094 0.177 0.255 0.204 0.134 0.151 0.248 0.267 0.415 0.495 0.385 0.231 0.241 0.199
0.776 2.305 0.138 0.000 0.000 0.000 0.000 0.000 0.000 0.000 0.000 0.000 0.000 0.000 0.000 0.000 0.008 0.033 0.055 0.095 0.140 0.150 0.143 0.161 0.134 0.134 0.146 0.159 0.163 0.177 0.160 0.202 0.108 0.089 0.084 0.086 0.081 0.065 0.061 0.106 0.081 0.061 0.039 0.056 0.055 0.018 0.022 0.040 0.050 0.031 0.046 0.055 0.114 0.085 0.068 0.071 0.055 0.041 0.038 0.031 0.041 0.029 0.041 0.079 0.064 0.279 0.164 0.130 0.210 0.229 0.430 0.477 0.270 0.210 0.113 0.155 0.102
1.198 2.074 0.005 0.000 0.000 0.000 0.000 0.000 0.000 0.000 0.000 0.000 0.000 0.000 0.000 0.000 0.010 0.055 0.094 0.135 0.172 0.163 0.117 0.144 0.126 0.118 0.127 0.120 0.129 0.139 0.151 0.182 0.132 0.099 0.104 0.077 0.109 0.086 0.079 0.107 0.114 0.072 0.066 0.101 0.057 0.052 0.036 0.035 0.072 0.053 0.061 0.079 0.108 0.095 0.085 0.060 0.078 0.018 0.014 0.040 0.032 0.024 0.027 0.094 0.176 0.261 0.213 0.200 0.210 0.297 0.394 0.260 0.175 0.175 0.183 0.128 0.116
2.008 1.796 0.000 0.000 0.000 0.000 0.000 0.000 0.000 0.000 0.000 0.000 0.000 0.000 0.002 0.003 0.024 0.054 0.103 0.135 0.148 0.181 0.114 0.129 0.139 0.122 0.125 0.131 0.114 0.143 0.141 0.115 0.152 0.137 0.092 0.073 0.137 0.063 0.135 0.100 0.074 0.144 0.125 0.081 0.063 0.060 0.081 0.096 0.071 0.074 0.086 0.113 0.082 0.105 0.079 0.071 0.025 0.028 0.020 0.022 0.022 0.040 0.035 0.050 0.157 0.301 0.332 0.323 0.219 0.282 0.297 0.179 0.255 0.165 0.119 0.065 0.126
2.366 0.982 0.000 0.000 0.000 0.000 0.000 0.000 0.000 0.000 0.000 0.000 0.002 0.002 0.003 0.009 0.021 0.065 0.110 0.129 0.100 0.111 0.093 0.104 0.115 0.133 0.092 0.098 0.116 0.096 0.083 0.081 0.062 0.148 0.176 0.120 0.093 0.080 0.119 0.151 0.113 0.137 0.062 0.066 0.066 0.062 0.085 0.090 0.082 0.096 0.097 0.091 0.111 0.069 0.077 0.040 0.017 0.014 0.023 0.018 0.017 0.012 0.018 0.101 0.172 0.301 0.156 0.304 0.310 0.380 0.220 0.198 0.210 0.190 0.100 0.090 0.128
2.494 0.681 0.000 0.000 0.000 0.000 0.000 0.001 0.000 0.000 0.000 0.003 0.002 0.002 0.004 0.015 0.013 0.045 0.090 0.128 0.123 0.095 0.107 0.106 0.084 0.109 0.119 0.081 0.079 0.079 0.072 0.060 0.064 0.074 0.090 0.151 0.160 0.102 0.105 0.113 0.106 0.115 0.046 0.035 0.060 0.057 0.081 0.095 0.117 0.121 0.117 0.109 0.102 0.082 0.066 0.056 0.012 0.010 0.046 0.036 0.048 0.030 0.030 0.061 0.181 0.280 0.118 0.188 0.319 0.255 0.174 0.148 0.213 0.109 0.097 0.143 0.138
2.381 0.545 0.269 0.171 0.133 0.101 0.018 0.002 0.002 0.003 0.004 0.004 0.005 0.010 0.005 0.013 0.038 0.049 0.086 0.114 0.106 0.101 0.108 0.096 0.086 0.093 0.111 0.066 0.077 0.054 0.021 0.017 0.014 0.029 0.063 0.071 0.108 0.170 0.199 0.268 0.195 0.159 0.092 0.066 0.078 0.084 0.104 0.154 0.205 0.129 0.099 0.111 0.106 0.073 0.080 0.043 0.024 0.025 0.036 0.070 0.059 0.049 0.064 0.088 0.194 0.237 0.158 0.159 0.226 0.203 0.205 0.144 0.229 0.130 0.165 0.132 0.141
2.028 0.057 0.000 0.004 0.021 0.079 0.079 0.012 0.007 0.005 0.012 0.008 0.017 0.016 0.021 0.020 0.024 0.065 0.100 0.099 0.115 0.119 0.104 0.114 0.114 0.143 0.113 0.089 0.065 0.052 0.035 0.022 0.035 0.038 0.020 0.040 0.058 0.150 0.131 0.133 0.169 0.203 0.225 0.221 0.190 0.130 0.155 0.174 0.105 0.077 0.072 0.105 0.114 0.096 0.089 0.060 0.090 0.109 0.085 0.072 0.188 0.077 0.089 0.209 0.209 0.178 0.247 0.279 0.301 0.283 0.264 0.239 0.217 0.129 0.169 0.134 0.085
1.546 0.000 0.000 0.000 0.000 0.000 0.069 0.033 0.020 0.022 0.014 0.015 0.011 0.008 0.023 0.017 0.039 0.052 0.092 0.113 0.133 0.124 0.113 0.100 0.102 0.131 0.086 0.070 0.086 0.063 0.014 0.001 0.005 0.055 0.064 0.031 0.026 0.100 0.116 0.065 0.086 0.090 0.097 0.145 0.151 0.165 0.149 0.082 0.075 0.065 0.066 0.097 0.084 0.060 0.067 0.042 0.092 0.047 0.035 0.036 0.057 0.103 0.160 0.124 0.118 0.131 0.185 0.232 0.185 0.269 0.289 0.203 0.183 0.148 0.198 0.106 0.113
0.605 0.000 0.000 0.000 0.000 0.000 0.055 0.090 0.084 0.061 0.063 0.102 0.083 0.080 0.027 0.026 0.029 0.043 0.085 0.107 0.162 0.158 0.115 0.141 0.093 0.075 0.128 0.070 0.041 0.022 0.003 0.004 0.003 0.012 0.102 0.113 0.035 0.055 0.141 0.076 0.061 0.047 0.056 0.077 0.081 0.085 0.083 0.078 0.049 0.067 0.074 0.100 0.071 0.033 0.083 0.085 0.064 0.056 0.045 0.054 0.038 0.057 0.058 0.070 0.080 0.116 0.197 0.220 0.144 0.213 0.379 0.361 0.277 0.229 0.216 0.130 0.168
0.114 0.000 0.000 0.000 0.000 0.000 0.004 0.003 0.016 0.016 0.021 0.048 0.067 0.008 0.016 0.030 0.053 0.066 0.091 0.112 0.117 0.124 0.176 0.126 0.114 0.077 0.149 0.148 0.074 0.018 0.006 0.002 0.003 0.004 0.000 0.063 0.099 0.010 0.098 0.097 0.070 0.058 0.037 0.041 0.055 0.057 0.082 0.059 0.059 0.066 0.071 0.078 0.093 0.096 0.066 0.032 0.029 0.049 0.030 0.059 0.045 0.039 0.064 0.047 0.070 0.120 0.131 0.125 0.127 0.228 0.259 0.234 0.188 0.264 0.314 0.174 0.122
0.000 0.000 0.000 0.000 0.000 0.000 0.002 0.002 0.001 0.001 0.004 0.004 0.076 0.008 0.011 0.044 0.071 0.086 0.110 0.114 0.105 0.116 0.184 0.154 0.100 0.083 0.105 0.089 0.043 0.000 0.000 0.004 0.000 0.000 0.000 0.001 0.043 0.035 0.059 0.082 0.032 0.029 0.045 0.047 0.050 0.065 0.072 0.051 0.059 0.050 0.042 0.050 0.057 0.040 0.029 0.035 0.032 0.023 0.026 0.022 0.045 0.083 0.039 0.071 0.074 0.112 0.110 0.111 0.119 0.236 0.184 0.209 0.087 0.084 0.187 0.247 0.094
0.000 0.000 0.000 0.000 0.000 0.001 0.002 0.002 0.003 0.003 0.005 0.009 0.081 0.031 0.060 0.076 0.092 0.101 0.112 0.137 0.169 0.103 0.139 0.208 0.140 0.118 0.093 0.029 0.042 0.000 0.000 0.007 0.002 0.000 0.012 0.000 0.104 0.178 0.072 0.121 0.065 0.028 0.022 0.126 0.097 0.101 0.088 0.071 0.076 0.082 0.046 0.045 0.041 0.029 0.033 0.036 0.027 0.024 0.049 0.032 0.029 0.076 0.065 0.103 0.107 0.158 0.122 0.177 0.167 0.260 0.159 0.182 0.085 0.091 0.115 0.244 0.086
0.000 0.000 0.000 0.021 0.015 0.002 0.003 0.007 0.022 0.010 0.012 0.016 0.073 0.083 0.079 0.061 0.110 0.116 0.101 0.111 0.201 0.118 0.128 0.247 0.160 0.129 0.069 0.043 0.000 0.000 0.000 0.000 0.040 0.001 0.015 0.137 0.142 0.022 0.016 0.039 0.097 0.125 0.089 0.092 0.012 0.058 0.095 0.064 0.054 0.166 0.065 0.066 0.023 0.020 0.025 0.018 0.011 0.017 0.031 0.024 0.072 0.080 0.039 0.090 0.212 0.250 0.228 0.183 0.209 0.189 0.160 0.208 0.149 0.145 0.101 0.122 0.179
0.000 0.000 0.023 0.023 0.020 0.025 0.013 0.028 0.007 0.007 0.006 0.013 0.047 0.048 0.105 0.101 0.105 0.142 0.109 0.190 0.217 0.153 0.173 0.203 0.215 0.128 0.113 0.016 0.000 0.000 0.000 0.000 0.000 0.054 0.115 0.174 0.000 0.003 0.006 0.011 0.015 0.093 0.215 0.048 0.080 0.028 0.051 0.054 0.101 0.187 0.173 0.124 0.044 0.100 0.041 0.023 0.021 0.030 0.031 0.128 0.024 0.031 0.164 0.255 0.281 0.150 0.161 0.157 0.175 0.178 0.184 0.196 0.117 0.120 0.120 0.152 0.086
0.000 0.081 0.059 0.030 0.016 0.041 0.035 0.063 0.023 0.018 0.018 0.025 0.088 0.043 0.069 0.091 0.076 0.111 0.135 0.121 0.130 0.200 0.118 0.101 0.158 0.083 0.068 0.044 0.001 0.001 0.009 0.073 0.075 0.175 0.281 0.049 0.000 0.022 0.004 0.039 0.016 0.065 0.141 0.239 0.052 0.018 0.068 0.106 0.137 0.057 0.110 0.181 0.160 0.057 0.068 0.060 0.053 0.105 0.138 0.176 0.102 0.154 0.178 0.125 0.139 0.145 0.181 0.186 0.240 0.241 0.235 0.144 0.116 0.143 0.092 0.096 0.042
0.111 0.070 0.057 0.047 0.049 0.041 0.029 0.022 0.035 0.042 0.029 0.027 0.062 0.071 0.043 0.089 0.144 0.104 0.116 0.152 0.129 0.223 0.181 0.178 0.245 0.146 0.078 0.099 0.001 0.018 0.003 0.024 0.139 0.401 0.136 0.095 0.057 0.007 0.003 0.075 0.085 0.033 0.354 0.334 0.276 0.111 0.058 0.020 0.043 0.032 0.044 0.049 0.067 0.000 0.001 0.065 0.109 0.075 0.000 0.000 0.036 0.072 0.192 0.197 0.194 0.186 0.265 0.199 0.295 0.187 0.189 0.164 0.145 0.106 0.103 0.068 0.075
0.102 0.093 0.057 0.058 0.046 0.031 0.035 0.027 0.021 0.018 0.028 0.044 0.043 0.078 0.088 0.193 0.165 0.106 0.239 0.129 0.105 0.182 0.097 0.136 0.059 0.103 0.126 0.157 0.103 0.034 0.000 0.000 0.111 0.367 0.021 0.006 0.000 0.000 0.006 0.059 0.055 0.004 0.275 0.028 0.300 0.106 0.040 0.024 0.024 0.078 0.060 0.019 0.030 0.041 0.010 0.023 0.065 0.026 0.010 0.054 0.150 0.206 0.201 0.252 0.269 0.323 0.403 0.277 0.310 0.249 0.194 0.077 0.156 0.102 0.060 0.047 0.079
0.027 0.060 0.035 0.039 0.062 0.031 0.037 0.034 0.024 0.044 0.011 0.049 0.065 0.099 0.099 0.146 0.086 0.086 0.244 0.145 0.166 0.080 0.067 0.077 0.054 0.030 0.020 0.021 0.098 0.170 0.036 0.118 0.248 0.338 0.098 0.001 0.000 0.000 0.000 0.019 0.157 0.365 0.102 0.002 0.260 0.112 0.041 0.058 0.074 0.074 0.016 0.014 0.053 0.000 0.003 0.016 0.042 0.068 0.179 0.159 0.073 0.034 0.062 0.099 0.139 0.101 0.177 0.338 0.343 0.220 0.172 0.129 0.105 0.075 0.127 0.017 0.045
0.000 0.017 0.025 0.040 0.052 0.043 0.050 0.039 0.034 0.060 0.010 0.053 0.038 0.028 0.154 0.186 0.110 0.237 0.215 0.101 0.166 0.070 0.056 0.022 0.053 0.084 0.017 0.006 0.006 0.041 0.120 0.072 0.052 0.310 0.031 0.034 0.012 0.026 0.000 0.066 0.414 0.188 0.043 0.033 0.186 0.183 0.178 0.163 0.107 0.075 0.050 0.044 0.059 0.000 0.006 0.161 0.085 0.134 0.245 0.133 0.106 0.102 0.082 0.154 0.101 0.107 0.115 0.272 0.382 0.284 0.210 0.148 0.199 0.145 0.121 0.045 0.060
