Data/res-0330.Qx
ncols         434
nrows         491
xllcorner     1194547.500000
yllcorner     -584471.000000
cellsize      25.000000
NODATA_value  -9999.000000
[rows 374 to 407 of 491, columns 228 to 303 of 434]
-0.141 -0.114 -0.116 -0.079 -0.060 -0.065 -0.090 -0.065 -0.111 -0.140 -0.074 -0.052 -0.033 -0.028 -0.012 -0.007 -0.057 -0.006 -0.010 -0.015 -0.033 -0.095 -0.139 -0.147 -0.139 -0.089 -0.091 -0.089 -0.083 -0.046 -0.071 -0.180 -0.110 -0.142 -0.111 -0.150 -0.053 -0.060 -0.030 -0.015 -0.013 -0.004 -0.003 -0.054 0.025 0.121 -0.016 0.005 -0.133 0.034 -0.008 -0.014 -0.013 -0.014 -0.015 0.007 -0.000 0.000 -0.000 0.000 0.000 0.000 0.000 0.000 0.000 0.000 0.000 0.000 0.000 0.000 0.000 0.000 0.000 0.000 0.000 0.000
-0.103 -0.123 -0.101 -0.089 -0.051 -0.071 -0.058 -0.052 -0.054 -0.057 -0.050 -0.068 -0.051 -0.031 -0.031 -0.031 -0.043 -0.132 -0.120 -0.077 -0.074 -0.060 -0.060 -0.046 -0.055 -0.094 -0.053 -0.040 -0.039 -0.030 -0.029 -0.004 -0.012 -0.011 -0.016 -0.014 -0.023 -0.037 -0.047 -0.099 -0.041 -0.000 0.033 -0.001 -0.000 -0.006 -0.024 -0.002 0.005 0.020 0.041 -0.000 -0.016 -0.019 -0.003 0.008 0.001 0.010 0.007 0.000 0.000 0.000 0.000 0.000 0.000 0.000 0.000 0.000 0.000 0.000 0.000 0.000 0.000 0.000 0.000 0.000
-0.087 -0.059 -0.093 -0.130 -0.075 -0.080 -0.095 -0.075 -0.041 -0.027 -0.044 -0.034 -0.044 -0.053 -0.035 -0.035 -0.053 -0.044 -0.047 -0.087 -0.112 -0.097 -0.066 -0.067 -0.042 -0.042 -0.058 -0.072 -0.080 -0.068 -0.075 -0.029 -0.047 -0.022 -0.020 -0.016 -0.015 -0.033 -0.016 -0.015 -0.004 -0.003 -0.000 0.037 -0.049 -0.072 -0.033 -0.031 0.023 0.019 0.031 -0.035 0.015 -0.007 -0.004 -0.052 -0.006 -0.010 -0.005 -0.000 0.000 0.000 0.000 0.000 0.000 0.000 0.000 0.000 0.000 0.000 0.000 0.000 0.000 0.000 0.000 0.000
-0.058 -0.044 -0.046 -0.051 -0.039 -0.023 -0.022 -0.028 -0.038 -0.123 -0.080 -0.055 -0.059 -0.041 -0.051 -0.042 -0.021 -0.017 -0.039 -0.074 -0.025 -0.026 -0.057 -0.056 -0.062 -0.048 -0.031 -0.024 -0.066 -0.062 -0.035 -0.028 -0.040 -0.045 -0.098 -0.043 -0.031 -0.038 -0.018 0.023 -0.007 -0.028 -0.082 -0.021 -0.089 -0.046 -0.004 -0.124 0.006 -0.052 -0.054 0.009 0.005 0.002 -0.001 -0.002 -0.005 -0.002 -0.000 0.000 0.000 0.000 0.000 0.000 0.000 0.000 0.000 0.000 0.000 0.000 0.000 0.000 0.000 0.000 0.000 0.000
-0.138 -0.083 -0.032 -0.036 -0.024 -0.045 -0.072 -0.092 -0.117 -0.092 -0.084 -0.089 -0.031 -0.035 -0.066 -0.064 -0.071 -0.107 -0.115 -0.085 -0.090 -0.081 -0.055 -0.068 -0.063 -0.038 -0.035 -0.069 -0.035 -0.039 -0.025 -0.023 -0.040 -0.045 -0.043 -0.041 -0.062 -0.061 -0.028 0.023 0.045 -0.073 -0.060 -0.018 -0.054 -0.041 -0.012 -0.079 -0.014 -0.016 0.007 0.022 0.002 0.016 -0.011 0.009 -0.007 -0.002 0.001 0.000 0.000 0.000 0.000 0.000 0.000 0.000 0.000 0.000 0.000 0.000 0.000 0.000 0.000 0.000 0.000 0.000
-0.115 -0.171 -0.187 -0.146 -0.149 -0.139 -0.153 -0.110 -0.161 -0.098 -0.122 -0.122 -0.223 -0.232 -0.199 -0.130 -0.155 -0.128 -0.102 -0.086 -0.025 -0.028 -0.056 -0.041 -0.042 -0.071 -0.112 -0.090 -0.058 -0.052 -0.033 -0.027 -0.038 -0.035 -0.046 -0.051 -0.032 -0.005 -0.001 -0.000 0.004 -0.014 -0.016 -0.009 -0.030 -0.028 -0.031 -0.037 -0.006 -0.003 0.000 -0.006 0.002 0.005 0.000 0.010 -0.002 -0.012 -0.002 -0.000 0.000 0.000 0.000 0.000 0.000 0.000 0.000 0.000 0.000 0.000 0.000 0.000 0.000 0.000 0.000 0.000
-0.083 -0.084 -0.139 -0.212 -0.217 -0.128 -0.022 -0.012 -0.040 -0.049 -0.065 -0.054 -0.042 -0.036 -0.042 -0.141 -0.122 -0.068 -0.046 -0.040 -0.082 -0.079 -0.075 -0.070 -0.064 -0.082 -0.053 -0.044 -0.039 -0.053 -0.055 -0.052 -0.044 -0.069 -0.042 -0.060 -0.069 -0.017 -0.015 -0.014 -0.100 -0.033 -0.060 -0.040 -0.019 -0.017 -0.075 -0.027 -0.044 -0.024 -0.046 -0.027 0.008 -0.022 0.013 0.002 0.008 0.001 -0.000 0.000 0.000 0.000 0.000 0.000 0.000 0.000 0.000 0.000 0.000 0.000 0.000 0.000 0.000 0.000 0.000 0.000
-0.097 -0.077 -0.074 -0.100 -0.100 -0.135 -0.200 -0.239 -0.166 -0.189 -0.092 -0.064 -0.002 0.000 0.000 -0.000 0.000 -0.039 -0.031 -0.032 -0.086 -0.089 -0.045 -0.035 -0.073 -0.051 -0.050 -0.080 -0.082 -0.061 -0.077 -0.067 -0.047 -0.037 -0.024 -0.077 -0.046 -0.034 -0.081 -0.099 -0.069 -0.023 -0.027 -0.022 -0.024 -0.069 -0.061 -0.003 -0.059 -0.052 -0.027 -0.002 -0.002 -0.004 -0.003 -0.002 0.000 0.002 -0.001 0.000 0.000 0.000 0.000 0.000 0.000 0.000 0.000 0.000 0.000 0.000 0.000 0.000 0.000 0.000 0.000 0.000
-0.064 -0.113 -0.080 -0.072 -0.075 -0.104 -0.211 -0.278 -0.229 -0.084 -0.082 -0.091 -0.017 -0.000 0.000 -0.010 -0.028 -0.036 -0.050 -0.059 -0.010 -0.011 -0.041 -0.103 -0.084 -0.068 -0.063 -0.031 -0.028 -0.030 -0.067 -0.099 -0.123 -0.096 -0.109 -0.026 -0.014 -0.010 -0.008 -0.018 -0.025 -0.020 -0.020 -0.079 -0.019 -0.036 -0.005 -0.017 -0.047 -0.080 -0.044 0.002 -0.003 -0.010 -0.011 -0.020 -0.007 -0.001 -0.001 0.000 0.000 0.000 0.000 0.000 0.000 0.000 0.000 0.000 0.000 0.000 0.000 0.000 0.000 0.000 0.000 0.000
-0.125 -0.116 -0.126 -0.121 -0.144 -0.123 -0.151 -0.093 -0.140 -0.197 -0.096 -0.088 -0.184 -0.121 -0.054 -0.028 -0.001 -0.000 -0.031 -0.062 -0.096 -0.096 -0.084 -0.050 -0.057 -0.077 -0.069 -0.075 -0.090 -0.096 -0.055 -0.047 -0.035 -0.037 -0.033 -0.029 -0.029 -0.041 -0.032 -0.082 -0.027 -0.020 -0.016 -0.050 -0.036 -0.037 -0.029 -0.057 -0.030 -0.035 -0.011 0.005 -0.054 -0.037 -0.032 -0.006 -0.007 -0.003 -0.000 0.000 0.000 0.000 0.000 0.000 0.000 0.000 0.000 0.000 0.000 0.000 0.000 0.000 0.000 0.000 0.000 0.000
-0.113 -0.103 -0.145 -0.076 -0.062 -0.050 -0.057 -0.051 -0.021 -0.033 -0.161 -0.196 -0.196 -0.272 -0.355 -0.015 0.000 0.000 -0.006 -0.004 -0.024 -0.023 -0.055 -0.050 -0.024 -0.021 -0.062 -0.056 -0.049 -0.048 -0.043 -0.051 -0.054 -0.076 -0.041 -0.025 -0.059 -0.077 -0.073 -0.022 -0.034 -0.050 -0.121 -0.044 -0.092 -0.037 -0.097 -0.115 -0.116 -0.025 -0.028 -0.077 -0.043 -0.007 -0.007 -0.007 -0.005 -0.002 0.000 0.000 0.000 0.000 0.000 0.000 0.000 0.000 0.000 0.000 0.000 0.000 0.000 0.000 0.000 0.000 0.000 0.000
-0.099 -0.082 -0.059 -0.093 -0.057 -0.048 -0.009 -0.022 -0.038 -0.061 -0.111 -0.109 -0.117 -0.111 -0.089 -0.151 -0.044 -0.024 -0.011 -0.004 -0.149 -0.156 -0.076 -0.062 -0.060 -0.058 -0.101 -0.103 -0.097 -0.097 -0.118 -0.084 -0.043 -0.014 -0.012 -0.002 -0.039 -0.016 -0.008 -0.003 -0.037 -0.038 -0.011 -0.014 -0.046 -0.051 -0.036 -0.039 -0.021 -0.031 0.004 0.002 -0.006 -0.006 -0.015 -0.021 -0.014 -0.005 -0.002 0.000 0.000 0.000 0.000 0.000 0.000 0.000 0.000 0.000 0.000 0.000 0.000 0.000 0.000 0.000 0.000 0.000
-0.065 -0.073 -0.024 -0.020 -0.022 -0.068 0.016 -0.121 -0.069 -0.089 -0.101 -0.105 -0.065 -0.061 -0.064 -0.278 -0.277 -0.259 -0.238 -0.209 -0.023 -0.029 -0.082 -0.073 -0.137 -0.144 -0.033 -0.030 -0.029 -0.038 -0.031 -0.030 -0.040 -0.035 -0.062 -0.096 -0.017 -0.010 -0.035 -0.070 -0.043 -0.074 -0.030 -0.106 -0.048 -0.053 -0.068 0.009 -0.004 -0.000 0.001 -0.007 -0.006 -0.009 -0.002 -0.003 -0.002 -0.001 -0.000 0.000 0.000 0.000 0.000 0.000 0.000 0.000 0.000 0.000 0.000 0.000 0.000 0.000 0.000 0.000 0.000 0.000
-0.094 -0.048 -0.021 -0.042 -0.044 -0.051 -0.025 -0.064 -0.053 -0.091 -0.019 0.000 0.000 -0.011 -0.004 -0.041 -0.165 -0.085 -0.080 -0.086 -0.080 -0.009 -0.007 -0.076 -0.037 -0.038 -0.086 -0.067 -0.048 -0.033 -0.039 -0.035 -0.029 -0.020 -0.042 -0.035 -0.029 -0.091 -0.053 -0.039 -0.037 -0.044 -0.035 -0.049 -0.033 -0.035 -0.142 -0.054 0.015 0.023 0.020 -0.034 -0.014 -0.005 0.007 0.002 0.000 0.002 0.004 -0.000 -0.000 0.000 0.000 0.000 0.000 0.000 0.000 0.000 0.000 0.000 0.000 0.000 0.000 0.000 0.000 0.000
-0.104 -0.140 -0.141 -0.114 -0.131 -0.079 -0.059 -0.010 -0.013 -0.081 -0.058 -0.007 -0.003 -0.003 -0.023 -0.084 -0.087 -0.152 -0.062 -0.050 -0.061 -0.114 -0.085 -0.036 -0.024 -0.022 -0.044 -0.087 -0.106 -0.089 -0.050 -0.046 -0.049 -0.109 -0.092 -0.104 -0.101 -0.051 -0.039 -0.028 -0.037 -0.077 -0.152 -0.090 -0.022 -0.074 -0.039 -0.021 0.002 -0.008 -0.024 -0.026 -0.023 -0.033 -0.037 -0.030 -0.009 -0.003 0.000 -0.000 0.000 0.000 0.000 0.000 0.000 0.000 0.000 0.000 0.000 0.000 0.000 0.000 0.000 0.000 0.000 0.000
-0.051 -0.101 -0.134 -0.098 -0.084 -0.064 -0.155 -0.037 -0.058 -0.033 -0.022 -0.002 0.000 0.000 -0.014 -0.037 -0.042 -0.024 -0.008 -0.003 -0.004 -0.008 -0.045 -0.040 -0.036 -0.046 -0.032 -0.021 -0.025 -0.059 -0.072 -0.096 -0.087 -0.056 -0.054 -0.071 -0.074 -0.079 -0.092 -0.135 -0.108 -0.067 -0.037 -0.021 -0.014 -0.094 -0.062 -0.028 -0.035 -0.027 -0.012 -0.028 -0.006 0.002 -0.004 -0.000 -0.000 0.000 0.000 0.000 0.000 0.000 0.000 0.000 0.000 0.000 0.000 0.000 0.000 0.000 0.000 0.000 0.000 0.000 0.000 0.000
-0.171 -0.155 -0.143 -0.200 -0.182 -0.151 -0.075 -0.061 -0.049 -0.020 -0.032 -0.077 -0.000 -0.000 -0.012 -0.000 -0.000 -0.040 -0.150 -0.033 -0.000 0.000 -0.021 -0.027 -0.074 -0.062 -0.035 -0.027 -0.027 -0.027 -0.034 -0.032 -0.040 -0.054 -0.087 -0.035 -0.048 -0.020 -0.032 -0.074 -0.071 -0.065 -0.030 -0.036 -0.063 -0.048 -0.026 -0.038 -0.003 -0.019 -0.009 -0.004 -0.005 0.004 0.003 0.008 0.003 0.006 0.005 0.002 0.000 0.000 0.000 0.000 0.000 0.000 0.000 0.000 0.000 0.000 0.000 0.000 0.000 0.000 0.000 0.000
-0.049 -0.028 -0.039 -0.061 -0.079 -0.130 -0.094 -0.097 -0.094 -0.001 -0.000 -0.000 -0.000 -0.000 -0.060 -0.020 -0.021 -0.043 -0.063 -0.148 -0.100 -0.056 -0.021 -0.012 -0.022 -0.025 -0.058 -0.053 -0.051 -0.063 -0.057 -0.056 -0.071 -0.054 -0.017 -0.012 -0.007 -0.005 -0.021 -0.031 -0.054 -0.039 -0.014 -0.051 -0.085 -0.030 -0.028 -0.055 -0.033 -0.022 -0.011 0.005 -0.005 -0.002 0.004 -0.002 -0.004 -0.001 0.001 0.001 0.000 0.000 0.000 0.000 0.000 0.000 0.000 0.000 0.000 0.000 0.000 0.000 0.000 0.000 0.000 0.000
-0.067 -0.043 -0.045 -0.052 -0.060 -0.076 -0.092 -0.106 -0.085 -0.074 -0.014 -0.015 -0.097 -0.076 -0.020 -0.018 -0.015 -0.000 -0.000 -0.055 -0.093 -0.151 -0.156 -0.141 -0.133 -0.126 -0.059 -0.054 -0.061 -0.085 -0.084 -0.059 -0.044 -0.045 -0.042 -0.038 -0.044 -0.054 -0.031 -0.025 -0.048 -0.026 -0.019 -0.049 -0.115 -0.087 0.009 -0.017 -0.025 -0.020 -0.018 0.013 0.011 -0.010 -0.006 0.002 0.001 0.000 0.000 0.001 0.000 0.000 0.000 0.000 0.000 0.000 0.000 0.000 0.000 0.000 0.000 0.000 0.000 0.000 0.000 0.000
-0.167 -0.198 -0.185 -0.171 -0.165 -0.101 -0.049 -0.022 -0.025 -0.034 -0.131 -0.120 -0.085 -0.063 -0.024 -0.029 -0.048 -0.051 -0.028 -0.026 -0.063 -0.005 -0.006 -0.032 -0.008 -0.009 -0.045 -0.049 -0.056 -0.051 -0.064 -0.046 -0.038 -0.033 -0.021 -0.017 -0.046 -0.056 -0.069 -0.087 -0.133 -0.100 -0.128 -0.097 -0.040 -0.031 -0.026 0.009 -0.025 -0.033 -0.021 0.001 -0.006 0.001 0.002 0.008 0.010 0.002 -0.001 -0.001 -0.000 0.000 0.000 0.000 0.000 0.000 0.000 0.000 0.000 0.000 0.000 0.000 0.000 0.000 0.000 0.000
-0.093 -0.084 -0.094 -0.054 -0.024 -0.018 -0.026 -0.104 -0.084 -0.080 -0.069 -0.070 -0.057 -0.070 -0.054 -0.069 -0.052 -0.047 -0.032 -0.032 -0.030 -0.067 -0.027 -0.018 -0.019 -0.017 -0.064 -0.068 -0.068 -0.062 -0.030 -0.029 -0.036 -0.044 -0.048 -0.097 -0.071 -0.087 -0.090 -0.095 -0.028 -0.040 -0.121 -0.111 -0.057 -0.056 -0.041 -0.016 0.005 -0.009 -0.009 -0.020 -0.025 -0.002 0.029 0.003 -0.000 0.005 0.001 0.000 0.000 0.000 0.000 0.000 0.000 0.000 0.000 0.000 0.000 0.000 0.000 0.000 0.000 0.000 0.000 0.000
-0.068 -0.075 -0.094 -0.000 0.000 -0.007 -0.058 -0.044 -0.064 -0.086 -0.045 -0.033 -0.038 -0.036 -0.029 -0.000 -0.000 -0.013 -0.039 -0.022 -0.018 -0.015 -0.042 -0.038 -0.000 -0.000 -0.014 -0.026 -0.033 -0.060 -0.053 -0.059 -0.056 -0.035 -0.031 -0.047 -0.048 -0.056 -0.077 -0.090 -0.037 -0.049 -0.114 -0.060 -0.026 -0.054 -0.057 -0.037 0.021 0.049 -0.027 -0.018 -0.003 -0.000 -0.001 0.002 0.001 -0.000 0.015 0.017 0.007 0.002 0.000 0.000 0.000 0.000 0.000 0.000 0.000 0.000 0.000 0.000 0.000 0.000 0.000 0.000
-0.098 -0.065 -0.029 -0.039 -0.047 -0.090 -0.164 -0.092 -0.076 -0.033 -0.041 -0.030 -0.025 -0.016 -0.002 -0.006 -0.006 -0.016 -0.032 -0.025 -0.027 -0.028 -0.019 -0.022 -0.037 -0.039 -0.019 -0.022 -0.019 -0.066 -0.055 -0.042 -0.040 -0.037 -0.044 -0.076 -0.057 -0.047 -0.053 -0.008 -0.012 -0.018 -0.010 -0.016 -0.012 -0.028 -0.019 -0.022 -0.032 0.014 0.013 -0.000 0.043 0.022 -0.018 0.007 0.001 -0.000 0.000 0.004 0.005 0.000 -0.001 0.000 0.000 0.000 0.000 -0.000 0.000 0.000 0.000 0.000 0.000 0.000 0.000 0.000
-0.130 -0.127 -0.069 -0.079 -0.173 -0.165 -0.094 -0.051 -0.030 -0.020 -0.017 -0.038 -0.031 0.010 -0.020 0.000 0.000 -0.001 -0.090 -0.114 -0.073 -0.066 -0.042 -0.018 -0.012 -0.010 -0.032 -0.024 -0.045 -0.015 -0.017 -0.046 -0.061 -0.055 -0.048 -0.026 -0.030 -0.030 -0.049 -0.029 -0.037 -0.096 0.011 -0.053 -0.087 -0.026 -0.021 -0.024 -0.019 -0.012 0.006 0.003 -0.002 0.011 0.006 0.008 -0.005 0.015 0.001 -0.001 0.000 0.001 0.000 0.000 0.000 0.000 0.000 0.000 0.000 0.000 0.000 0.000 0.000 0.000 0.000 0.000
-0.057 -0.095 -0.183 -0.174 -0.098 -0.088 -0.035 -0.039 -0.020 -0.027 -0.047 -0.080 -0.130 -0.000 0.000 -0.015 -0.027 -0.074 -0.009 -0.017 -0.078 -0.082 -0.104 -0.070 -0.062 -0.065 -0.025 -0.016 -0.039 -0.005 -0.003 -0.031 -0.033 -0.036 -0.099 -0.051 -0.046 -0.055 -0.016 -0.004 -0.001 -0.075 -0.035 -0.087 -0.087 -0.062 -0.054 -0.042 -0.036 -0.056 -0.008 0.006 0.003 0.002 0.003 0.006 -0.000 0.000 0.004 -0.002 0.001 0.003 0.000 0.000 -0.000 0.000 0.000 0.000 0.000 0.000 0.000 0.000 0.000 0.000 0.000 0.000
-0.130 -0.123 -0.081 -0.087 -0.093 -0.192 -0.160 -0.048 -0.070 -0.068 -0.071 -0.035 -0.024 -0.031 -0.035 -0.034 -0.118 -0.078 -0.036 -0.032 -0.028 -0.047 -0.056 -0.090 -0.081 -0.085 -0.088 -0.088 -0.072 -0.117 -0.121 -0.046 -0.021 -0.010 -0.018 -0.017 -0.020 -0.045 -0.018 0.007 -0.003 -0.029 -0.027 -0.002 -0.016 -0.010 -0.011 -0.014 -0.011 -0.008 -0.000 0.026 0.008 -0.004 0.005 -0.012 0.003 -0.005 0.003 -0.002 0.001 -0.000 0.000 0.000 0.000 -0.000 0.000 0.000 0.000 0.000 0.000 0.000 0.000 0.000 0.000 0.000
-0.127 -0.120 -0.112 -0.109 -0.133 -0.044 -0.071 -0.174 -0.169 -0.200 -0.185 -0.010 -0.005 -0.070 -0.070 -0.105 -0.035 -0.036 -0.069 -0.032 -0.025 -0.023 -0.044 -0.077 -0.098 -0.092 -0.065 -0.058 -0.078 -0.038 -0.045 -0.061 -0.066 -0.077 -0.007 -0.029 -0.027 -0.014 -0.012 -0.009 -0.011 -0.035 -0.026 0.010 -0.007 0.037 -0.012 -0.027 -0.021 -0.019 -0.019 -0.037 -0.099 -0.104 -0.060 -0.022 -0.002 -0.000 -0.010 0.002 0.004 0.010 0.008 0.000 0.000 0.000 0.000 0.000 0.000 0.000 0.000 0.000 0.000 0.000 0.000 0.000
-0.106 -0.112 -0.089 -0.074 -0.134 -0.096 -0.098 -0.105 -0.086 -0.057 -0.027 -0.022 -0.028 -0.164 -0.166 -0.135 -0.090 -0.061 -0.071 -0.105 -0.089 -0.036 -0.028 -0.031 -0.024 -0.022 -0.023 -0.066 -0.069 -0.053 -0.050 -0.072 -0.052 -0.035 -0.019 -0.047 -0.069 -0.044 -0.039 -0.024 -0.028 -0.025 -0.029 -0.022 0.008 -0.001 -0.020 -0.023 -0.034 -0.054 -0.093 -0.074 -0.030 -0.008 -0.025 -0.019 0.001 -0.005 0.002 0.001 0.001 -0.000 0.002 0.004 0.000 0.000 0.000 0.000 0.000 0.000 0.000 0.000 0.000 0.000 0.000 0.000
-0.108 -0.069 -0.073 -0.126 -0.000 0.000 -0.030 -0.033 -0.020 -0.018 -0.047 -0.051 -0.048 -0.068 -0.058 -0.041 -0.062 -0.058 -0.014 -0.015 -0.038 -0.074 -0.080 -0.102 -0.117 -0.136 -0.191 -0.147 -0.051 -0.021 -0.023 -0.015 -0.021 -0.022 -0.071 -0.058 -0.041 -0.043 -0.045 -0.049 -0.034 -0.016 -0.018 -0.015 -0.011 -0.035 -0.035 -0.012 -0.063 -0.025 -0.036 -0.015 -0.016 -0.001 -0.002 -0.010 -0.009 0.003 0.007 0.002 0.001 -0.001 0.001 -0.000 0.000 0.000 0.000 0.000 0.000 0.000 0.000 0.000 0.000 0.000 0.000 0.000
-0.102 -0.100 -0.097 -0.046 -0.046 -0.054 -0.000 -0.000 -0.010 -0.012 -0.004 -0.123 -0.058 -0.021 -0.016 -0.025 -0.019 -0.053 -0.036 -0.045 -0.046 -0.070 -0.100 -0.089 -0.092 -0.091 -0.027 -0.025 -0.063 -0.029 -0.024 -0.015 -0.104 -0.098 -0.081 -0.030 -0.031 -0.060 -0.034 -0.040 -0.030 -0.017 -0.032 -0.018 -0.007 -0.056 -0.022 -0.025 -0.002 -0.020 0.011 -0.004 0.004 0.007 0.016 -0.002 -0.001 -0.001 -0.002 -0.002 0.002 -0.001 -0.001 0.001 -0.000 0.000 0.000 0.000 0.000 0.000 0.000 0.000 0.000 0.000 0.000 0.000
-0.050 -0.024 -0.022 -0.025 -0.029 -0.036 -0.016 -0.010 -0.007 -0.016 -0.039 -0.053 -0.018 -0.040 -0.038 -0.052 -0.098 -0.092 -0.070 -0.041 -0.033 -0.049 -0.083 -0.060 -0.057 -0.041 -0.049 -0.055 -0.048 -0.067 -0.048 -0.039 -0.002 -0.002 -0.023 -0.026 -0.037 -0.011 -0.011 -0.062 -0.108 -0.047 -0.057 -0.019 -0.017 -0.022 -0.020 -0.025 0.004 -0.019 -0.011 0.009 0.016 0.025 0.010 0.014 0.005 -0.000 -0.006 -0.000 -0.001 0.007 0.002 0.003 0.003 0.000 0.000 0.000 0.000 0.000 0.000 0.000 0.000 0.000 0.000 0.000
-0.070 -0.073 -0.063 -0.069 -0.052 -0.024 -0.044 -0.053 -0.094 -0.082 -0.072 -0.073 -0.000 -0.001 -0.019 -0.040 -0.052 -0.056 -0.038 -0.054 -0.074 -0.052 -0.029 -0.033 -0.025 -0.027 -0.030 -0.059 -0.078 -0.089 -0.108 -0.111 -0.049 -0.050 -0.050 -0.053 -0.046 -0.037 -0.062 -0.046 -0.080 -0.039 -0.029 -0.019 -0.060 -0.035 -0.025 -0.023 -0.010 -0.010 -0.013 0.006 -0.002 0.002 0.009 0.002 0.005 0.001 -0.000 0.001 0.000 0.000 0.000 0.000 0.005 0.001 0.000 0.000 0.000 0.000 0.000 0.000 0.000 0.000 0.000 0.000
-0.038 -0.043 -0.042 -0.038 -0.037 -0.017 -0.012 -0.009 -0.071 -0.102 -0.087 -0.138 -0.319 -0.242 -0.152 -0.103 -0.049 -0.040 -0.111 -0.075 -0.082 -0.091 -0.052 -0.067 -0.074 -0.058 -0.053 -0.050 -0.048 -0.064 -0.059 -0.025 -0.028 -0.064 -0.043 -0.038 -0.063 -0.053 -0.051 -0.035 -0.046 -0.047 -0.076 -0.079 -0.086 -0.059 -0.026 -0.046 -0.064 -0.054 -0.034 -0.012 -0.002 -0.024 -0.010 0.007 0.001 0.001 0.002 0.005 0.000 -0.001 0.002 -0.000 -0.000 0.000 0.000 0.000 0.000 0.000 0.000 0.000 0.000 0.000 0.000 0.000
-0.092 -0.104 -0.183 -0.184 -0.183 -0.272 -0.275 -0.272 -0.171 -0.097 -0.063 -0.035 -0.038 -0.091 -0.103 -0.010 -0.011 -0.012 -0.010 -0.092 -0.061 -0.056 -0.063 -0.049 -0.044 -0.066 -0.075 -0.057 -0.044 -0.024 -0.021 -0.044 -0.056 -0.062 -0.043 -0.039 -0.049 -0.044 -0.070 -0.037 -0.031 -0.045 -0.032 -0.043 -0.028 -0.025 -0.025 -0.051 -0.036 -0.022 -0.015 -0.012 0.001 0.001 -0.002 -0.006 0.007 0.003 0.001 0.001 0.002 -0.001 -0.001 0.001 -0.001 -0.000 0.000 0.000 0.000 0.000 0.000 0.000 0.000 0.000 0.000 0.000
