Data/res-0419.wd
ncols         433
nrows         491
xllcorner     1194560.000000
yllcorner     -584471.000000
cellsize      25.000000
NODATA_value  -9999.000000
[rows 340 to 373 of 491, columns 0 to 76 of 433]
0.000 0.000 0.000 0.000 0.000 0.000 0.000 0.000 0.000 0.000 0.000 0.000 0.000 0.000 0.000 0.000 0.000 0.000 0.000 0.000 0.000 0.000 0.000 0.000 0.000 0.000 0.000 0.001 0.001 0.001 0.037 0.003 0.036 0.001 0.000 0.003 0.000 0.000 0.000 0.062 0.001 0.001 0.010 0.001 0.001 0.000 0.037 0.001 0.000 0.001 0.000 0.000 0.001 0.000 0.000 0.000 0.000 0.000 0.000 0.000 0.000 0.000 0.001 0.001 0.056 0.072 0.099 0.028 0.012 0.071 0.001 0.001 0.001 0.021 0.077 0.030 0.001
0.000 0.000 0.000 0.000 0.000 0.000 0.000 0.000 0.000 0.000 0.000 0.000 0.000 0.000 0.000 0.000 0.000 0.000 0.000 0.000 0.000 0.000 0.000 0.000 0.000 0.000 0.000 0.000 0.001 0.035 0.001 0.029 0.006 0.001 0.000 0.001 0.001 0.000 0.000 0.000 0.100 0.053 0.001 0.001 0.000 0.000 0.001 0.030 0.011 0.041 0.001 0.000 0.008 0.000 0.000 0.000 0.000 0.000 0.000 0.000 0.000 0.001 0.001 0.001 0.001 0.071 0.129 0.012 0.001 0.044 0.001 0.001 0.011 0.020 0.023 0.001 0.001
0.000 0.000 0.000 0.000 0.000 0.000 0.000 0.000 0.000 0.000 0.000 0.000 0.000 0.000 0.000 0.000 0.000 0.000 0.000 0.000 0.000 0.000 0.000 0.000 0.000 0.000 0.000 0.000 0.016 0.026 0.001 0.042 0.001 0.052 0.000 0.000 0.001 0.000 0.000 0.000 0.027 0.001 0.018 0.000 0.000 0.001 0.001 0.000 0.000 0.000 0.029 0.010 0.034 0.000 0.000 0.000 0.000 0.000 0.000 0.000 0.000 0.001 0.067 0.032 0.001 0.002 0.131 0.001 0.078 0.107 0.073 0.001 0.035 0.001 0.018 0.001 0.001
0.000 0.000 0.000 0.000 0.000 0.000 0.000 0.000 0.000 0.000 0.000 0.000 0.000 0.000 0.000 0.000 0.000 0.000 0.000 0.000 0.000 0.000 0.000 0.000 0.000 0.000 0.001 0.014 0.006 0.012 0.001 0.014 0.001 0.036 0.001 0.000 0.001 0.000 0.000 0.000 0.001 0.001 0.012 0.008 0.001 0.047 0.001 0.000 0.000 0.000 0.009 0.000 0.000 0.000 0.000 0.000 0.000 0.000 0.000 0.001 0.001 0.001 0.122 0.134 0.001 0.090 0.146 0.117 0.128 0.016 0.047 0.001 0.001 0.035 0.001 0.001 0.001
0.000 0.000 0.000 0.000 0.000 0.000 0.000 0.000 0.000 0.000 0.000 0.000 0.001 0.000 0.001 0.000 0.000 0.000 0.000 0.000 0.000 0.000 0.000 0.001 0.057 0.062 0.029 0.001 0.001 0.001 0.009 0.059 0.000 0.000 0.001 0.009 0.002 0.001 0.000 0.000 0.000 0.021 0.001 0.001 0.048 0.093 0.035 0.060 0.001 0.000 0.001 0.000 0.000 0.000 0.000 0.056 0.003 0.000 0.000 0.001 0.102 0.094 0.033 0.020 0.065 0.012 0.001 0.142 0.001 0.001 0.065 0.001 0.068 0.044 0.009 0.001 0.045
0.000 0.000 0.000 0.000 0.000 0.000 0.000 0.000 0.000 0.000 0.000 0.000 0.029 0.032 0.002 0.026 0.001 0.000 0.000 0.000 0.000 0.000 0.001 0.057 0.030 0.035 0.001 0.001 0.005 0.004 0.001 0.068 0.001 0.000 0.000 0.000 0.001 0.058 0.000 0.000 0.000 0.000 0.019 0.000 0.000 0.011 0.001 0.051 0.001 0.001 0.010 0.000 0.000 0.000 0.000 0.001 0.000 0.000 0.000 0.055 0.001 0.001 0.014 0.001 0.009 0.001 0.001 0.065 0.001 0.001 0.007 0.001 0.001 0.001 0.001 0.001 0.047
0.000 0.000 0.000 0.000 0.000 0.000 0.000 0.000 0.000 0.000 0.000 0.000 0.000 0.000 0.000 0.000 0.069 0.047 0.051 0.067 0.070 0.053 0.062 0.044 0.001 0.001 0.001 0.006 0.001 0.000 0.000 0.018 0.081 0.001 0.000 0.000 0.000 0.001 0.035 0.000 0.000 0.000 0.034 0.038 0.000 0.000 0.001 0.001 0.042 0.001 0.064 0.000 0.000 0.000 0.000 0.004 0.000 0.001 0.100 0.036 0.001 0.001 0.064 0.001 0.001 0.001 0.013 0.063 0.049 0.015 0.001 0.008 0.001 0.001 0.011 0.001 0.001
0.000 0.000 0.000 0.000 0.000 0.000 0.000 0.000 0.000 0.000 0.004 0.001 0.000 0.000 0.000 0.027 0.057 0.001 0.000 0.000 0.000 0.000 0.028 0.025 0.017 0.001 0.001 0.036 0.001 0.000 0.013 0.001 0.001 0.042 0.001 0.000 0.000 0.000 0.016 0.000 0.000 0.000 0.000 0.018 0.047 0.008 0.001 0.000 0.010 0.000 0.001 0.001 0.000 0.000 0.027 0.001 0.001 0.010 0.100 0.048 0.078 0.024 0.001 0.001 0.001 0.001 0.011 0.020 0.001 0.053 0.016 0.001 0.061 0.010 0.027 0.001 0.001
0.000 0.000 0.000 0.000 0.000 0.000 0.000 0.000 0.000 0.000 0.000 0.037 0.027 0.060 0.029 0.001 0.001 0.000 0.005 0.000 0.001 0.003 0.026 0.020 0.001 0.001 0.000 0.000 0.000 0.026 0.001 0.000 0.001 0.001 0.005 0.038 0.001 0.000 0.001 0.001 0.000 0.000 0.000 0.000 0.000 0.038 0.001 0.000 0.010 0.001 0.000 0.009 0.006 0.001 0.000 0.000 0.064 0.001 0.001 0.001 0.036 0.063 0.001 0.013 0.006 0.001 0.001 0.063 0.001 0.001 0.027 0.051 0.001 0.001 0.001 0.001 0.001
0.000 0.000 0.000 0.000 0.000 0.000 0.000 0.000 0.000 0.000 0.001 0.001 0.053 0.040 0.000 0.000 0.000 0.000 0.001 0.001 0.024 0.018 0.052 0.022 0.000 0.000 0.009 0.000 0.000 0.027 0.001 0.000 0.001 0.000 0.000 0.001 0.030 0.001 0.005 0.001 0.001 0.000 0.000 0.000 0.007 0.047 0.008 0.007 0.001 0.000 0.001 0.003 0.001 0.000 0.000 0.001 0.085 0.062 0.004 0.005 0.090 0.001 0.037 0.027 0.001 0.026 0.080 0.020 0.001 0.001 0.001 0.029 0.001 0.001 0.016 0.001 0.019
0.000 0.000 0.000 0.000 0.000 0.000 0.000 0.000 0.004 0.001 0.001 0.054 0.000 0.000 0.000 0.000 0.000 0.001 0.001 0.001 0.001 0.001 0.032 0.028 0.000 0.010 0.005 0.000 0.001 0.021 0.001 0.000 0.001 0.000 0.000 0.000 0.001 0.001 0.001 0.010 0.059 0.001 0.000 0.000 0.000 0.001 0.088 0.001 0.014 0.001 0.001 0.001 0.001 0.000 0.001 0.107 0.001 0.001 0.001 0.050 0.001 0.001 0.001 0.030 0.001 0.001 0.085 0.001 0.001 0.001 0.024 0.031 0.001 0.001 0.001 0.001 0.001
0.000 0.000 0.000 0.000 0.000 0.000 0.000 0.000 0.000 0.000 0.000 0.031 0.000 0.000 0.000 0.001 0.013 0.020 0.000 0.001 0.001 0.040 0.010 0.031 0.001 0.006 0.005 0.000 0.013 0.029 0.000 0.000 0.001 0.000 0.000 0.000 0.056 0.001 0.001 0.000 0.001 0.011 0.000 0.000 0.000 0.000 0.081 0.001 0.000 0.000 0.000 0.000 0.001 0.001 0.001 0.001 0.113 0.001 0.001 0.048 0.062 0.001 0.001 0.001 0.037 0.001 0.001 0.087 0.001 0.013 0.001 0.001 0.001 0.063 0.001 0.001 0.001
0.000 0.000 0.000 0.000 0.000 0.000 0.000 0.000 0.000 0.001 0.001 0.063 0.001 0.001 0.002 0.001 0.001 0.001 0.019 0.022 0.039 0.001 0.001 0.001 0.001 0.001 0.000 0.000 0.003 0.001 0.001 0.001 0.001 0.000 0.000 0.000 0.006 0.001 0.055 0.001 0.001 0.046 0.034 0.000 0.000 0.001 0.001 0.059 0.001 0.000 0.000 0.000 0.001 0.001 0.001 0.001 0.015 0.070 0.001 0.001 0.021 0.001 0.001 0.001 0.026 0.001 0.001 0.041 0.001 0.001 0.001 0.010 0.002 0.001 0.025 0.060 0.001
0.000 0.000 0.000 0.000 0.000 0.000 0.000 0.000 0.000 0.001 0.049 0.009 0.000 0.000 0.001 0.047 0.026 0.017 0.017 0.001 0.010 0.001 0.001 0.001 0.004 0.000 0.000 0.000 0.001 0.001 0.001 0.001 0.022 0.001 0.001 0.011 0.001 0.000 0.001 0.050 0.000 0.001 0.001 0.060 0.000 0.001 0.001 0.000 0.058 0.012 0.000 0.001 0.001 0.001 0.001 0.022 0.001 0.011 0.030 0.001 0.001 0.001 0.001 0.001 0.032 0.057 0.001 0.001 0.049 0.003 0.001 0.015 0.015 0.001 0.001 0.001 0.013
0.000 0.000 0.000 0.000 0.000 0.000 0.000 0.000 0.000 0.028 0.001 0.000 0.000 0.000 0.001 0.015 0.001 0.001 0.000 0.018 0.001 0.001 0.001 0.000 0.001 0.000 0.000 0.000 0.000 0.001 0.001 0.001 0.001 0.001 0.001 0.001 0.001 0.001 0.001 0.001 0.002 0.000 0.000 0.001 0.002 0.000 0.001 0.000 0.000 0.034 0.001 0.001 0.051 0.001 0.001 0.025 0.002 0.001 0.001 0.001 0.001 0.002 0.001 0.001 0.001 0.001 0.021 0.001 0.001 0.046 0.001 0.001 0.001 0.001 0.001 0.001 0.007
0.000 0.000 0.000 0.000 0.000 0.000 0.000 0.000 0.000 0.064 0.000 0.000 0.000 0.001 0.006 0.001 0.001 0.001 0.001 0.001 0.001 0.001 0.001 0.000 0.001 0.007 0.000 0.000 0.000 0.002 0.000 0.000 0.000 0.000 0.000 0.000 0.001 0.001 0.001 0.000 0.017 0.000 0.000 0.000 0.001 0.005 0.001 0.000 0.000 0.000 0.012 0.049 0.037 0.001 0.001 0.001 0.001 0.046 0.001 0.001 0.001 0.004 0.001 0.001 0.001 0.001 0.050 0.001 0.001 0.014 0.001 0.001 0.001 0.001 0.001 0.001 0.019
0.000 0.000 0.000 0.000 0.000 0.000 0.000 0.001 0.044 0.051 0.000 0.000 0.000 0.001 0.001 0.001 0.001 0.001 0.003 0.000 0.001 0.001 0.015 0.000 0.007 0.001 0.000 0.000 0.000 0.001 0.009 0.009 0.000 0.000 0.001 0.001 0.001 0.000 0.013 0.000 0.001 0.001 0.000 0.000 0.000 0.032 0.002 0.000 0.001 0.001 0.001 0.043 0.115 0.039 0.023 0.001 0.001 0.027 0.001 0.001 0.001 0.013 0.001 0.016 0.001 0.001 0.005 0.001 0.007 0.001 0.001 0.001 0.001 0.001 0.001 0.001 0.001
0.000 0.000 0.000 0.018 0.014 0.004 0.048 0.046 0.009 0.001 0.000 0.000 0.000 0.001 0.001 0.001 0.001 0.030 0.001 0.000 0.012 0.001 0.001 0.000 0.001 0.021 0.000 0.000 0.000 0.001 0.001 0.001 0.001 0.001 0.001 0.001 0.001 0.000 0.015 0.001 0.001 0.001 0.000 0.000 0.000 0.000 0.046 0.000 0.001 0.001 0.001 0.001 0.107 0.009 0.001 0.040 0.048 0.054 0.011 0.028 0.001 0.062 0.001 0.001 0.001 0.001 0.001 0.030 0.001 0.001 0.004 0.001 0.001 0.001 0.001 0.001 0.029
0.000 0.000 0.000 0.000 0.000 0.016 0.029 0.000 0.005 0.001 0.000 0.007 0.007 0.001 0.001 0.001 0.010 0.001 0.001 0.021 0.022 0.001 0.001 0.000 0.001 0.032 0.005 0.000 0.000 0.001 0.000 0.000 0.001 0.001 0.000 0.000 0.001 0.001 0.000 0.000 0.001 0.031 0.000 0.000 0.000 0.000 0.001 0.057 0.001 0.048 0.022 0.001 0.001 0.112 0.001 0.001 0.001 0.001 0.019 0.089 0.001 0.001 0.023 0.038 0.056 0.001 0.001 0.001 0.001 0.001 0.001 0.001 0.001 0.001 0.016 0.001 0.001
0.000 0.000 0.000 0.001 0.019 0.005 0.026 0.000 0.001 0.007 0.000 0.002 0.031 0.001 0.001 0.001 0.008 0.000 0.001 0.001 0.007 0.007 0.001 0.000 0.001 0.016 0.001 0.001 0.001 0.001 0.001 0.000 0.001 0.001 0.000 0.000 0.001 0.000 0.000 0.001 0.001 0.004 0.000 0.000 0.019 0.011 0.000 0.001 0.165 0.001 0.001 0.001 0.001 0.044 0.026 0.001 0.001 0.001 0.001 0.001 0.047 0.062 0.001 0.001 0.001 0.020 0.001 0.059 0.060 0.031 0.001 0.012 0.001 0.001 0.001 0.001 0.006
0.000 0.000 0.000 0.000 0.000 0.000 0.001 0.025 0.007 0.016 0.001 0.001 0.001 0.001 0.001 0.001 0.001 0.001 0.001 0.010 0.000 0.000 0.000 0.000 0.001 0.001 0.025 0.001 0.001 0.001 0.001 0.000 0.001 0.001 0.000 0.000 0.021 0.049 0.000 0.001 0.053 0.052 0.000 0.000 0.028 0.000 0.001 0.057 0.001 0.072 0.028 0.016 0.001 0.001 0.090 0.014 0.001 0.001 0.001 0.001 0.001 0.001 0.016 0.001 0.001 0.040 0.020 0.001 0.001 0.001 0.001 0.001 0.001 0.001 0.001 0.001 0.001
0.000 0.000 0.000 0.000 0.000 0.000 0.001 0.001 0.000 0.001 0.008 0.001 0.001 0.001 0.023 0.001 0.001 0.001 0.001 0.001 0.000 0.000 0.000 0.000 0.002 0.002 0.021 0.014 0.000 0.001 0.001 0.013 0.028 0.013 0.001 0.001 0.057 0.000 0.000 0.001 0.056 0.001 0.001 0.029 0.001 0.000 0.001 0.024 0.001 0.001 0.097 0.097 0.001 0.001 0.001 0.049 0.006 0.001 0.001 0.018 0.001 0.001 0.038 0.001 0.004 0.001 0.008 0.031 0.001 0.028 0.001 0.001 0.001 0.068 0.001 0.001 0.001
0.000 0.000 0.000 0.000 0.000 0.001 0.001 0.001 0.001 0.001 0.001 0.001 0.001 0.001 0.044 0.001 0.001 0.002 0.001 0.001 0.000 0.000 0.000 0.000 0.001 0.000 0.000 0.000 0.000 0.000 0.001 0.001 0.000 0.002 0.000 0.000 0.000 0.001 0.001 0.090 0.048 0.001 0.001 0.000 0.045 0.067 0.001 0.001 0.001 0.001 0.070 0.044 0.068 0.001 0.028 0.001 0.042 0.001 0.001 0.001 0.001 0.001 0.005 0.072 0.001 0.001 0.005 0.001 0.001 0.001 0.000 0.000 0.001 0.001 0.079 0.001 0.001
0.000 0.000 0.000 0.000 0.000 0.001 0.001 0.001 0.001 0.001 0.001 0.000 0.000 0.000 0.001 0.027 0.001 0.001 0.001 0.001 0.000 0.000 0.000 0.001 0.006 0.000 0.000 0.000 0.000 0.000 0.002 0.000 0.000 0.000 0.000 0.000 0.000 0.001 0.093 0.001 0.000 0.000 0.001 0.000 0.032 0.110 0.001 0.001 0.001 0.001 0.001 0.001 0.004 0.091 0.091 0.001 0.011 0.001 0.001 0.015 0.001 0.001 0.001 0.001 0.001 0.001 0.001 0.001 0.001 0.001 0.001 0.001 0.001 0.001 0.001 0.001 0.001
0.000 0.000 0.000 0.000 0.000 0.000 0.000 0.012 0.001 0.030 0.015 0.001 0.000 0.000 0.001 0.042 0.001 0.001 0.001 0.001 0.000 0.000 0.000 0.001 0.000 0.000 0.000 0.000 0.000 0.000 0.000 0.000 0.000 0.000 0.000 0.000 0.000 0.001 0.037 0.000 0.000 0.000 0.001 0.001 0.005 0.074 0.001 0.001 0.001 0.021 0.003 0.098 0.001 0.001 0.047 0.141 0.002 0.001 0.001 0.004 0.001 0.019 0.001 0.001 0.001 0.001 0.001 0.095 0.001 0.001 0.001 0.001 0.001 0.001 0.001 0.001 0.001
0.000 0.000 0.000 0.000 0.000 0.000 0.000 0.001 0.001 0.001 0.016 0.000 0.000 0.000 0.001 0.001 0.005 0.001 0.001 0.001 0.000 0.000 0.000 0.002 0.004 0.000 0.000 0.000 0.000 0.000 0.000 0.000 0.000 0.000 0.000 0.000 0.000 0.011 0.001 0.000 0.000 0.000 0.050 0.001 0.001 0.038 0.001 0.011 0.001 0.001 0.001 0.001 0.074 0.001 0.001 0.157 0.001 0.001 0.001 0.001 0.001 0.001 0.002 0.001 0.001 0.001 0.001 0.001 0.064 0.001 0.095 0.001 0.001 0.002 0.001 0.001 0.001
0.000 0.000 0.000 0.000 0.000 0.000 0.000 0.001 0.001 0.001 0.001 0.001 0.000 0.000 0.001 0.000 0.001 0.001 0.001 0.008 0.000 0.000 0.000 0.000 0.000 0.000 0.000 0.000 0.000 0.000 0.000 0.000 0.000 0.000 0.000 0.000 0.000 0.001 0.027 0.000 0.000 0.004 0.020 0.001 0.001 0.000 0.000 0.001 0.022 0.001 0.001 0.001 0.085 0.001 0.001 0.001 0.060 0.156 0.001 0.001 0.001 0.001 0.001 0.030 0.062 0.001 0.001 0.001 0.001 0.102 0.001 0.001 0.001 0.027 0.001 0.087 0.001
0.000 0.000 0.000 0.000 0.000 0.000 0.000 0.000 0.001 0.009 0.001 0.006 0.000 0.000 0.007 0.000 0.000 0.026 0.011 0.000 0.000 0.000 0.000 0.000 0.000 0.000 0.000 0.000 0.000 0.000 0.000 0.000 0.000 0.000 0.000 0.000 0.000 0.001 0.001 0.001 0.001 0.016 0.061 0.001 0.000 0.000 0.000 0.001 0.016 0.045 0.001 0.001 0.001 0.024 0.001 0.001 0.001 0.001 0.079 0.135 0.001 0.006 0.001 0.001 0.143 0.136 0.012 0.028 0.001 0.001 0.051 0.001 0.035 0.001 0.001 0.009 0.074
0.000 0.000 0.000 0.000 0.013 0.016 0.016 0.020 0.001 0.001 0.063 0.018 0.000 0.000 0.027 0.000 0.001 0.021 0.001 0.000 0.000 0.000 0.000 0.000 0.000 0.000 0.000 0.000 0.000 0.000 0.000 0.000 0.000 0.000 0.000 0.000 0.000 0.001 0.001 0.001 0.001 0.001 0.067 0.000 0.000 0.000 0.000 0.000 0.001 0.001 0.017 0.050 0.001 0.001 0.046 0.093 0.001 0.001 0.001 0.001 0.068 0.001 0.001 0.011 0.001 0.001 0.049 0.001 0.001 0.001 0.001 0.001 0.001 0.001 0.001 0.001 0.001
0.000 0.000 0.000 0.000 0.000 0.000 0.003 0.006 0.001 0.001 0.001 0.017 0.000 0.000 0.080 0.001 0.001 0.001 0.000 0.000 0.000 0.000 0.000 0.000 0.000 0.000 0.000 0.000 0.000 0.000 0.000 0.000 0.000 0.000 0.000 0.000 0.001 0.001 0.001 0.041 0.001 0.010 0.028 0.000 0.000 0.000 0.000 0.000 0.001 0.001 0.012 0.001 0.001 0.001 0.001 0.001 0.050 0.078 0.031 0.001 0.002 0.007 0.001 0.001 0.001 0.001 0.026 0.001 0.001 0.001 0.001 0.001 0.001 0.001 0.001 0.001 0.022
0.000 0.000 0.000 0.000 0.000 0.000 0.000 0.000 0.025 0.000 0.001 0.011 0.046 0.012 0.001 0.053 0.022 0.001 0.000 0.000 0.000 0.000 0.000 0.000 0.000 0.000 0.000 0.000 0.000 0.000 0.000 0.000 0.000 0.000 0.000 0.000 0.001 0.001 0.052 0.001 0.000 0.003 0.037 0.001 0.000 0.000 0.000 0.000 0.001 0.001 0.001 0.001 0.001 0.001 0.036 0.001 0.001 0.001 0.001 0.001 0.001 0.145 0.001 0.001 0.001 0.001 0.088 0.001 0.002 0.001 0.001 0.001 0.025 0.001 0.001 0.001 0.146
0.000 0.000 0.000 0.000 0.000 0.012 0.021 0.001 0.001 0.010 0.000 0.000 0.001 0.000 0.001 0.001 0.038 0.039 0.006 0.001 0.000 0.000 0.000 0.000 0.000 0.000 0.000 0.000 0.000 0.000 0.000 0.000 0.000 0.000 0.000 0.000 0.001 0.001 0.111 0.031 0.001 0.001 0.001 0.000 0.000 0.000 0.000 0.000 0.001 0.002 0.001 0.001 0.001 0.001 0.001 0.001 0.001 0.001 0.001 0.001 0.001 0.001 0.148 0.001 0.001 0.048 0.149 0.001 0.001 0.001 0.001 0.001 0.001 0.001 0.001 0.001 0.063
0.000 0.000 0.000 0.000 0.000 0.000 0.000 0.001 0.000 0.000 0.000 0.000 0.001 0.000 0.000 0.000 0.000 0.000 0.008 0.028 0.000 0.000 0.000 0.000 0.000 0.000 0.000 0.000 0.000 0.000 0.000 0.000 0.000 0.000 0.000 0.000 0.001 0.001 0.036 0.027 0.057 0.000 0.001 0.000 0.000 0.000 0.004 0.001 0.001 0.001 0.001 0.006 0.001 0.001 0.001 0.004 0.001 0.001 0.001 0.001 0.001 0.001 0.009 0.081 0.001 0.001 0.149 0.050 0.001 0.001 0.001 0.001 0.103 0.094 0.057 0.001 0.001
0.000 0.000 0.000 0.000 0.000 0.001 0.011 0.008 0.000 0.000 0.000 0.000 0.020 0.000 0.000 0.000 0.000 0.000 0.001 0.001 0.000 0.000 0.000 0.000 0.000 0.000 0.000 0.000 0.000 0.000 0.000 0.000 0.000 0.000 0.000 0.001 0.001 0.001 0.001 0.002 0.001 0.004 0.001 0.000 0.000 0.001 0.001 0.001 0.001 0.001 0.010 0.001 0.001 0.001 0.001 0.001 0.001 0.001 0.001 0.001 0.001 0.001 0.152 0.001 0.001 0.001 0.094 0.071 0.001 0.001 0.001 0.001 0.001 0.001 0.001 0.040 0.167
