Data/res-0030.Qx
ncols         434
nrows         491
xllcorner     1194547.500000
yllcorner     -584471.000000
cellsize      25.000000
NODATA_value  -9999.000000
[rows 238 to 271 of 491, columns 231 to 307 of 434]
0.004 0.004 0.000 0.000 0.000 0.000 0.000 0.000 0.000 0.001 0.001 0.091 0.092 0.087 0.006 0.000 0.000 0.001 0.004 0.000 0.000 0.000 0.000 0.002 0.000 0.000 0.000 0.000 0.003 0.000 0.000 0.000 0.000 0.000 0.000 0.000 0.006 0.046 0.022 0.010 -0.198 0.021 0.000 0.000 0.003 0.418 0.006 0.000 0.000 0.000 0.000 0.000 0.000 0.000 0.000 0.005 0.003 0.001 0.000 0.000 0.009 0.033 0.074 0.019 0.011 0.000 0.000 0.000 0.027 0.052 0.051 0.037 0.049 0.049 0.000 0.000 0.006
0.021 0.019 0.002 0.002 0.100 0.120 0.119 0.119 0.115 0.114 0.091 0.000 0.000 0.000 0.067 0.067 0.062 0.036 0.020 0.000 0.000 0.000 0.000 0.000 0.000 0.000 0.006 0.040 0.004 0.000 0.000 0.000 0.000 0.000 -0.005 0.002 0.009 0.214 0.275 0.075 -0.064 0.031 0.103 0.122 0.416 0.000 0.000 0.000 0.000 0.000 0.000 0.000 0.212 -0.028 0.000 0.000 0.000 0.000 0.000 0.010 0.000 0.000 0.000 0.000 0.000 0.000 0.000 0.000 0.000 0.000 0.000 0.013 0.000 0.000 0.000 0.000 0.015
0.095 0.078 0.000 0.000 0.017 0.000 0.000 0.000 0.004 0.004 0.000 0.000 0.000 0.000 0.000 0.000 0.004 0.031 0.013 0.003 0.000 0.000 -0.000 0.001 0.000 0.000 0.034 0.000 0.000 0.000 0.000 0.000 0.000 -0.000 -0.002 0.002 0.010 0.515 1.047 1.405 0.598 0.091 0.028 0.007 0.000 0.000 0.000 0.000 0.000 0.000 0.031 0.043 0.002 0.007 -0.000 0.000 0.000 0.006 0.011 0.000 0.000 0.000 0.000 0.000 0.000 0.000 0.000 0.000 0.000 0.000 0.000 0.000 0.000 0.000 0.000 0.000 0.008
0.010 0.018 0.117 0.117 0.000 0.000 0.000 0.000 0.000 0.000 0.000 0.000 0.000 0.000 0.014 0.000 0.000 0.000 -0.001 -0.000 0.000 0.000 -0.000 0.040 0.040 0.040 0.000 0.000 0.000 0.000 0.000 0.000 0.000 0.000 0.000 0.258 0.983 1.453 1.234 0.827 0.680 0.803 0.627 0.436 0.000 0.000 0.000 0.079 0.143 0.273 0.241 0.230 0.058 0.045 0.024 0.010 0.006 0.005 0.000 0.000 0.000 0.000 0.000 -0.005 -0.008 0.000 0.000 0.000 0.000 0.000 0.000 0.000 0.000 0.000 0.000 0.015 0.012
0.313 0.000 0.000 0.000 0.000 0.000 0.000 0.000 0.000 0.000 0.005 0.005 0.000 0.000 0.000 0.010 0.000 0.000 -0.040 -0.000 0.000 0.000 0.000 0.000 -0.000 0.000 0.000 0.000 0.000 0.000 0.000 0.000 0.028 0.031 0.247 0.981 1.310 0.329 0.001 0.000 0.000 0.069 0.267 0.477 0.625 0.209 0.192 0.131 0.130 0.000 0.000 0.000 0.000 0.000 0.000 0.013 0.008 0.000 0.000 0.000 0.000 0.000 0.000 -0.003 0.000 0.000 0.046 0.162 0.170 0.001 0.000 0.000 0.000 0.000 0.034 0.019 0.059
0.028 0.578 0.453 0.403 0.230 0.161 0.055 0.031 0.026 0.259 0.368 0.121 0.098 0.081 0.053 0.016 0.008 0.007 0.000 0.000 0.003 0.042 0.042 0.000 0.000 0.000 0.000 0.000 0.000 0.000 0.002 0.040 0.013 0.355 0.368 1.192 0.282 -0.017 -0.016 -0.021 0.012 0.024 0.029 0.011 0.010 0.426 0.442 0.063 0.000 0.000 0.000 0.000 0.000 -0.000 0.000 0.000 -0.004 0.000 0.000 0.000 0.000 0.000 0.000 0.000 0.000 0.000 -0.006 0.045 0.094 0.282 0.283 0.314 0.325 0.307 0.207 0.172 0.117
0.573 0.346 0.469 0.462 0.644 0.677 0.461 0.177 0.171 0.786 0.697 0.941 0.775 0.693 0.445 0.072 0.000 0.000 0.012 0.000 0.000 0.000 0.000 0.000 0.000 0.000 0.000 0.000 0.000 0.000 -0.001 0.078 0.686 1.411 1.877 0.122 -0.014 -0.041 -0.006 -0.003 0.016 0.014 0.000 0.000 0.000 0.000 0.000 0.000 0.000 0.000 0.000 0.000 0.000 0.000 0.000 -0.007 0.000 0.000 0.001 0.001 0.000 0.000 0.000 0.000 0.000 0.037 0.006 0.076 0.018 0.000 0.000 0.250 0.271 0.396 0.466 0.429 0.406
0.000 0.000 0.002 0.103 0.183 0.219 0.540 0.836 0.842 0.035 0.036 0.039 0.233 0.332 0.604 1.019 0.740 0.639 0.001 0.012 0.040 0.000 0.000 0.000 0.000 0.000 0.000 0.000 0.001 0.001 0.000 0.078 1.480 0.709 0.038 -0.031 0.000 0.000 0.016 -0.040 0.012 -0.000 -0.002 0.000 0.000 0.000 0.000 0.361 0.361 0.000 0.000 0.005 0.361 0.361 0.270 0.059 0.000 0.000 0.000 0.000 0.000 0.000 0.000 0.000 0.000 0.246 0.236 0.000 0.000 0.000 0.000 0.123 0.125 0.092 0.090 0.197 0.235
0.000 0.000 0.000 0.038 0.000 0.000 0.000 0.036 0.041 0.000 0.000 0.000 0.000 0.000 0.016 0.017 0.389 0.489 0.927 0.343 0.000 0.000 0.000 0.000 0.000 0.000 0.000 0.000 0.076 0.384 0.471 0.669 0.220 -0.009 -0.001 -0.000 -0.034 -0.010 0.000 -0.000 0.003 -0.013 -0.001 0.006 0.005 0.005 0.000 0.000 0.001 0.361 0.361 0.356 0.000 0.000 0.091 0.309 0.373 0.172 0.000 0.000 0.000 0.001 0.103 0.126 0.133 0.000 0.000 0.000 0.133 0.179 0.593 0.192 0.121 0.061 0.048 0.074 0.074
0.198 0.199 0.130 0.099 0.087 0.095 0.021 0.000 0.000 0.000 0.000 0.001 0.001 0.003 -0.000 0.004 0.000 0.000 0.245 0.645 0.362 0.000 0.000 0.000 0.001 0.000 0.000 0.000 0.024 1.174 1.689 1.415 -0.007 -0.002 -0.001 -0.001 0.085 0.116 0.032 0.032 0.004 0.005 0.009 0.000 0.000 0.000 0.001 0.001 0.000 0.000 0.000 0.000 0.000 0.000 0.000 0.000 0.000 0.280 0.470 0.431 0.357 0.308 0.424 0.617 0.674 0.524 0.524 0.524 0.210 0.221 0.099 0.096 0.134 0.119 0.130 0.068 0.053
0.000 0.022 0.092 0.065 0.038 0.034 0.072 0.001 0.000 0.000 0.000 0.000 0.000 0.010 0.006 0.000 0.000 0.000 0.039 0.223 0.799 0.998 0.413 0.333 0.292 0.089 0.067 0.062 0.468 0.128 -0.018 -0.013 -0.073 -0.059 -0.008 0.037 0.124 0.142 0.106 0.106 0.041 0.029 0.000 0.000 0.000 -0.001 0.000 0.000 0.000 0.000 0.029 0.029 0.000 0.000 0.000 0.000 0.000 0.118 0.100 0.147 0.264 0.348 0.204 0.093 0.006 0.000 0.000 0.000 0.204 0.292 0.000 0.000 0.000 0.000 0.000 0.000 0.010
0.024 0.008 0.005 0.006 0.016 0.012 0.048 0.007 0.001 0.000 0.000 0.013 0.035 0.023 0.000 0.001 0.000 0.000 0.000 0.000 0.022 0.185 0.770 0.838 0.875 1.089 1.119 1.188 0.719 -0.135 -0.446 -0.292 -0.071 -0.006 0.021 0.148 0.066 0.010 0.010 0.010 0.004 0.006 0.017 0.015 0.013 0.014 0.000 0.000 0.000 0.000 0.000 0.000 0.000 0.000 0.000 0.000 0.000 0.000 0.000 0.011 0.102 0.106 0.105 0.072 0.095 0.000 0.000 0.057 0.034 0.000 0.000 0.000 0.000 0.000 0.000 0.000 0.000
0.001 0.042 0.043 0.016 0.000 0.000 0.000 0.000 0.001 0.001 0.017 0.009 0.000 0.000 0.015 0.000 0.000 0.000 0.000 0.000 0.000 0.000 0.000 0.012 0.015 0.018 0.020 0.038 0.052 0.084 -0.003 -0.266 0.064 -0.024 0.078 0.148 0.246 0.428 0.436 0.434 0.376 0.227 0.169 0.140 0.121 0.080 0.051 0.004 0.000 0.000 0.000 0.000 0.000 0.000 0.000 0.000 0.405 0.207 0.185 0.151 0.159 0.120 0.045 0.000 0.000 0.098 0.094 0.000 0.000 0.000 0.000 0.000 0.000 0.000 0.000 0.000 0.000
0.022 0.001 0.001 0.006 0.000 0.000 0.002 0.073 0.083 0.051 0.031 0.033 0.020 0.016 0.018 0.000 0.000 0.000 0.000 0.000 0.000 0.000 0.000 0.000 0.002 -0.008 0.002 -0.012 0.006 -0.001 -0.006 0.001 0.010 0.034 -0.102 0.117 0.027 0.015 0.050 0.100 0.201 0.350 0.417 0.477 0.499 0.561 0.607 -0.001 0.000 0.000 0.065 0.073 0.101 0.077 0.063 0.395 0.000 0.000 0.022 0.037 0.000 0.000 0.000 0.038 0.037 0.024 0.022 0.046 0.112 0.000 -0.000 0.000 0.000 0.000 0.000 0.000 0.000
0.035 0.005 0.005 0.004 0.001 0.001 0.000 0.168 0.161 0.017 0.012 0.000 0.000 0.000 0.000 -0.000 0.000 0.000 0.000 0.000 0.000 0.000 0.000 0.001 0.002 -0.000 0.036 0.009 0.153 -0.015 -0.013 0.034 0.017 0.057 0.017 0.006 0.002 0.036 0.031 0.004 0.000 0.000 0.027 0.023 0.022 0.002 0.002 0.656 0.652 0.624 0.530 0.000 0.000 0.102 0.207 0.010 0.000 0.000 0.000 0.000 0.000 0.000 0.000 0.002 0.003 0.038 0.044 0.038 0.000 0.000 0.000 0.000 0.000 0.000 0.000 0.000 0.000
0.012 0.014 0.010 0.007 0.009 0.002 0.000 0.112 0.122 0.297 0.000 0.000 0.000 0.002 -0.002 0.000 0.000 0.000 0.000 0.000 0.000 0.000 0.000 0.000 -0.001 0.047 0.048 0.122 0.025 -0.001 0.007 0.007 0.084 0.021 0.014 -0.246 -0.077 -0.002 0.000 -0.003 -0.017 0.062 0.026 0.000 0.000 0.000 0.000 0.000 0.002 0.000 0.000 0.513 0.513 0.214 0.135 0.000 0.000 0.000 0.000 -0.000 0.000 0.000 0.000 0.000 0.000 0.000 0.000 0.015 0.000 0.000 0.000 0.000 0.000 0.000 0.000 0.000 0.000
0.021 0.022 0.027 0.016 0.013 0.020 0.005 0.005 0.001 0.000 0.002 0.000 0.000 0.005 0.017 0.000 0.000 0.000 0.000 0.000 0.000 0.000 0.010 0.013 0.064 0.063 0.064 0.022 0.014 0.027 0.065 0.058 0.047 0.039 0.070 0.024 -0.071 -0.053 0.028 0.038 0.015 0.000 0.000 0.000 0.000 0.000 0.000 0.000 0.005 0.000 0.000 0.000 0.000 0.209 0.001 0.003 0.003 0.034 0.000 0.000 0.000 0.000 0.000 -0.066 0.005 0.000 0.010 0.014 0.000 0.000 0.000 0.000 0.000 0.000 0.000 0.000 0.000
0.000 0.000 0.000 0.046 0.000 0.000 0.009 0.022 0.019 0.020 0.325 0.328 0.332 0.319 0.091 0.130 0.106 0.066 0.046 0.000 0.000 0.000 0.051 0.062 0.053 0.026 0.008 0.017 0.065 0.080 0.079 0.324 0.009 0.023 0.121 0.095 -0.016 0.012 0.200 0.184 0.181 0.000 0.000 0.000 0.000 0.000 0.000 0.000 0.000 0.022 0.017 0.001 0.000 0.004 0.050 0.000 0.000 0.026 0.174 0.185 0.042 0.025 0.000 0.000 -0.017 -0.004 0.000 0.000 0.000 0.000 0.000 0.000 0.000 0.000 0.000 0.000 0.000
0.011 0.009 0.072 0.069 0.117 0.237 0.244 0.000 0.000 0.000 0.001 0.012 0.067 0.084 0.293 0.383 0.407 0.428 0.009 0.000 0.000 0.000 0.032 0.038 0.029 0.019 0.013 0.035 0.092 0.261 0.233 0.120 0.046 0.098 0.045 0.041 0.026 0.022 -0.003 -0.012 0.028 0.159 0.164 0.074 0.000 0.000 -0.000 0.084 0.084 0.097 0.102 0.127 0.107 0.047 0.042 0.084 0.105 0.061 0.006 0.035 0.072 0.049 0.023 0.026 0.039 0.013 0.000 0.000 0.000 0.000 0.000 0.000 0.000 0.000 0.000 0.000 0.000
0.087 0.091 0.102 0.118 0.121 0.000 0.000 -0.012 -0.010 0.000 0.000 0.003 0.029 0.063 0.074 0.000 0.000 0.029 0.468 0.002 0.002 0.167 0.084 0.078 0.014 0.003 0.281 0.193 0.109 0.007 0.056 0.006 0.088 0.024 0.044 0.055 0.101 0.190 -0.000 -0.001 0.014 0.026 0.021 0.111 0.000 0.000 0.000 0.000 0.000 0.000 0.000 0.000 0.020 0.090 0.114 0.077 0.058 0.059 0.017 0.000 0.000 0.072 0.161 0.158 0.004 0.000 0.000 0.000 0.000 0.000 0.000 0.000 0.000 0.000 0.000 0.000 0.000
0.005 0.002 0.001 0.000 0.000 0.000 0.000 0.000 -0.001 -0.012 0.009 0.001 0.009 0.000 0.000 0.011 0.011 0.000 0.000 0.521 0.201 0.036 0.026 0.113 0.329 0.339 0.028 0.010 0.028 0.021 0.045 0.029 0.014 0.003 0.164 0.280 0.320 -0.029 -0.056 -0.047 -0.036 0.000 0.000 0.000 0.185 0.185 0.185 0.024 0.000 0.000 0.000 -0.000 0.000 0.000 0.130 0.173 0.172 0.215 0.106 0.000 0.000 -0.032 0.000 0.000 0.000 0.000 0.000 0.000 0.000 0.000 0.000 0.000 0.000 0.000 0.000 0.000 0.000
0.131 0.131 0.057 0.009 0.000 0.000 0.000 0.000 0.000 0.000 0.002 0.000 0.006 -0.005 0.007 0.000 0.000 0.000 0.000 0.000 0.002 0.000 0.000 0.036 0.010 0.000 0.000 0.000 0.101 -0.018 0.280 0.209 0.187 0.355 0.144 -0.052 -0.007 0.012 -0.006 -0.000 0.001 0.001 0.000 0.000 0.000 0.000 0.000 0.064 0.000 0.000 0.000 0.000 0.000 -0.000 0.000 0.000 0.000 0.114 0.205 0.289 0.000 0.000 0.000 0.000 0.086 0.086 0.086 0.071 0.077 0.079 0.000 0.000 0.000 0.000 0.000 0.000 -0.000
0.000 0.000 0.000 0.002 0.008 0.007 0.013 0.000 0.000 0.071 0.146 0.144 0.045 0.011 0.004 0.000 0.000 0.000 0.000 0.000 0.351 0.353 0.353 0.117 0.000 0.000 0.003 0.025 0.016 0.010 -0.016 0.008 0.012 0.012 0.001 0.003 -0.010 0.000 0.003 -0.000 0.063 0.000 0.000 0.000 0.000 0.000 0.069 0.082 0.170 0.112 0.064 0.000 0.000 0.000 0.000 0.001 0.172 0.000 0.000 0.000 0.289 0.289 0.219 0.000 0.000 0.000 0.000 0.016 0.009 0.008 0.034 0.023 0.017 0.013 0.015 0.016 0.009
0.003 0.003 0.342 0.451 0.123 0.107 0.080 0.080 0.106 0.099 0.000 0.000 0.000 0.012 0.008 0.000 0.000 0.000 0.000 0.028 0.000 0.000 0.000 0.100 0.056 0.056 0.022 0.009 0.142 0.175 -0.147 0.000 0.010 -0.000 0.004 0.013 -0.132 -0.156 0.014 0.001 0.000 0.000 0.000 0.000 -0.000 -0.000 0.000 0.000 0.000 0.058 0.105 0.000 0.000 0.009 0.009 0.007 0.000 0.000 0.000 0.000 0.000 0.000 0.000 0.219 0.000 0.000 0.000 0.000 0.000 0.000 0.034 0.035 0.033 0.035 0.024 0.016 0.013
0.999 0.949 0.616 0.529 0.863 0.883 0.324 0.199 0.057 0.000 0.000 0.000 0.000 0.000 0.000 0.000 0.000 0.000 0.000 0.006 0.000 0.000 0.000 0.000 0.000 0.000 0.083 0.095 0.074 -0.001 0.026 0.019 -0.183 -0.126 0.016 0.033 0.018 0.015 0.000 0.000 0.000 0.000 0.001 0.000 0.000 0.000 0.000 0.000 -0.000 0.000 0.000 0.026 0.009 0.000 0.000 0.000 0.010 0.000 0.000 0.000 0.000 0.000 0.000 0.000 0.219 0.219 0.164 0.164 0.111 0.090 0.078 0.052 0.039 0.032 0.032 0.026 0.018
0.001 0.050 0.045 0.023 0.019 0.016 0.590 0.255 0.007 0.000 0.000 0.000 0.000 0.000 0.000 0.017 0.016 0.016 0.022 0.000 0.000 0.000 -0.000 0.000 0.000 0.000 0.012 -0.001 0.001 -0.002 0.090 0.044 0.052 -0.073 0.024 0.073 0.164 0.181 0.135 0.135 0.000 0.000 0.000 0.000 0.000 0.069 0.000 0.000 0.000 0.000 -0.001 0.005 0.022 0.177 0.177 0.177 0.004 0.000 0.000 0.000 0.000 0.000 0.000 0.000 0.000 0.000 0.000 0.000 0.028 0.025 0.034 0.062 0.050 0.035 0.029 0.027 0.021
0.000 0.000 0.000 0.000 0.000 0.000 0.007 0.286 0.000 0.000 0.000 0.000 0.000 0.011 0.010 0.000 0.000 0.000 0.011 -0.000 0.000 0.000 0.000 0.000 0.029 0.029 0.002 0.000 -0.209 -0.019 0.053 0.044 0.073 0.048 -0.022 0.012 0.107 0.164 -0.000 -0.000 0.006 0.006 0.000 0.000 0.000 0.000 0.000 0.013 0.040 0.032 0.049 0.186 0.174 0.000 0.000 0.000 0.000 0.014 0.013 0.000 0.000 0.000 0.000 0.000 0.000 0.000 0.000 0.000 0.010 0.018 0.025 0.021 0.035 0.035 0.032 0.026 0.019
0.000 0.000 0.000 0.000 0.000 0.000 0.000 0.193 0.000 0.000 0.015 0.016 0.037 0.007 0.007 0.000 0.000 0.000 0.000 0.000 0.000 0.000 -0.000 0.017 0.000 0.000 0.024 0.095 0.048 0.090 0.025 0.048 0.106 0.119 -0.098 -0.218 0.153 0.000 0.000 0.000 0.000 0.000 0.000 0.000 0.000 0.124 0.124 0.111 0.069 0.046 0.000 0.000 0.003 0.015 0.000 0.000 0.000 0.000 0.000 0.000 0.000 0.000 0.000 0.000 0.000 0.000 0.000 0.000 0.006 0.012 0.014 0.015 0.020 0.020 0.020 0.018 0.014
0.007 0.002 -0.000 0.000 0.000 0.000 0.000 0.000 0.834 0.232 0.187 0.233 0.359 0.170 0.000 0.000 0.000 0.004 0.000 0.000 0.000 0.000 0.000 0.021 0.036 0.070 0.056 0.065 0.215 0.168 0.053 0.012 0.096 -0.001 -0.002 0.003 -0.000 0.000 0.000 0.009 0.000 0.000 0.000 0.000 0.148 0.000 0.000 0.000 0.015 0.046 0.076 0.067 0.082 0.088 0.103 0.024 0.000 0.000 0.000 -0.000 0.000 0.000 0.000 0.000 0.000 0.000 0.001 0.000 0.006 0.011 0.013 0.014 0.016 0.017 0.017 0.015 0.009
0.004 0.001 0.000 0.000 0.000 0.000 0.015 0.015 0.024 0.617 0.516 0.469 0.321 0.502 0.663 0.501 0.328 0.032 0.014 0.014 0.052 0.048 0.030 0.071 0.048 0.047 0.068 0.094 0.177 0.102 0.052 0.014 0.001 0.002 0.002 0.030 -0.003 0.001 0.001 0.000 0.000 0.000 0.000 0.016 0.025 0.000 0.000 0.000 0.000 0.000 0.000 0.009 0.000 0.000 0.000 0.079 0.103 0.103 0.002 0.000 0.000 0.000 0.000 0.000 0.000 0.000 0.054 0.022 0.018 0.018 0.017 0.016 0.015 0.017 0.015 0.010 0.009
0.001 0.005 0.000 0.000 0.003 0.002 0.000 0.000 0.000 0.008 0.000 0.000 0.000 0.029 0.038 0.186 0.360 0.651 0.534 0.171 0.008 0.012 0.041 0.007 0.007 0.027 0.037 0.065 0.093 0.050 0.050 -0.020 -0.013 -0.002 0.128 0.452 0.055 0.169 0.279 0.271 0.264 0.257 0.257 0.241 0.085 0.000 0.000 0.000 0.000 0.000 0.000 0.000 0.000 0.000 0.000 0.000 0.000 0.000 0.045 0.000 0.000 0.000 0.015 0.000 0.000 0.000 0.000 0.026 0.021 0.017 0.016 0.016 0.014 0.015 0.012 0.009 0.008
0.080 0.101 0.154 0.152 0.017 0.013 0.000 0.000 0.000 0.000 0.002 0.002 0.000 0.000 0.000 0.000 0.000 0.000 0.078 0.435 0.489 0.227 0.134 0.085 0.079 0.073 0.050 0.084 0.012 0.023 0.028 0.003 0.010 -0.016 0.127 0.397 0.223 0.104 0.000 0.000 0.007 0.015 0.014 0.000 0.000 0.064 0.064 0.005 0.006 0.030 0.030 0.017 0.000 0.000 0.000 0.000 0.000 0.000 0.056 0.110 0.110 0.110 0.043 0.024 0.013 0.012 0.008 0.007 0.010 0.012 0.013 0.013 0.013 0.014 0.011 0.009 0.010
0.058 0.033 0.049 0.051 0.072 0.000 0.000 0.019 0.019 0.008 0.000 0.000 0.002 0.000 0.000 0.000 0.000 0.000 0.018 0.018 0.086 0.347 0.338 0.120 0.107 0.076 0.149 0.084 0.047 0.025 0.150 0.752 0.747 0.754 0.630 0.000 0.000 0.001 0.000 0.000 0.000 0.000 0.000 0.013 0.000 0.000 0.000 0.059 0.057 0.033 0.018 0.014 0.008 0.000 0.001 0.000 0.000 0.000 0.000 0.003 0.002 0.000 0.019 0.014 0.003 0.002 0.005 0.008 0.011 0.011 0.012 0.011 0.010 0.010 0.011 0.012 0.013
0.004 0.062 0.000 0.000 0.115 0.155 0.149 0.000 0.000 0.009 0.036 0.000 0.000 0.011 0.001 0.012 0.008 0.008 0.027 0.024 0.029 0.048 0.201 0.425 0.587 0.646 0.544 0.467 0.509 0.763 0.868 0.277 0.070 0.094 -0.048 -0.070 -0.032 0.000 -0.001 0.000 0.000 0.000 0.000 0.000 0.013 0.000 0.000 0.000 0.000 0.000 0.005 0.023 0.048 0.055 0.000 0.000 0.000 0.000 0.000 0.003 0.002 0.001 0.013 0.015 -0.000 0.001 0.003 0.005 0.009 0.012 0.011 0.011 0.009 0.008 0.008 0.009 0.012
