Data/res-0290.Qy
ncols         433
nrows         492
xllcorner     1194560.000000
yllcorner     -584483.500000
cellsize      25.000000
NODATA_value  -9999.000000
[rows 306 to 339 of 492, columns 228 to 303 of 433]
0.009 0.013 0.027 0.004 -0.008 0.003 0.011 0.016 0.087 0.034 0.014 0.019 0.012 0.027 0.041 0.035 0.057 0.061 0.065 0.074 0.058 0.085 0.080 0.068 0.092 0.079 0.082 0.093 0.047 0.053 0.037 0.048 0.036 0.092 0.026 0.031 0.024 0.027 0.014 0.013 0.054 0.051 0.082 0.098 0.112 0.118 0.121 0.126 0.134 0.145 0.148 0.152 0.157 0.155 0.158 0.150 0.143 0.140 0.134 0.134 0.137 0.139 0.144 0.145 0.150 0.151 0.155 0.159 0.155 0.151 0.155 0.150 0.150 0.144 0.141 0.135
0.006 0.010 0.017 0.005 0.007 0.003 0.004 0.001 0.032 0.096 0.018 0.032 0.013 0.026 0.039 0.034 0.050 0.056 0.066 0.070 0.062 0.080 0.063 0.055 0.071 0.118 0.086 0.071 0.056 0.065 0.032 0.041 0.027 0.035 0.083 0.035 0.028 0.031 0.014 0.007 0.025 0.083 0.106 0.107 0.124 0.121 0.129 0.132 0.141 0.150 0.154 0.158 0.161 0.158 0.155 0.156 0.148 0.140 0.138 0.137 0.139 0.143 0.144 0.151 0.151 0.151 0.154 0.154 0.153 0.153 0.149 0.149 0.148 0.143 0.141 0.137
0.003 0.005 0.017 0.003 0.002 0.002 0.007 -0.001 0.004 0.001 0.057 0.078 0.030 0.035 0.042 0.042 0.056 0.055 0.063 0.052 0.068 0.075 0.072 0.059 0.072 0.110 0.074 0.068 0.064 0.056 0.025 0.006 0.052 0.045 0.038 0.035 0.049 0.032 0.042 0.017 0.028 0.090 0.109 0.115 0.128 0.130 0.132 0.140 0.146 0.153 0.160 0.163 0.158 0.160 0.160 0.154 0.147 0.142 0.136 0.136 0.140 0.147 0.154 0.151 0.150 0.156 0.154 0.156 0.156 0.155 0.155 0.151 0.148 0.145 0.139 0.132
0.002 0.003 0.012 0.000 0.004 0.002 -0.005 -0.016 0.000 0.006 0.017 0.116 0.034 0.037 0.039 0.050 0.067 0.056 0.064 0.055 0.058 0.055 0.072 0.081 0.076 0.088 0.076 0.067 0.065 0.071 0.031 0.007 0.025 0.024 0.028 0.028 0.041 0.044 0.041 0.040 0.048 0.100 0.114 0.127 0.137 0.137 0.138 0.147 0.153 0.157 0.164 0.163 0.165 0.165 0.160 0.154 0.153 0.146 0.140 0.142 0.148 0.149 0.149 0.152 0.155 0.157 0.157 0.154 0.159 0.159 0.152 0.152 0.147 0.140 0.138 0.139
-0.010 -0.001 0.005 0.002 -0.005 0.000 0.001 0.002 0.003 0.005 0.019 0.021 0.062 0.085 0.039 0.051 0.061 0.057 0.066 0.070 0.059 0.055 0.075 0.064 0.073 0.076 0.091 0.062 0.048 0.059 0.044 0.016 0.016 0.017 0.017 0.013 0.033 0.010 0.065 0.072 0.084 0.115 0.121 0.128 0.144 0.143 0.145 0.151 0.156 0.163 0.165 0.171 0.167 0.163 0.165 0.155 0.150 0.148 0.138 0.145 0.147 0.150 0.155 0.160 0.162 0.162 0.162 0.163 0.156 0.154 0.154 0.151 0.148 0.145 0.138 0.126
-0.006 -0.002 -0.015 0.001 0.014 0.001 0.001 0.001 -0.001 0.003 0.015 0.020 0.030 0.050 0.100 0.057 0.057 0.050 0.067 0.065 0.075 0.062 0.078 0.061 0.070 0.066 0.086 0.066 0.041 0.035 0.040 0.019 0.019 0.035 0.024 0.018 0.032 0.014 0.041 0.049 0.111 0.139 0.132 0.138 0.148 0.149 0.147 0.156 0.158 0.166 0.169 0.172 0.169 0.165 0.163 0.159 0.155 0.144 0.144 0.146 0.151 0.155 0.155 0.157 0.159 0.157 0.159 0.156 0.159 0.155 0.154 0.153 0.146 0.139 0.136 0.132
-0.002 -0.004 -0.014 -0.000 0.003 -0.004 -0.003 -0.000 0.002 0.008 0.008 0.017 0.028 0.030 0.054 0.145 0.052 0.046 0.058 0.070 0.080 0.062 0.066 0.080 0.068 0.068 0.072 0.060 0.045 0.034 0.029 0.022 0.013 0.037 0.030 0.024 0.022 0.018 0.038 0.059 0.117 0.143 0.144 0.147 0.154 0.155 0.160 0.160 0.166 0.171 0.174 0.176 0.171 0.169 0.165 0.159 0.151 0.148 0.148 0.154 0.155 0.154 0.161 0.167 0.164 0.161 0.164 0.163 0.161 0.159 0.153 0.150 0.150 0.141 0.134 0.128
0.003 0.003 0.002 0.002 0.016 -0.000 -0.003 -0.005 0.001 -0.007 0.001 0.024 0.025 0.030 0.052 0.115 0.080 0.055 0.052 0.079 0.088 0.070 0.075 0.066 0.067 0.079 0.063 0.053 0.051 0.037 0.032 0.020 0.013 0.026 0.027 0.013 0.016 0.032 0.039 0.068 0.129 0.153 0.151 0.156 0.157 0.162 0.160 0.164 0.167 0.170 0.178 0.180 0.172 0.171 0.163 0.159 0.159 0.148 0.149 0.152 0.155 0.159 0.166 0.160 0.162 0.166 0.163 0.159 0.159 0.157 0.157 0.153 0.140 0.140 0.135 0.128
0.000 -0.000 -0.002 -0.002 -0.000 0.010 0.001 -0.002 -0.007 -0.003 0.003 0.008 0.018 0.025 0.039 0.069 0.159 0.060 0.053 0.073 0.076 0.083 0.090 0.063 0.066 0.074 0.062 0.049 0.050 0.041 0.034 0.006 0.005 0.028 0.024 0.020 0.023 0.028 0.049 0.079 0.139 0.164 0.157 0.161 0.166 0.166 0.166 0.166 0.170 0.178 0.182 0.183 0.176 0.173 0.169 0.159 0.153 0.148 0.156 0.161 0.161 0.165 0.162 0.166 0.170 0.167 0.168 0.164 0.165 0.159 0.150 0.147 0.149 0.139 0.133 0.127
-0.007 -0.008 -0.001 -0.003 -0.018 -0.005 0.015 -0.004 -0.005 -0.008 0.003 0.011 0.018 0.033 0.040 0.062 0.167 0.053 0.061 0.080 0.063 0.094 0.071 0.089 0.062 0.077 0.062 0.049 0.042 0.046 0.024 0.009 0.011 0.032 0.016 0.020 0.031 0.034 0.053 0.107 0.147 0.157 0.160 0.165 0.168 0.172 0.166 0.170 0.173 0.177 0.180 0.186 0.178 0.172 0.168 0.161 0.155 0.158 0.159 0.158 0.161 0.165 0.167 0.169 0.171 0.167 0.161 0.168 0.161 0.157 0.156 0.150 0.140 0.140 0.129 0.126
-0.004 -0.015 -0.015 -0.022 -0.008 -0.004 -0.010 -0.026 -0.004 0.019 0.021 0.014 0.011 0.010 0.057 0.061 0.075 0.169 0.070 0.086 0.065 0.098 0.075 0.083 0.038 0.091 0.069 0.052 0.038 0.051 0.025 0.008 0.012 0.029 0.015 0.021 0.026 0.049 0.066 0.131 0.152 0.153 0.163 0.167 0.171 0.167 0.175 0.176 0.176 0.177 0.182 0.184 0.183 0.177 0.169 0.162 0.155 0.159 0.159 0.166 0.163 0.165 0.171 0.174 0.171 0.171 0.173 0.167 0.163 0.161 0.157 0.145 0.140 0.138 0.131 0.121
-0.008 -0.004 -0.035 -0.021 -0.017 -0.005 -0.017 -0.019 -0.012 -0.010 -0.000 0.007 0.023 0.031 0.054 0.056 0.065 0.088 0.203 0.064 0.074 0.117 0.087 0.072 0.044 0.064 0.087 0.059 0.036 0.044 0.017 0.015 0.013 0.034 0.014 0.033 0.023 0.057 0.098 0.145 0.145 0.153 0.159 0.172 0.173 0.173 0.175 0.178 0.177 0.178 0.187 0.187 0.184 0.176 0.173 0.167 0.160 0.162 0.166 0.165 0.168 0.172 0.174 0.172 0.171 0.169 0.168 0.168 0.165 0.159 0.151 0.148 0.141 0.133 0.125 0.122
-0.007 -0.003 -0.049 -0.022 -0.024 -0.003 -0.027 -0.025 -0.006 -0.006 -0.013 0.005 0.014 0.032 0.056 0.062 0.059 0.084 0.231 0.066 0.083 0.098 0.104 0.060 0.061 0.053 0.098 0.061 0.039 0.039 0.013 0.014 0.015 0.031 0.022 0.034 0.045 0.076 0.121 0.142 0.141 0.150 0.163 0.173 0.175 0.175 0.175 0.177 0.183 0.183 0.187 0.198 0.190 0.181 0.169 0.161 0.162 0.165 0.166 0.171 0.171 0.174 0.174 0.177 0.181 0.170 0.173 0.170 0.164 0.158 0.152 0.151 0.138 0.128 0.126 0.117
-0.007 -0.003 -0.047 -0.036 -0.015 -0.001 -0.045 -0.037 -0.011 -0.006 -0.010 -0.019 0.001 0.046 0.062 0.076 0.064 0.085 0.096 0.209 0.092 0.090 0.104 0.063 0.064 0.066 0.098 0.066 0.029 0.032 0.016 0.017 0.017 0.027 0.028 0.047 0.068 0.085 0.129 0.143 0.149 0.150 0.163 0.170 0.175 0.176 0.179 0.185 0.185 0.187 0.190 0.190 0.193 0.182 0.173 0.166 0.167 0.165 0.170 0.172 0.174 0.176 0.175 0.182 0.176 0.177 0.170 0.172 0.166 0.161 0.155 0.144 0.140 0.139 0.123 0.116
0.000 -0.057 -0.037 -0.033 -0.010 -0.001 -0.068 -0.048 -0.008 -0.008 -0.041 -0.017 -0.007 0.055 0.085 0.070 0.072 0.094 0.101 0.103 0.143 0.142 0.146 0.059 0.065 0.083 0.088 0.070 0.029 0.024 0.015 0.016 0.022 0.026 0.036 0.068 0.090 0.100 0.124 0.144 0.148 0.153 0.169 0.172 0.173 0.179 0.181 0.185 0.191 0.192 0.193 0.194 0.190 0.185 0.174 0.165 0.166 0.177 0.172 0.176 0.178 0.176 0.185 0.180 0.175 0.174 0.174 0.169 0.163 0.160 0.156 0.147 0.134 0.127 0.122 0.115
0.000 -0.271 0.130 0.002 -0.455 -0.106 -0.004 0.007 0.052 0.017 0.013 0.049 0.050 0.147 0.110 0.073 0.065 0.111 0.104 0.081 0.168 0.144 0.179 0.069 0.084 0.064 0.091 0.058 0.038 0.017 0.017 0.019 0.024 0.027 0.048 0.086 0.100 0.111 0.126 0.136 0.162 0.156 0.168 0.173 0.175 0.183 0.181 0.194 0.191 0.197 0.200 0.198 0.191 0.181 0.172 0.165 0.171 0.174 0.179 0.180 0.179 0.186 0.186 0.183 0.187 0.174 0.174 0.173 0.165 0.159 0.149 0.140 0.137 0.127 0.118 0.111
0.000 -0.001 0.012 -0.040 -0.004 -0.000 0.026 0.012 0.022 0.036 0.020 0.047 0.055 0.051 0.063 0.221 0.064 0.115 0.103 0.091 0.153 0.117 0.238 0.075 0.093 0.055 0.089 0.053 0.033 0.026 0.017 0.028 0.024 0.028 0.060 0.097 0.105 0.121 0.135 0.148 0.159 0.159 0.171 0.173 0.181 0.189 0.188 0.194 0.203 0.201 0.205 0.198 0.191 0.185 0.178 0.174 0.174 0.179 0.180 0.180 0.186 0.183 0.193 0.187 0.178 0.179 0.171 0.170 0.163 0.153 0.151 0.146 0.130 0.125 0.115 0.101
0.000 -0.027 -0.013 -0.000 0.000 0.005 0.010 0.004 0.011 0.025 0.018 0.043 0.066 0.070 0.077 0.086 0.149 0.144 0.106 0.166 0.101 0.106 0.120 0.182 0.131 0.050 0.104 0.035 0.035 0.020 0.038 0.035 0.038 0.043 0.044 0.075 0.105 0.129 0.138 0.150 0.164 0.176 0.169 0.179 0.189 0.193 0.197 0.195 0.200 0.206 0.205 0.199 0.195 0.186 0.178 0.178 0.181 0.184 0.185 0.187 0.185 0.199 0.188 0.191 0.186 0.182 0.179 0.167 0.164 0.157 0.149 0.140 0.128 0.122 0.110 0.106
-0.031 -0.009 -0.000 0.000 0.000 -0.005 -0.003 -0.011 -0.035 -0.006 0.058 0.064 0.071 0.091 0.085 0.088 0.141 0.128 0.178 0.122 0.115 0.119 0.144 0.168 0.097 0.113 0.070 0.039 0.031 0.029 0.028 0.030 0.042 0.034 0.046 0.072 0.093 0.129 0.161 0.163 0.172 0.186 0.178 0.184 0.193 0.201 0.207 0.199 0.199 0.211 0.205 0.203 0.199 0.190 0.185 0.184 0.183 0.183 0.184 0.192 0.193 0.192 0.191 0.188 0.188 0.181 0.174 0.171 0.158 0.149 0.146 0.135 0.126 0.116 0.106 0.099
-0.006 -0.002 0.000 -0.003 0.009 0.000 -0.001 -0.052 -0.088 -0.072 0.027 0.233 0.065 0.089 0.100 0.096 0.138 0.149 0.159 0.128 0.129 0.132 0.162 0.146 0.063 0.123 0.079 0.043 0.032 0.030 0.030 0.033 0.040 0.037 0.046 0.057 0.099 0.119 0.177 0.175 0.182 0.190 0.189 0.196 0.201 0.206 0.214 0.209 0.205 0.208 0.207 0.207 0.206 0.190 0.187 0.190 0.193 0.190 0.196 0.199 0.197 0.200 0.196 0.194 0.187 0.185 0.176 0.170 0.161 0.149 0.143 0.131 0.125 0.112 0.106 0.095
-0.007 -0.005 -0.048 -0.035 -0.282 -0.040 -0.011 0.019 0.021 0.056 0.086 0.300 0.047 0.100 0.112 0.101 0.142 0.163 0.152 0.129 0.142 0.150 0.135 0.142 0.059 0.099 0.116 0.054 0.032 0.034 0.037 0.028 0.032 0.039 0.037 0.057 0.096 0.124 0.190 0.187 0.195 0.194 0.192 0.201 0.207 0.213 0.216 0.217 0.219 0.203 0.214 0.213 0.206 0.197 0.194 0.193 0.194 0.197 0.201 0.202 0.201 0.198 0.200 0.196 0.188 0.180 0.170 0.168 0.153 0.147 0.140 0.128 0.118 0.109 0.097 0.090
-0.003 -0.585 0.000 0.000 -0.000 0.060 -0.002 0.026 0.042 0.061 0.085 0.118 0.160 0.144 0.123 0.122 0.218 0.167 0.142 0.127 0.163 0.142 0.135 0.120 0.095 0.086 0.107 0.063 0.054 0.022 0.031 0.032 0.029 0.037 0.032 0.068 0.090 0.136 0.196 0.196 0.200 0.200 0.204 0.210 0.217 0.218 0.221 0.222 0.219 0.212 0.216 0.220 0.211 0.204 0.199 0.201 0.205 0.200 0.210 0.206 0.204 0.206 0.201 0.196 0.188 0.183 0.176 0.164 0.156 0.149 0.140 0.127 0.113 0.105 0.096 0.083
0.695 0.451 0.000 -0.001 0.000 -0.027 0.008 0.004 0.076 0.076 0.070 0.121 0.162 0.144 0.147 0.137 0.155 0.282 0.126 0.140 0.147 0.130 0.160 0.118 0.115 0.088 0.057 0.065 0.073 0.028 0.034 0.029 0.032 0.041 0.055 0.066 0.087 0.137 0.204 0.203 0.201 0.209 0.210 0.214 0.215 0.224 0.225 0.226 0.223 0.223 0.219 0.220 0.213 0.204 0.204 0.211 0.213 0.209 0.212 0.211 0.212 0.209 0.200 0.189 0.186 0.180 0.169 0.161 0.150 0.138 0.128 0.120 0.114 0.101 0.090 0.079
0.552 0.080 0.054 0.205 0.059 -0.022 0.050 0.021 0.097 0.081 0.081 0.128 0.167 0.152 0.154 0.132 0.143 0.322 0.120 0.141 0.153 0.140 0.144 0.141 0.110 0.067 0.048 0.061 0.077 0.047 0.027 0.030 0.043 0.038 0.068 0.068 0.106 0.131 0.210 0.214 0.207 0.212 0.215 0.219 0.223 0.225 0.231 0.231 0.226 0.230 0.226 0.219 0.214 0.213 0.219 0.219 0.218 0.218 0.220 0.221 0.218 0.218 0.212 0.197 0.187 0.178 0.167 0.155 0.146 0.141 0.127 0.118 0.105 0.094 0.082 0.074
0.479 0.033 0.050 0.117 0.089 0.016 0.035 0.045 0.066 0.117 0.122 0.150 0.167 0.175 0.169 0.140 0.166 0.164 0.255 0.136 0.172 0.160 0.144 0.156 0.089 0.048 0.054 0.032 0.081 0.093 0.030 0.024 0.023 0.063 0.061 0.066 0.131 0.170 0.190 0.205 0.209 0.212 0.221 0.221 0.226 0.230 0.233 0.231 0.234 0.228 0.230 0.224 0.219 0.221 0.225 0.226 0.226 0.227 0.223 0.228 0.226 0.218 0.204 0.194 0.184 0.174 0.163 0.151 0.137 0.131 0.119 0.112 0.101 0.087 0.079 0.069
0.292 0.015 0.017 -0.004 0.000 0.058 0.164 0.084 0.093 0.126 0.131 0.151 0.161 0.224 0.175 0.196 0.152 0.150 0.214 0.138 0.120 0.265 0.160 0.134 0.066 0.030 0.050 0.031 0.088 0.180 0.074 0.046 0.066 0.071 0.098 0.076 0.066 0.120 0.153 0.174 0.218 0.217 0.215 0.227 0.228 0.236 0.239 0.237 0.240 0.232 0.230 0.225 0.223 0.228 0.237 0.243 0.238 0.237 0.230 0.230 0.238 0.228 0.206 0.195 0.187 0.173 0.159 0.151 0.136 0.125 0.118 0.103 0.095 0.087 0.075 0.061
0.103 0.005 0.077 0.046 0.008 0.044 0.083 0.146 0.098 0.129 0.139 0.148 0.201 0.251 0.150 0.221 0.166 0.175 0.166 0.121 0.107 0.288 0.172 0.113 0.072 0.024 0.053 0.069 0.041 0.178 0.092 0.072 0.098 0.090 0.084 0.068 0.073 0.156 0.130 0.160 0.222 0.215 0.226 0.223 0.229 0.237 0.240 0.239 0.238 0.237 0.234 0.234 0.232 0.241 0.248 0.250 0.256 0.251 0.245 0.238 0.235 0.231 0.210 0.194 0.177 0.166 0.155 0.143 0.132 0.121 0.107 0.094 0.088 0.072 0.064 0.055
0.028 0.007 0.055 0.035 0.029 0.047 0.074 0.170 0.095 0.127 0.140 0.143 0.267 0.225 0.148 0.201 0.197 0.166 0.157 0.125 0.109 0.235 0.214 0.109 0.076 0.016 0.048 0.074 0.039 0.149 0.152 0.115 0.101 0.067 0.084 0.073 0.122 0.148 0.130 0.173 0.205 0.219 0.223 0.225 0.228 0.235 0.242 0.241 0.245 0.239 0.237 0.235 0.244 0.252 0.261 0.262 0.260 0.262 0.258 0.250 0.245 0.235 0.213 0.190 0.177 0.161 0.149 0.137 0.120 0.110 0.102 0.094 0.078 0.072 0.058 0.054
0.015 0.000 0.036 0.003 0.089 0.061 0.063 0.125 0.169 0.113 0.144 0.206 0.217 0.219 0.161 0.211 0.177 0.161 0.161 0.180 0.137 0.211 0.151 0.182 0.102 0.042 0.026 0.030 0.032 0.104 0.188 0.130 0.077 0.069 0.101 0.109 0.139 0.156 0.152 0.162 0.194 0.208 0.214 0.221 0.223 0.233 0.237 0.242 0.241 0.245 0.241 0.240 0.254 0.263 0.272 0.275 0.276 0.272 0.267 0.258 0.257 0.238 0.218 0.194 0.176 0.152 0.141 0.130 0.119 0.109 0.097 0.085 0.076 0.069 0.059 0.039
0.013 0.000 0.024 0.012 0.095 0.077 0.056 0.129 0.133 0.142 0.230 0.219 0.142 0.157 0.218 0.214 0.173 0.163 0.176 0.208 0.243 0.151 0.109 0.117 0.132 0.045 0.022 0.054 0.086 0.063 0.168 0.127 0.084 0.087 0.124 0.137 0.156 0.139 0.178 0.179 0.173 0.202 0.192 0.195 0.222 0.233 0.239 0.241 0.245 0.250 0.246 0.250 0.263 0.277 0.286 0.278 0.282 0.282 0.280 0.274 0.276 0.248 0.223 0.203 0.168 0.140 0.124 0.123 0.105 0.099 0.095 0.080 0.070 0.059 0.047 0.043
0.008 0.002 0.015 0.021 0.094 0.082 0.063 0.144 0.133 0.153 0.193 0.243 0.149 0.165 0.175 0.261 0.195 0.150 0.176 0.206 0.230 0.152 0.119 0.116 0.087 0.052 0.025 0.086 0.058 0.076 0.194 0.115 0.106 0.098 0.141 0.153 0.148 0.151 0.180 0.188 0.186 0.241 0.149 0.162 0.202 0.229 0.239 0.244 0.249 0.251 0.250 0.263 0.275 0.286 0.293 0.295 0.292 0.289 0.292 0.292 0.283 0.263 0.243 0.205 0.167 0.128 0.113 0.100 0.096 0.094 0.089 0.074 0.066 0.057 0.044 0.039
0.001 -0.013 0.020 0.033 0.078 0.046 0.163 0.135 0.132 0.152 0.172 0.260 0.165 0.156 0.172 0.260 0.198 0.157 0.181 0.199 0.214 0.161 0.126 0.096 0.070 0.079 0.057 0.076 0.045 0.072 0.182 0.133 0.132 0.118 0.183 0.140 0.130 0.153 0.185 0.212 0.243 0.237 0.096 0.147 0.161 0.207 0.245 0.255 0.262 0.263 0.258 0.275 0.285 0.295 0.303 0.306 0.300 0.298 0.314 0.311 0.297 0.288 0.267 0.221 0.164 0.093 0.085 0.085 0.085 0.087 0.084 0.076 0.066 0.053 0.042 0.030
0.007 0.005 0.026 0.041 0.080 0.051 0.171 0.175 0.165 0.137 0.155 0.270 0.165 0.156 0.249 0.171 0.198 0.177 0.156 0.241 0.176 0.165 0.108 0.106 0.080 0.075 0.069 0.084 0.064 0.042 0.144 0.194 0.123 0.171 0.164 0.130 0.127 0.158 0.199 0.233 0.233 0.197 0.074 0.186 0.159 0.177 0.218 0.273 0.275 0.278 0.268 0.277 0.293 0.299 0.310 0.313 0.308 0.320 0.343 0.321 0.313 0.306 0.300 0.165 0.142 0.068 0.078 0.085 0.085 0.085 0.091 0.078 0.060 0.049 0.036 0.031
0.001 0.144 0.106 0.048 0.074 0.075 0.143 0.243 0.189 0.125 0.152 0.242 0.155 0.163 0.275 0.153 0.212 0.204 0.145 0.188 0.187 0.166 0.117 0.123 0.083 0.084 0.058 0.088 0.051 0.031 0.130 0.240 0.156 0.224 0.122 0.112 0.122 0.162 0.215 0.253 0.151 0.184 0.077 0.226 0.171 0.193 0.203 0.255 0.277 0.299 0.280 0.280 0.292 0.307 0.314 0.319 0.323 0.344 0.351 0.337 0.339 0.276 0.199 0.157 0.123 0.089 0.111 0.097 0.101 0.090 0.087 0.080 0.068 0.045 0.034 0.027
