Data/res-0290.Qy
ncols         433
nrows         492
xllcorner     1194560.000000
yllcorner     -584483.500000
cellsize      25.000000
NODATA_value  -9999.000000
[rows 204 to 237 of 492, columns 0 to 75 of 433]
0.000 0.000 0.000 0.000 0.000 0.000 0.000 0.000 0.000 0.000 0.000 0.001 0.006 0.015 0.015 0.124 0.060 0.112 0.283 0.085 0.051 0.097 0.150 0.383 0.231 0.174 0.092 0.089 0.020 0.074 0.203 0.064 0.029 0.066 0.067 0.147 0.078 0.022 0.039 0.113 0.034 0.020 0.055 0.080 0.001 0.009 0.001 0.003 0.004 0.002 0.000 0.011 0.007 0.004 0.009 0.011 0.066 0.017 0.023 0.010 0.056 0.095 0.110 0.057 0.076 0.026 0.133 0.088 0.061 0.045 0.071 0.080 0.044 0.032 0.045 0.046
0.000 0.000 0.000 0.000 0.000 0.000 0.000 0.000 0.000 0.000 0.000 0.001 0.007 0.039 0.047 0.097 0.028 0.113 0.246 0.107 0.052 0.077 0.187 0.416 0.204 0.154 0.105 0.096 0.031 0.053 0.200 0.092 0.034 0.056 0.056 0.149 0.082 0.020 0.064 0.089 0.033 0.013 0.007 0.077 0.027 0.025 0.007 0.011 0.009 0.005 0.000 0.010 0.009 0.002 0.008 0.051 0.031 0.007 0.020 0.017 0.072 0.037 0.109 0.077 0.075 0.032 0.057 0.136 0.059 0.055 0.050 0.144 0.065 0.073 0.037 0.032
0.000 0.000 0.000 0.000 0.000 0.000 0.000 0.000 0.000 0.000 0.000 0.004 0.006 0.060 0.040 0.083 0.025 0.130 0.210 0.074 0.112 0.069 0.240 0.358 0.215 0.142 0.093 0.111 0.061 0.041 0.123 0.170 0.054 0.039 0.046 0.102 0.064 0.076 0.097 0.064 0.023 0.011 0.005 0.031 0.066 0.015 0.029 0.021 0.014 0.002 0.003 0.016 0.006 0.002 0.010 0.055 0.027 0.005 0.015 0.042 0.054 0.026 0.086 0.103 0.074 0.031 0.053 0.150 0.061 0.055 0.045 0.122 0.110 0.075 0.039 0.032
0.000 0.000 0.000 0.000 0.000 0.000 0.000 0.000 -0.000 -0.000 0.000 0.006 0.027 0.035 0.030 0.050 0.066 0.187 0.124 0.072 0.115 0.107 0.262 0.293 0.217 0.108 0.126 0.126 0.111 0.068 0.054 0.180 0.087 0.036 0.039 0.077 0.075 0.085 0.099 0.049 0.025 0.003 -0.000 0.031 0.084 0.014 0.022 0.028 0.026 0.000 0.003 0.020 0.004 0.002 0.011 0.057 0.026 0.003 0.014 0.057 0.043 0.020 0.071 0.120 0.062 0.040 0.044 0.161 0.071 0.050 0.046 0.080 0.150 0.082 0.055 0.034
0.000 0.000 0.000 0.000 0.000 -0.000 0.000 0.000 -0.000 0.000 -0.000 0.007 0.013 0.031 0.037 0.048 0.132 0.112 0.097 0.087 0.115 0.173 0.239 0.255 0.242 0.126 0.100 0.103 0.154 0.074 0.049 0.158 0.117 0.036 0.035 0.072 0.123 0.062 0.076 0.051 0.026 0.005 0.000 0.025 0.087 0.012 0.022 0.027 0.019 0.005 0.005 0.031 0.003 0.001 0.014 0.059 0.024 0.002 0.018 0.056 0.044 0.016 0.060 0.088 0.106 0.049 0.037 0.133 0.109 0.048 0.049 0.067 0.093 0.144 0.065 0.033
0.000 0.000 0.000 -0.000 0.000 0.000 0.000 0.000 0.000 0.000 -0.000 0.000 0.013 0.025 0.038 0.084 0.098 0.081 0.072 0.110 0.126 0.240 0.208 0.164 0.307 0.160 0.098 0.105 0.094 0.131 0.076 0.108 0.130 0.047 0.049 0.096 0.106 0.060 0.059 0.047 0.029 0.006 0.001 0.018 0.071 0.011 0.027 0.042 0.008 0.005 0.005 0.002 0.015 0.032 0.015 0.030 0.043 0.011 0.027 0.038 0.056 0.032 0.048 0.073 0.108 0.066 0.047 0.120 0.096 0.071 0.055 0.054 0.060 0.185 0.066 0.038
0.000 0.000 0.000 0.000 0.000 0.000 0.000 0.000 0.000 0.000 0.000 -0.000 -0.000 0.031 0.052 0.050 0.089 0.052 0.076 0.134 0.156 0.199 0.243 0.119 0.300 0.214 0.125 0.119 0.087 0.092 0.115 0.069 0.112 0.101 0.098 0.129 0.035 0.060 0.046 0.027 0.020 0.008 -0.001 -0.005 0.057 0.018 0.009 0.024 0.039 0.018 0.018 0.013 0.019 0.053 0.013 0.020 0.031 0.025 0.038 0.031 0.047 0.050 0.045 0.072 0.091 0.082 0.062 0.122 0.070 0.081 0.064 0.050 0.054 0.190 0.070 0.040
0.000 0.000 0.000 0.000 0.000 0.000 0.000 0.000 0.000 0.000 0.000 0.000 0.000 0.041 0.024 0.068 0.053 0.054 0.080 0.161 0.133 0.187 0.272 0.093 0.213 0.307 0.152 0.144 0.098 0.082 0.091 0.077 0.137 0.099 0.083 0.135 0.048 0.030 0.050 0.015 0.007 0.011 0.002 0.001 0.035 0.016 0.004 0.004 0.047 0.016 0.015 0.025 0.030 0.088 0.014 0.013 0.028 0.023 0.058 0.026 0.038 0.058 0.062 0.048 0.107 0.109 0.057 0.098 0.068 0.054 0.069 0.070 0.080 0.076 0.156 0.052
0.000 0.000 0.000 0.000 0.000 0.000 0.000 0.000 0.000 0.000 0.000 0.002 0.010 0.027 0.024 0.067 0.032 0.036 0.100 0.183 0.111 0.198 0.268 0.088 0.197 0.333 0.156 0.151 0.106 0.082 0.091 0.084 0.162 0.071 0.089 0.134 0.055 0.023 0.037 0.002 0.000 0.002 0.017 0.002 0.003 0.043 0.006 0.002 0.021 0.015 0.004 0.022 0.052 0.086 0.028 0.019 0.050 0.021 0.065 0.023 0.035 0.063 0.065 0.048 0.110 0.110 0.056 0.089 0.074 0.053 0.066 0.076 0.070 0.072 0.107 0.054
0.000 0.000 0.000 0.000 0.000 0.000 0.000 0.000 0.000 0.000 0.001 0.004 0.010 0.023 0.039 0.045 0.027 0.041 0.107 0.173 0.105 0.217 0.239 0.095 0.193 0.323 0.171 0.155 0.118 0.096 0.093 0.095 0.168 0.073 0.099 0.115 0.053 0.025 0.028 0.001 0.000 -0.000 0.004 0.000 0.000 0.014 0.021 0.005 -0.003 0.010 0.027 0.024 0.037 0.041 0.095 0.021 0.063 0.025 0.052 0.037 0.033 0.032 0.079 0.068 0.103 0.113 0.065 0.078 0.069 0.084 0.072 0.049 0.079 0.076 0.101 0.074
0.000 0.000 0.000 0.000 0.000 0.000 0.000 0.000 -0.001 0.000 0.000 0.004 0.013 0.026 0.031 0.036 0.025 0.053 0.116 0.136 0.115 0.209 0.230 0.101 0.182 0.278 0.118 0.133 0.199 0.145 0.117 0.133 0.174 0.098 0.101 0.079 0.040 0.036 0.017 0.002 0.000 0.000 0.004 0.000 0.000 0.005 0.004 0.015 0.000 -0.000 0.027 0.006 0.046 0.047 0.031 0.047 0.104 0.036 0.031 0.052 0.042 0.040 0.060 0.079 0.113 0.061 0.083 0.087 0.072 0.112 0.063 0.043 0.089 0.067 0.094 0.096
0.000 0.000 0.000 0.000 0.000 0.000 0.000 0.000 0.000 0.000 0.000 0.004 0.016 0.025 0.023 0.031 0.025 0.069 0.071 0.110 0.149 0.173 0.186 0.180 0.168 0.277 0.129 0.086 0.182 0.152 0.147 0.177 0.191 0.136 0.087 0.072 0.037 0.035 0.015 0.002 0.000 0.000 0.001 0.000 0.000 0.000 0.008 0.020 0.000 -0.001 0.022 0.007 0.038 0.047 0.031 0.045 0.084 0.065 0.024 0.046 0.053 0.060 0.052 0.070 0.114 0.055 0.067 0.083 0.122 0.070 0.064 0.057 0.098 0.070 0.116 0.071
0.000 0.000 0.000 0.000 0.000 0.000 0.000 0.000 0.000 0.000 0.002 0.011 0.026 0.009 0.015 0.020 0.035 0.046 0.060 0.118 0.154 0.160 0.159 0.224 0.153 0.235 0.184 0.085 0.121 0.086 0.212 0.179 0.131 0.261 0.127 0.071 0.035 0.043 0.005 0.000 0.000 0.000 0.001 0.000 0.000 0.000 0.007 0.015 0.003 0.001 0.022 0.007 0.029 0.034 0.035 0.048 0.066 0.093 0.018 0.049 0.046 0.070 0.059 0.062 0.092 0.063 0.058 0.071 0.165 0.062 0.059 0.056 0.089 0.101 0.121 0.062
0.000 0.000 0.000 0.000 0.000 0.000 0.000 0.000 0.000 0.000 0.003 0.018 0.020 0.008 0.012 0.019 0.024 0.034 0.062 0.118 0.157 0.151 0.142 0.224 0.125 0.143 0.117 0.295 0.117 0.097 0.209 0.173 0.117 0.241 0.154 0.100 0.062 0.033 0.005 0.000 0.000 0.000 0.002 0.000 0.000 0.000 0.007 0.006 0.006 0.005 0.016 0.010 0.019 0.031 0.029 0.057 0.054 0.085 0.023 0.059 0.037 0.063 0.063 0.057 0.088 0.075 0.046 0.072 0.163 0.075 0.068 0.055 0.081 0.139 0.116 0.061
0.000 0.000 0.000 0.000 0.000 0.000 0.000 0.000 0.000 0.000 0.002 0.019 0.020 0.008 0.011 0.017 0.023 0.030 0.059 0.134 0.108 0.157 0.099 0.247 0.119 0.125 0.117 0.273 0.190 0.105 0.202 0.186 0.118 0.206 0.195 0.107 0.077 0.033 0.006 0.000 0.000 0.000 0.000 0.000 0.002 0.000 0.006 0.004 0.004 0.005 0.009 0.008 0.012 0.027 0.025 0.033 0.068 0.078 0.026 0.040 0.040 0.083 0.070 0.044 0.086 0.101 0.041 0.072 0.098 0.131 0.066 0.059 0.080 0.141 0.114 0.073
0.000 0.000 0.000 0.000 0.000 -0.000 0.000 0.000 0.000 0.000 0.002 0.020 0.018 0.007 0.009 0.018 0.023 0.026 0.069 0.126 0.097 0.138 0.079 0.180 0.177 0.098 0.127 0.232 0.184 0.142 0.162 0.303 0.117 0.193 0.208 0.123 0.086 0.034 0.006 0.000 0.000 0.000 0.000 0.000 0.001 0.003 0.004 0.005 0.002 0.001 -0.004 0.008 0.010 0.019 0.016 0.017 0.055 0.045 0.063 0.050 0.057 0.088 0.076 0.037 0.049 0.034 0.109 0.095 0.095 0.089 0.102 0.070 0.082 0.124 0.130 0.082
0.000 0.000 0.000 0.000 0.000 0.000 0.000 0.000 0.002 0.008 0.008 0.009 0.011 0.004 0.008 0.013 0.023 0.029 0.073 0.082 0.118 0.118 0.061 0.162 0.237 0.089 0.101 0.189 0.209 0.135 0.133 0.146 0.355 0.197 0.203 0.140 0.110 0.037 0.004 0.000 0.001 0.001 0.001 0.000 0.000 0.002 0.002 0.008 0.001 -0.006 -0.034 -0.000 0.016 0.020 0.017 0.012 0.037 0.033 0.099 0.039 0.053 0.104 0.051 0.050 0.041 0.026 0.060 0.157 0.107 0.094 0.084 0.085 0.086 0.111 0.118 0.114
0.000 0.000 0.000 0.000 0.000 0.000 0.000 0.002 0.002 0.009 0.008 0.007 0.010 0.004 0.004 0.007 0.014 0.040 0.065 0.057 0.103 0.142 0.060 0.135 0.237 0.112 0.082 0.132 0.274 0.097 0.107 0.083 0.225 0.475 0.164 0.145 0.123 0.050 0.016 0.033 0.001 0.005 0.003 0.000 0.000 -0.008 0.001 0.003 -0.000 -0.004 -0.038 -0.004 -0.003 -0.003 0.031 0.008 0.028 0.040 0.110 0.033 0.050 0.109 0.041 0.077 0.045 0.027 0.032 0.165 0.107 0.095 0.061 0.060 0.121 0.104 0.101 0.173
0.000 0.000 0.000 0.000 -0.000 -0.000 0.001 0.002 0.003 0.009 0.009 0.007 0.010 0.003 0.004 0.008 0.014 0.039 0.029 0.060 0.081 0.107 0.086 0.124 0.216 0.166 0.074 0.112 0.170 0.175 0.121 0.083 0.090 0.546 0.288 0.130 0.119 0.091 0.010 0.014 0.000 0.013 0.012 0.005 -0.001 -0.029 -0.010 -0.010 0.007 -0.015 -0.037 -0.009 -0.009 -0.018 -0.002 0.017 0.021 0.048 0.118 0.026 0.023 0.055 0.146 0.122 0.028 0.048 0.036 0.147 0.097 0.107 0.060 0.069 0.097 0.113 0.098 0.122
0.000 0.000 0.000 0.000 0.000 0.000 -0.000 -0.000 0.004 0.008 0.007 0.008 0.008 0.001 0.006 0.010 0.015 0.033 0.018 0.021 0.041 0.095 0.122 0.083 0.172 0.190 0.088 0.089 0.198 0.111 0.233 0.067 0.094 0.318 0.501 0.155 0.105 0.114 0.049 0.041 0.003 0.005 0.003 -0.018 -0.012 -0.043 -0.005 -0.003 -0.016 -0.050 -0.017 -0.009 -0.025 -0.002 0.015 0.019 0.016 0.032 0.028 0.046 0.045 0.038 0.115 0.055 0.069 0.058 0.116 0.115 0.125 0.153 0.082 0.075 0.088 0.106 0.098 0.118
0.000 0.000 0.000 0.000 0.000 0.000 0.000 0.000 0.000 0.008 0.008 0.000 0.000 0.004 0.013 0.012 0.011 0.011 0.015 0.010 0.042 0.104 0.108 0.088 0.129 0.130 0.125 0.068 0.270 0.100 0.103 0.155 0.104 0.198 0.158 0.496 0.267 0.105 0.067 0.032 0.013 0.003 -0.010 -0.086 -0.128 -0.026 0.001 0.007 -0.052 -0.013 0.015 -0.078 -0.039 -0.006 0.011 0.016 0.037 0.118 0.128 0.077 0.059 0.049 0.065 0.050 0.055 0.046 0.113 0.136 0.116 0.101 0.063 0.105 0.156 0.128 0.102 0.127
0.000 0.000 0.000 0.000 0.000 0.000 -0.000 -0.000 0.000 0.007 0.011 0.001 0.000 0.001 0.007 0.003 0.007 0.011 0.024 0.017 0.036 0.081 0.072 0.103 0.121 0.122 0.116 0.080 0.247 0.074 0.029 0.112 0.165 0.194 0.129 0.114 0.355 0.327 0.084 0.019 0.029 0.022 -0.039 -0.101 -0.047 -0.043 -0.052 -0.031 -0.005 0.010 0.003 0.019 -0.014 0.004 0.006 0.014 0.029 0.128 0.191 0.064 0.083 0.060 0.075 0.054 0.057 0.048 0.094 0.104 0.104 0.123 0.089 0.109 0.151 0.145 0.107 0.102
0.000 0.000 0.000 0.000 0.000 0.000 0.000 0.000 0.000 -0.000 0.004 0.009 0.007 0.000 -0.002 0.004 0.012 0.012 0.015 0.016 0.028 0.044 0.068 0.103 0.116 0.124 0.105 0.084 0.230 0.103 0.018 0.013 0.105 0.295 0.079 0.085 0.133 0.134 0.145 0.122 0.037 0.028 0.055 0.018 0.011 -0.004 -0.008 0.001 0.009 -0.015 -0.056 -0.011 0.018 0.044 0.044 0.021 0.027 0.066 0.101 0.064 0.068 0.127 0.135 0.073 0.063 0.054 0.081 0.082 0.092 0.118 0.151 0.101 0.130 0.198 0.107 0.105
0.000 0.000 0.000 0.000 0.000 0.000 0.000 0.000 0.000 0.000 0.000 0.000 0.002 0.005 0.005 0.006 0.009 0.007 0.004 0.013 0.019 0.043 0.035 0.101 0.111 0.120 0.108 0.084 0.178 0.124 0.028 0.027 0.135 0.308 0.042 0.044 0.050 0.140 0.098 0.134 0.039 0.028 0.149 0.031 0.037 0.027 0.012 0.002 -0.007 -0.137 -0.052 0.002 0.013 0.018 0.039 0.067 0.035 0.048 0.180 0.077 0.058 0.104 0.051 0.034 0.115 0.149 0.088 0.078 0.105 0.118 0.191 0.100 0.119 0.181 0.103 0.119
0.000 0.000 0.000 0.000 0.000 0.000 0.000 0.000 0.000 0.000 0.000 0.000 0.000 0.000 -0.000 0.007 -0.002 0.001 0.008 0.014 0.024 0.026 0.009 0.081 0.113 0.079 0.146 0.078 0.182 0.163 0.025 0.029 0.087 0.227 0.130 0.031 0.040 0.079 0.108 0.104 0.073 0.055 0.029 0.041 0.031 0.003 0.008 -0.021 -0.041 0.003 0.043 0.026 0.022 0.015 0.031 0.033 0.051 0.066 0.166 0.104 0.060 0.086 0.050 0.036 0.088 0.216 0.077 0.074 0.081 0.138 0.159 0.114 0.143 0.184 0.070 0.066
0.000 0.000 0.000 0.000 0.000 0.000 0.000 0.000 0.000 0.000 0.000 0.000 0.000 0.000 0.000 0.000 0.000 0.000 0.008 0.012 0.015 0.028 0.015 0.063 0.076 0.058 0.175 0.077 0.151 0.176 0.009 -0.019 0.058 0.222 0.102 0.031 0.083 0.097 0.099 0.110 0.071 0.017 0.006 -0.004 -0.001 0.002 -0.007 0.011 -0.001 0.017 0.041 0.040 0.075 0.069 0.063 0.040 0.050 0.070 0.095 0.038 0.139 0.167 0.053 0.036 0.058 0.221 0.069 0.090 0.079 0.160 0.079 0.120 0.095 0.165 0.145 0.071
0.000 0.000 0.000 0.000 0.000 0.000 0.000 0.000 0.000 0.000 0.000 0.000 0.000 0.000 0.000 0.000 0.000 0.000 0.004 -0.001 0.001 0.032 0.027 0.052 0.028 0.070 0.178 0.066 0.080 0.163 0.027 -0.007 0.030 0.234 0.155 0.037 0.017 0.102 0.088 0.130 0.089 0.053 0.010 -0.015 -0.013 -0.018 -0.015 -0.003 0.005 0.043 0.027 0.025 0.083 0.033 0.089 0.071 0.051 0.112 0.116 0.041 0.118 0.119 0.084 0.064 0.054 0.270 0.054 0.078 0.090 0.180 0.074 0.083 0.086 0.117 0.111 0.111
0.000 0.000 0.000 0.000 0.000 0.000 0.000 0.000 0.000 0.000 0.000 0.000 0.000 0.000 0.000 0.000 0.000 0.000 -0.000 0.000 0.004 0.020 0.035 0.024 0.015 0.055 0.079 0.130 0.076 0.151 0.043 -0.016 -0.027 0.285 0.164 0.067 0.030 0.027 0.104 0.066 0.139 0.065 0.017 -0.002 -0.009 -0.000 0.002 0.001 0.004 0.023 0.051 0.048 0.072 0.035 0.068 0.054 0.044 0.132 0.154 0.055 0.073 0.116 0.129 0.057 0.063 0.202 0.065 0.064 0.196 0.121 0.080 0.077 0.086 0.102 0.105 0.088
0.000 0.000 0.000 0.000 0.000 0.000 0.000 0.000 0.000 0.000 0.000 0.000 0.000 0.000 0.000 0.000 0.000 0.000 0.000 0.000 0.004 0.019 0.018 0.020 0.016 0.017 0.076 0.100 0.072 0.087 0.081 -0.031 -0.006 0.338 0.140 0.069 0.040 0.025 0.089 0.064 0.028 0.043 0.032 0.059 0.052 0.023 0.019 0.026 0.013 0.025 0.039 0.054 0.057 0.035 0.080 0.068 0.056 0.106 0.100 0.115 0.079 0.099 0.163 0.047 0.061 0.178 0.047 0.097 0.205 0.103 0.058 0.060 0.103 0.085 0.090 0.069
0.000 0.000 0.000 0.000 0.000 0.000 0.000 0.000 0.000 0.000 0.000 0.000 0.000 0.000 0.000 0.000 0.000 0.000 0.000 0.000 0.000 0.007 0.006 0.014 0.018 0.027 0.044 0.017 0.062 0.072 0.168 0.012 0.007 0.162 0.285 0.066 0.046 0.031 0.010 0.102 0.033 0.050 0.048 0.038 0.081 0.038 0.010 0.015 0.039 0.032 0.038 0.050 0.049 0.038 0.073 0.068 0.068 0.100 0.079 0.117 0.117 0.069 0.148 0.078 0.068 0.188 0.044 0.133 0.138 0.122 0.051 0.053 0.073 0.075 0.084 0.034
0.000 0.000 0.000 0.000 0.000 0.000 0.000 0.000 0.000 0.000 0.000 0.000 0.000 0.000 0.000 0.000 0.000 0.000 0.000 0.000 0.000 0.000 0.000 0.000 0.025 0.024 0.016 0.013 0.054 0.054 0.161 0.063 0.010 0.149 0.277 0.084 0.047 0.046 0.024 0.103 0.028 0.045 0.049 0.040 0.065 0.066 0.009 0.015 0.032 0.010 0.047 0.060 0.049 0.039 0.075 0.039 0.036 0.065 0.108 0.111 0.066 0.070 0.080 0.092 0.193 0.229 0.044 0.172 0.101 0.069 0.052 0.078 0.055 0.065 0.107 0.003
0.000 0.000 0.000 0.000 0.000 0.000 0.000 0.000 0.000 0.000 0.000 0.000 0.000 0.000 0.000 0.000 0.000 0.000 0.000 0.000 0.000 0.000 0.000 0.000 0.014 0.004 0.006 0.012 0.035 0.051 0.153 0.092 0.015 0.139 0.176 0.211 0.024 0.027 0.029 0.056 0.041 0.081 0.087 0.045 0.065 0.081 0.006 0.016 0.035 0.002 0.009 0.089 0.046 0.052 0.068 0.025 0.032 0.053 0.069 0.139 0.052 0.070 0.091 0.081 0.194 0.097 0.151 0.236 0.113 0.064 0.060 0.051 0.060 0.060 0.038 0.025
0.000 0.000 0.000 0.000 0.000 0.000 0.000 0.000 0.000 0.000 0.000 0.000 0.000 0.000 0.000 0.000 0.000 0.000 0.000 0.000 0.000 0.000 0.000 0.000 0.005 -0.004 -0.000 -0.000 0.052 0.062 0.138 0.058 0.034 0.072 0.053 0.186 0.048 0.050 0.077 0.095 0.015 0.007 0.175 0.161 0.058 0.052 0.027 0.037 0.045 0.002 0.008 0.060 0.061 0.070 0.049 0.024 0.037 0.057 0.069 0.123 0.039 0.068 0.079 0.122 0.176 0.094 0.184 0.203 0.120 0.063 0.077 0.047 0.043 0.058 0.022 0.013
0.000 0.000 0.000 0.000 0.000 0.000 0.000 0.000 0.000 0.000 0.000 0.000 0.000 0.000 0.000 0.000 0.000 0.000 0.000 0.000 0.000 0.000 0.000 0.001 0.001 -0.001 0.000 0.002 0.040 0.107 0.069 0.029 0.045 0.045 0.075 0.171 0.052 0.043 0.028 0.213 0.016 0.016 0.036 0.291 0.043 0.032 0.039 0.052 0.050 0.013 0.014 0.049 0.074 0.054 0.047 0.022 0.047 0.067 0.071 0.107 0.029 0.034 0.102 0.206 0.109 0.103 0.206 0.225 0.090 0.066 0.084 0.048 0.016 0.055 0.007 0.001
