Data/res-0210.wd
ncols         433
nrows         491
xllcorner     1194560.000000
yllcorner     -584471.000000
cellsize      25.000000
NODATA_value  -9999.000000
[rows 204 to 237 of 491, columns 77 to 153 of 433]
0.075 0.061 0.025 0.033 0.021 0.030 0.045 0.026 0.010 0.019 0.037 0.037 0.020 0.028 0.075 0.065 0.049 0.030 0.039 0.028 0.031 0.037 0.046 0.057 0.052 0.036 0.049 0.042 0.044 0.054 0.022 0.039 0.076 0.030 0.008 0.007 0.007 0.003 0.004 0.002 0.007 0.004 0.001 0.001 0.001 0.001 0.001 0.001 0.001 0.004 0.003 0.007 0.006 0.004 0.007 0.034 0.018 0.010 0.001 0.001 0.001 0.001 0.003 0.001 0.000 0.000 0.000 0.000 0.000 0.000 0.000 0.000 0.000 0.000 0.000 0.000 0.000
0.025 0.041 0.016 0.039 0.023 0.017 0.040 0.033 0.010 0.008 0.009 0.026 0.045 0.051 0.065 0.041 0.030 0.023 0.032 0.037 0.061 0.041 0.032 0.059 0.054 0.033 0.045 0.034 0.041 0.067 0.037 0.042 0.049 0.045 0.016 0.004 0.008 0.024 0.004 0.003 0.007 0.008 0.001 0.001 0.001 0.003 0.001 0.001 0.007 0.007 0.005 0.005 0.009 0.003 0.011 0.033 0.013 0.001 0.001 0.007 0.001 0.001 0.001 0.001 0.000 0.000 0.000 0.000 0.000 0.000 0.000 0.000 0.000 0.000 0.000 0.000 0.000
0.012 0.040 0.031 0.044 0.018 0.005 0.028 0.042 0.026 0.015 0.013 0.034 0.042 0.018 0.045 0.047 0.022 0.034 0.038 0.067 0.050 0.036 0.034 0.063 0.065 0.043 0.045 0.030 0.026 0.058 0.055 0.042 0.040 0.061 0.030 0.008 0.009 0.008 0.010 0.014 0.011 0.009 0.004 0.015 0.005 0.001 0.001 0.001 0.010 0.010 0.002 0.005 0.001 0.003 0.019 0.013 0.001 0.001 0.001 0.001 0.001 0.001 0.001 0.001 0.000 0.000 0.000 0.000 0.000 0.000 0.000 0.000 0.000 0.000 0.000 0.000 0.000
0.020 0.023 0.036 0.051 0.010 0.019 0.018 0.021 0.034 0.032 0.016 0.016 0.030 0.024 0.052 0.046 0.055 0.064 0.058 0.055 0.057 0.044 0.050 0.050 0.072 0.059 0.043 0.044 0.021 0.058 0.076 0.040 0.030 0.039 0.052 0.050 0.028 0.029 0.056 0.060 0.015 0.019 0.031 0.027 0.004 0.003 0.005 0.045 0.047 0.005 0.001 0.004 0.001 0.005 0.028 0.013 0.002 0.001 0.001 0.001 0.001 0.001 0.001 0.001 0.001 0.000 0.000 0.000 0.000 0.000 0.000 0.000 0.000 0.000 0.000 0.000 0.000
0.053 0.039 0.031 0.034 0.024 0.034 0.015 0.020 0.028 0.051 0.024 0.034 0.029 0.021 0.059 0.049 0.041 0.034 0.016 0.006 0.044 0.060 0.048 0.049 0.047 0.072 0.049 0.031 0.023 0.050 0.081 0.062 0.031 0.041 0.074 0.068 0.061 0.070 0.073 0.065 0.062 0.044 0.012 0.011 0.016 0.028 0.041 0.049 0.030 0.015 0.001 0.010 0.007 0.003 0.023 0.006 0.004 0.003 0.001 0.001 0.001 0.001 0.005 0.001 0.001 0.001 0.000 0.000 0.000 0.000 0.000 0.000 0.000 0.000 0.000 0.000 0.000
0.031 0.035 0.049 0.013 0.034 0.054 0.028 0.027 0.040 0.067 0.079 0.018 0.012 0.026 0.051 0.057 0.034 0.031 0.039 0.013 0.031 0.035 0.053 0.071 0.063 0.098 0.050 0.035 0.025 0.071 0.094 0.042 0.047 0.065 0.062 0.028 0.029 0.022 0.027 0.005 0.019 0.044 0.038 0.052 0.093 0.062 0.057 0.053 0.023 0.028 0.015 0.018 0.003 0.013 0.029 0.007 0.005 0.009 0.004 0.001 0.001 0.001 0.001 0.001 0.001 0.001 0.000 0.000 0.000 0.000 0.000 0.000 0.000 0.000 0.000 0.000 0.000
0.026 0.047 0.026 0.044 0.041 0.019 0.029 0.038 0.055 0.043 0.087 0.059 0.037 0.007 0.052 0.102 0.088 0.039 0.089 0.063 0.057 0.071 0.112 0.080 0.068 0.107 0.109 0.100 0.120 0.139 0.097 0.061 0.070 0.120 0.075 0.044 0.024 0.027 0.026 0.017 0.032 0.046 0.041 0.038 0.079 0.044 0.052 0.053 0.004 0.001 0.015 0.029 0.004 0.012 0.023 0.015 0.006 0.007 0.005 0.004 0.002 0.001 0.001 0.001 0.003 0.001 0.001 0.001 0.000 0.000 0.000 0.000 0.000 0.000 0.000 0.000 0.000
0.094 0.082 0.015 0.012 0.016 0.043 0.057 0.071 0.091 0.092 0.129 0.105 0.103 0.080 0.076 0.065 0.125 0.100 0.082 0.091 0.055 0.065 0.036 0.064 0.110 0.162 0.127 0.089 0.095 0.090 0.071 0.072 0.089 0.104 0.065 0.046 0.036 0.046 0.042 0.041 0.042 0.049 0.048 0.032 0.047 0.043 0.034 0.054 0.021 0.001 0.000 0.001 0.002 0.011 0.008 0.005 0.011 0.006 0.008 0.011 0.003 0.001 0.001 0.001 0.001 0.001 0.001 0.001 0.000 0.000 0.000 0.000 0.000 0.000 0.000 0.000 0.000
0.173 0.144 0.039 0.037 0.030 0.068 0.071 0.059 0.044 0.029 0.012 0.001 0.021 0.050 0.110 0.094 0.039 0.090 0.124 0.116 0.077 0.057 0.090 0.129 0.105 0.104 0.152 0.109 0.090 0.100 0.093 0.079 0.125 0.077 0.045 0.035 0.037 0.039 0.049 0.057 0.058 0.060 0.053 0.037 0.065 0.038 0.013 0.037 0.035 0.026 0.001 0.001 0.001 0.001 0.006 0.005 0.003 0.007 0.005 0.011 0.001 0.001 0.001 0.001 0.001 0.001 0.001 0.001 0.004 0.001 0.000 0.000 0.000 0.000 0.000 0.000 0.000
0.057 0.122 0.165 0.133 0.096 0.051 0.012 0.008 0.010 0.018 0.044 0.027 0.040 0.100 0.139 0.192 0.142 0.070 0.106 0.143 0.109 0.069 0.080 0.096 0.089 0.135 0.176 0.150 0.107 0.074 0.057 0.113 0.135 0.120 0.072 0.038 0.045 0.063 0.054 0.048 0.067 0.053 0.047 0.063 0.048 0.061 0.015 0.028 0.038 0.023 0.050 0.017 0.003 0.001 0.001 0.001 0.006 0.002 0.005 0.012 0.003 0.001 0.004 0.006 0.004 0.001 0.001 0.001 0.000 0.001 0.000 0.000 0.000 0.000 0.000 0.000 0.000
0.081 0.063 0.064 0.106 0.131 0.090 0.103 0.105 0.063 0.035 0.055 0.057 0.031 0.008 0.042 0.080 0.175 0.176 0.155 0.196 0.141 0.095 0.081 0.122 0.172 0.168 0.121 0.072 0.094 0.115 0.120 0.089 0.055 0.110 0.086 0.042 0.033 0.036 0.069 0.055 0.050 0.041 0.070 0.077 0.044 0.062 0.058 0.038 0.049 0.020 0.054 0.028 0.032 0.005 0.001 0.001 0.001 0.001 0.020 0.020 0.037 0.009 0.012 0.004 0.001 0.003 0.001 0.001 0.001 0.001 0.001 0.001 0.001 0.000 0.000 0.000 0.000
0.072 0.028 0.066 0.069 0.057 0.101 0.082 0.068 0.078 0.120 0.116 0.117 0.125 0.063 0.046 0.041 0.050 0.052 0.096 0.083 0.161 0.254 0.161 0.129 0.121 0.107 0.089 0.075 0.135 0.101 0.087 0.069 0.072 0.171 0.055 0.044 0.065 0.070 0.082 0.064 0.042 0.061 0.055 0.061 0.048 0.079 0.048 0.052 0.020 0.023 0.015 0.018 0.022 0.053 0.010 0.010 0.001 0.007 0.013 0.001 0.015 0.020 0.024 0.015 0.024 0.003 0.001 0.001 0.001 0.001 0.001 0.001 0.001 0.001 0.001 0.000 0.000
0.043 0.038 0.091 0.027 0.054 0.063 0.021 0.039 0.010 0.029 0.038 0.016 0.045 0.113 0.116 0.059 0.023 0.047 0.103 0.164 0.199 0.162 0.074 0.063 0.058 0.065 0.105 0.155 0.125 0.087 0.134 0.133 0.129 0.149 0.103 0.061 0.072 0.041 0.049 0.069 0.038 0.045 0.095 0.070 0.052 0.077 0.033 0.088 0.048 0.022 0.014 0.022 0.027 0.056 0.079 0.043 0.028 0.042 0.018 0.017 0.017 0.001 0.001 0.001 0.006 0.016 0.011 0.001 0.001 0.001 0.001 0.001 0.009 0.001 0.001 0.001 0.000
0.055 0.044 0.072 0.056 0.108 0.041 0.039 0.046 0.017 0.031 0.015 0.020 0.040 0.059 0.096 0.149 0.109 0.161 0.149 0.105 0.073 0.041 0.124 0.106 0.080 0.128 0.197 0.116 0.098 0.101 0.116 0.137 0.079 0.085 0.152 0.072 0.086 0.050 0.031 0.040 0.072 0.115 0.081 0.087 0.050 0.056 0.046 0.061 0.096 0.072 0.059 0.056 0.065 0.038 0.034 0.051 0.087 0.032 0.016 0.003 0.019 0.007 0.007 0.001 0.001 0.003 0.005 0.001 0.001 0.001 0.001 0.001 0.001 0.010 0.001 0.000 0.000
0.089 0.087 0.104 0.102 0.075 0.027 0.060 0.034 0.019 0.039 0.018 0.003 0.051 0.104 0.086 0.083 0.091 0.076 0.051 0.013 0.066 0.100 0.146 0.127 0.135 0.144 0.062 0.056 0.047 0.114 0.086 0.063 0.057 0.121 0.125 0.105 0.110 0.089 0.103 0.069 0.099 0.069 0.073 0.103 0.042 0.032 0.061 0.087 0.070 0.083 0.097 0.056 0.011 0.037 0.029 0.013 0.034 0.070 0.038 0.050 0.036 0.030 0.040 0.001 0.001 0.009 0.008 0.001 0.007 0.001 0.005 0.015 0.012 0.018 0.013 0.001 0.001
0.084 0.088 0.049 0.074 0.057 0.096 0.054 0.024 0.026 0.016 0.043 0.045 0.122 0.066 0.034 0.034 0.067 0.067 0.096 0.116 0.114 0.076 0.055 0.024 0.052 0.086 0.030 0.048 0.045 0.101 0.119 0.045 0.061 0.122 0.040 0.044 0.070 0.020 0.080 0.052 0.089 0.045 0.052 0.090 0.031 0.054 0.073 0.098 0.017 0.051 0.081 0.044 0.001 0.003 0.011 0.008 0.006 0.063 0.075 0.065 0.031 0.012 0.049 0.047 0.001 0.011 0.015 0.011 0.002 0.018 0.027 0.032 0.014 0.021 0.007 0.001 0.000
0.093 0.102 0.034 0.087 0.100 0.049 0.015 0.025 0.029 0.015 0.054 0.096 0.068 0.039 0.022 0.084 0.066 0.034 0.066 0.030 0.013 0.028 0.007 0.015 0.028 0.043 0.025 0.017 0.053 0.096 0.072 0.054 0.075 0.083 0.025 0.039 0.055 0.048 0.061 0.036 0.106 0.059 0.025 0.097 0.022 0.021 0.036 0.076 0.001 0.037 0.037 0.001 0.000 0.001 0.001 0.006 0.027 0.047 0.037 0.055 0.015 0.001 0.001 0.044 0.049 0.030 0.013 0.010 0.018 0.024 0.027 0.025 0.021 0.016 0.005 0.001 0.002
0.197 0.109 0.100 0.158 0.101 0.040 0.032 0.068 0.048 0.018 0.075 0.080 0.026 0.013 0.064 0.078 0.025 0.004 0.001 0.001 0.001 0.000 0.000 0.001 0.001 0.002 0.001 0.001 0.001 0.048 0.029 0.040 0.065 0.110 0.066 0.074 0.033 0.038 0.044 0.050 0.089 0.075 0.055 0.113 0.030 0.001 0.058 0.057 0.031 0.045 0.008 0.001 0.000 0.001 0.001 0.001 0.003 0.008 0.021 0.024 0.034 0.006 0.014 0.016 0.052 0.054 0.041 0.029 0.018 0.025 0.026 0.029 0.026 0.022 0.019 0.010 0.017
0.117 0.159 0.149 0.112 0.094 0.133 0.104 0.052 0.001 0.007 0.103 0.023 0.006 0.015 0.076 0.034 0.002 0.000 0.000 0.000 0.000 0.000 0.000 0.000 0.000 0.000 0.000 0.000 0.001 0.021 0.010 0.038 0.057 0.077 0.048 0.072 0.048 0.050 0.040 0.020 0.069 0.058 0.025 0.042 0.044 0.001 0.056 0.022 0.045 0.066 0.005 0.001 0.000 0.001 0.001 0.001 0.001 0.013 0.009 0.006 0.039 0.033 0.010 0.019 0.027 0.014 0.028 0.015 0.021 0.018 0.009 0.024 0.012 0.009 0.007 0.001 0.081
0.129 0.100 0.133 0.058 0.049 0.074 0.097 0.041 0.006 0.033 0.067 0.017 0.010 0.089 0.074 0.012 0.001 0.000 0.000 0.000 0.000 0.000 0.000 0.000 0.000 0.000 0.000 0.000 0.000 0.001 0.001 0.033 0.043 0.071 0.033 0.070 0.053 0.044 0.057 0.036 0.034 0.055 0.022 0.028 0.085 0.016 0.033 0.014 0.048 0.030 0.006 0.001 0.001 0.001 0.001 0.001 0.001 0.018 0.004 0.004 0.024 0.011 0.019 0.009 0.012 0.001 0.015 0.007 0.005 0.019 0.034 0.027 0.010 0.004 0.001 0.000 0.252
0.089 0.111 0.159 0.154 0.154 0.069 0.019 0.055 0.058 0.099 0.054 0.030 0.055 0.130 0.019 0.001 0.000 0.000 0.000 0.000 0.000 0.000 0.000 0.000 0.000 0.000 0.000 0.000 0.000 0.001 0.002 0.027 0.023 0.036 0.036 0.056 0.078 0.038 0.041 0.042 0.029 0.033 0.024 0.043 0.061 0.067 0.031 0.039 0.049 0.017 0.007 0.001 0.001 0.001 0.001 0.001 0.001 0.025 0.004 0.015 0.028 0.009 0.001 0.001 0.011 0.011 0.031 0.008 0.039 0.015 0.024 0.022 0.019 0.011 0.001 0.000 0.550
0.050 0.145 0.080 0.030 0.071 0.136 0.054 0.063 0.123 0.049 0.026 0.029 0.116 0.071 0.009 0.001 0.000 0.000 0.000 0.000 0.000 0.000 0.000 0.000 0.000 0.000 0.000 0.000 0.000 0.001 0.001 0.015 0.020 0.032 0.032 0.046 0.084 0.074 0.055 0.046 0.023 0.029 0.031 0.056 0.037 0.083 0.021 0.010 0.064 0.024 0.002 0.012 0.001 0.001 0.001 0.001 0.004 0.013 0.009 0.010 0.031 0.008 0.001 0.001 0.018 0.016 0.011 0.025 0.016 0.010 0.028 0.020 0.014 0.012 0.001 0.001 1.065
0.067 0.147 0.075 0.021 0.026 0.126 0.067 0.078 0.094 0.024 0.017 0.052 0.108 0.009 0.001 0.000 0.000 0.000 0.000 0.000 0.000 0.000 0.000 0.000 0.000 0.000 0.000 0.000 0.000 0.001 0.005 0.012 0.015 0.018 0.018 0.030 0.043 0.061 0.054 0.056 0.032 0.039 0.060 0.044 0.027 0.067 0.046 0.010 0.073 0.040 0.017 0.016 0.013 0.001 0.006 0.006 0.003 0.012 0.012 0.032 0.051 0.007 0.004 0.001 0.032 0.001 0.001 0.019 0.011 0.022 0.022 0.013 0.010 0.001 0.000 0.033 2.076
0.112 0.185 0.134 0.121 0.073 0.064 0.042 0.136 0.091 0.014 0.025 0.097 0.058 0.013 0.001 0.000 0.000 0.000 0.000 0.000 0.000 0.000 0.000 0.000 0.000 0.000 0.000 0.000 0.000 0.001 0.004 0.005 0.015 0.011 0.017 0.033 0.038 0.067 0.042 0.044 0.049 0.032 0.054 0.061 0.019 0.033 0.063 0.025 0.061 0.026 0.001 0.001 0.010 0.011 0.013 0.047 0.002 0.015 0.009 0.030 0.016 0.015 0.006 0.006 0.027 0.001 0.001 0.007 0.017 0.010 0.009 0.009 0.001 0.000 0.000 0.381 2.452
0.084 0.180 0.101 0.063 0.130 0.153 0.076 0.141 0.105 0.026 0.068 0.061 0.080 0.042 0.001 0.000 0.000 0.000 0.000 0.000 0.000 0.000 0.000 0.000 0.000 0.000 0.000 0.000 0.000 0.003 0.004 0.004 0.010 0.012 0.022 0.031 0.031 0.049 0.058 0.061 0.054 0.021 0.037 0.066 0.018 0.029 0.068 0.007 0.011 0.053 0.017 0.001 0.015 0.016 0.011 0.053 0.006 0.022 0.019 0.030 0.001 0.001 0.017 0.042 0.012 0.001 0.001 0.005 0.015 0.020 0.015 0.001 0.000 0.000 0.000 0.999 2.221
0.045 0.165 0.084 0.025 0.036 0.140 0.149 0.111 0.130 0.068 0.083 0.056 0.030 0.001 0.001 0.000 0.000 0.000 0.000 0.000 0.000 0.000 0.000 0.000 0.000 0.000 0.000 0.000 0.000 0.003 0.004 0.005 0.007 0.016 0.005 0.026 0.034 0.054 0.036 0.057 0.033 0.032 0.032 0.045 0.019 0.030 0.087 0.020 0.006 0.023 0.055 0.001 0.001 0.036 0.001 0.010 0.032 0.024 0.028 0.033 0.001 0.003 0.002 0.013 0.001 0.001 0.001 0.002 0.001 0.021 0.012 0.001 0.000 0.000 0.105 2.186 1.504
0.145 0.193 0.122 0.033 0.047 0.083 0.216 0.123 0.137 0.050 0.087 0.072 0.036 0.001 0.001 0.000 0.000 0.000 0.000 0.000 0.000 0.000 0.000 0.000 0.000 0.000 0.000 0.000 0.001 0.002 0.004 0.011 0.008 0.010 0.003 0.017 0.030 0.062 0.043 0.052 0.031 0.025 0.039 0.054 0.014 0.036 0.091 0.080 0.012 0.013 0.058 0.007 0.001 0.001 0.002 0.016 0.067 0.024 0.001 0.008 0.023 0.003 0.001 0.023 0.001 0.001 0.000 0.001 0.001 0.005 0.001 0.001 0.001 0.000 0.734 2.411 0.356
0.191 0.164 0.138 0.059 0.103 0.172 0.250 0.185 0.175 0.075 0.102 0.065 0.032 0.001 0.000 0.000 0.000 0.000 0.000 0.000 0.000 0.000 0.000 0.000 0.000 0.000 0.000 0.001 0.001 0.001 0.003 0.019 0.029 0.010 0.002 0.013 0.027 0.062 0.038 0.056 0.051 0.027 0.036 0.060 0.024 0.046 0.010 0.049 0.061 0.009 0.028 0.041 0.010 0.001 0.001 0.001 0.024 0.037 0.001 0.005 0.040 0.006 0.006 0.033 0.001 0.001 0.000 0.001 0.002 0.004 0.001 0.001 0.001 0.059 1.964 1.798 0.000
0.123 0.070 0.090 0.210 0.182 0.073 0.123 0.226 0.148 0.086 0.113 0.074 0.034 0.001 0.000 0.000 0.000 0.000 0.000 0.000 0.000 0.000 0.000 0.000 0.000 0.000 0.000 0.001 0.001 0.001 0.003 0.007 0.015 0.005 0.004 0.012 0.025 0.060 0.031 0.055 0.086 0.029 0.057 0.060 0.069 0.032 0.002 0.001 0.028 0.032 0.017 0.014 0.022 0.042 0.005 0.006 0.049 0.080 0.001 0.015 0.007 0.017 0.005 0.006 0.005 0.005 0.003 0.006 0.013 0.005 0.001 0.001 0.001 0.453 2.505 0.777 0.000
0.074 0.078 0.132 0.152 0.089 0.054 0.072 0.249 0.177 0.160 0.087 0.038 0.019 0.001 0.000 0.000 0.000 0.000 0.000 0.000 0.000 0.000 0.000 0.000 0.000 0.000 0.001 0.001 0.004 0.003 0.002 0.011 0.015 0.005 0.006 0.012 0.034 0.035 0.029 0.044 0.039 0.029 0.053 0.004 0.035 0.064 0.002 0.001 0.016 0.025 0.026 0.046 0.009 0.011 0.014 0.035 0.055 0.122 0.027 0.025 0.006 0.023 0.002 0.000 0.000 0.001 0.001 0.001 0.001 0.004 0.008 0.001 0.005 0.753 2.536 0.376 0.000
0.042 0.082 0.108 0.130 0.050 0.070 0.066 0.243 0.313 0.208 0.127 0.096 0.043 0.001 0.000 0.000 0.000 0.000 0.000 0.000 0.000 0.001 0.000 0.000 0.000 0.001 0.001 0.001 0.001 0.000 0.001 0.010 0.014 0.002 0.008 0.011 0.034 0.038 0.024 0.057 0.038 0.021 0.065 0.029 0.030 0.023 0.006 0.009 0.011 0.021 0.022 0.057 0.041 0.012 0.040 0.013 0.012 0.024 0.086 0.092 0.046 0.045 0.001 0.000 0.001 0.001 0.003 0.001 0.002 0.007 0.001 0.001 0.001 0.755 2.445 0.277 0.001
0.053 0.032 0.079 0.048 0.074 0.043 0.105 0.212 0.184 0.340 0.115 0.056 0.015 0.001 0.000 0.000 0.000 0.000 0.000 0.000 0.000 0.001 0.001 0.001 0.000 0.001 0.001 0.001 0.002 0.000 0.010 0.008 0.009 0.002 0.008 0.027 0.019 0.052 0.042 0.054 0.086 0.043 0.045 0.043 0.049 0.023 0.022 0.018 0.042 0.050 0.020 0.026 0.097 0.072 0.091 0.097 0.031 0.033 0.053 0.047 0.073 0.008 0.001 0.000 0.001 0.001 0.000 0.001 0.003 0.003 0.001 0.001 0.001 0.363 2.270 0.477 0.457
0.030 0.015 0.066 0.030 0.058 0.055 0.169 0.196 0.096 0.263 0.227 0.106 0.054 0.001 0.001 0.001 0.001 0.001 0.001 0.000 0.001 0.001 0.001 0.001 0.001 0.001 0.029 0.001 0.003 0.000 0.005 0.017 0.011 0.031 0.018 0.038 0.019 0.041 0.064 0.025 0.067 0.118 0.055 0.093 0.089 0.061 0.044 0.058 0.024 0.001 0.001 0.013 0.046 0.097 0.084 0.148 0.071 0.027 0.062 0.033 0.072 0.020 0.001 0.001 0.001 0.001 0.001 0.001 0.001 0.003 0.005 0.001 0.001 0.081 2.071 0.578 0.006
0.001 0.001 0.063 0.003 0.058 0.102 0.166 0.145 0.127 0.136 0.314 0.150 0.082 0.022 0.001 0.001 0.001 0.001 0.001 0.001 0.001 0.005 0.001 0.001 0.001 0.001 0.001 0.005 0.001 0.002 0.005 0.016 0.001 0.010 0.023 0.017 0.037 0.088 0.063 0.022 0.035 0.140 0.111 0.091 0.027 0.001 0.001 0.001 0.001 0.007 0.001 0.001 0.012 0.032 0.063 0.111 0.091 0.063 0.042 0.026 0.034 0.036 0.019 0.001 0.001 0.001 0.002 0.001 0.001 0.002 0.002 0.008 0.014 0.000 1.981 1.458 0.017
