Data/res-0030.Qx
ncols         434
nrows         491
xllcorner     1194547.500000
yllcorner     -584471.000000
cellsize      25.000000
NODATA_value  -9999.000000
[rows 204 to 237 of 491, columns 154 to 230 of 434]
0.000 0.000 0.000 0.000 0.000 0.000 0.000 -0.003 -0.163 -2.724 0.000 0.000 0.000 0.000 0.000 0.000 0.000 0.000 0.000 0.000 0.000 0.000 0.000 0.000 0.000 0.000 0.000 0.000 0.003 0.002 0.002 0.001 0.000 0.000 0.000 0.000 0.000 0.000 0.000 0.000 0.000 0.000 0.000 0.000 0.000 0.000 0.000 0.000 0.000 0.000 0.000 0.000 0.000 0.000 0.000 0.000 0.000 0.000 0.000 0.000 0.000 0.000 0.000 0.000 0.000 0.000 0.000 0.003 0.034 0.110 0.025 0.036 0.010 0.045 0.069 0.055 0.026
0.000 0.000 0.000 0.000 0.000 0.000 0.000 -0.003 -15.005 -0.002 0.000 0.000 0.000 0.000 0.000 0.000 0.000 0.000 0.000 0.000 0.000 0.000 0.000 0.000 0.000 0.000 0.000 0.003 0.003 0.003 0.002 0.001 0.000 0.000 0.000 0.000 0.000 0.000 0.000 0.000 0.000 0.000 0.000 0.000 0.000 0.000 0.000 0.000 0.000 0.000 0.000 0.000 0.000 0.000 0.000 0.000 0.000 0.000 0.000 0.000 0.000 0.000 0.000 0.000 0.000 -0.000 0.002 0.000 0.014 0.003 0.005 0.027 0.027 0.021 0.097 0.095 0.033
0.000 0.000 0.000 0.000 0.000 0.000 0.000 -0.019 -1.430 0.000 0.000 0.000 0.000 0.000 0.000 0.000 0.000 0.000 0.000 0.000 0.000 0.000 0.000 0.000 0.000 0.000 0.004 0.004 0.004 0.003 0.002 0.002 0.001 0.000 0.000 0.000 0.000 0.000 0.000 0.000 0.000 0.000 0.000 0.000 0.000 0.000 0.000 0.000 0.000 0.000 0.000 0.000 0.000 0.000 0.000 0.000 0.000 0.000 0.000 0.000 -0.000 0.000 0.000 0.000 -0.000 0.003 0.001 0.001 0.013 -0.006 0.039 0.043 0.040 0.045 0.055 0.131 0.065
0.000 0.000 0.000 0.000 0.000 0.000 0.000 -0.188 -0.013 0.000 0.000 0.000 0.000 0.000 0.000 0.000 0.000 0.000 0.000 0.000 0.000 0.000 0.000 0.000 0.000 0.003 0.003 0.004 0.005 0.004 0.003 0.002 0.001 0.000 0.000 0.000 0.000 0.000 0.000 0.000 0.000 0.000 0.000 0.000 0.000 0.000 0.000 0.000 0.000 0.000 0.000 0.000 0.000 0.000 0.000 0.000 -0.000 0.000 0.000 0.000 0.000 0.000 0.000 0.000 0.000 0.000 0.000 0.000 0.017 0.013 0.001 0.042 0.080 0.065 0.057 0.088 0.057
0.000 0.000 0.000 0.000 0.000 0.000 0.000 -1.002 -0.007 0.000 0.000 0.000 0.000 0.000 0.000 0.000 0.000 0.000 0.000 0.000 0.000 0.000 0.000 0.000 0.000 0.001 0.003 0.004 0.005 0.005 0.004 0.003 0.001 0.001 0.000 0.000 0.000 0.000 0.000 0.000 0.000 0.000 0.000 0.000 0.000 0.000 0.000 0.000 0.000 0.000 0.000 0.000 0.000 0.000 0.000 0.000 0.000 -0.000 0.000 0.000 0.000 0.007 0.007 0.007 0.007 0.002 0.009 0.021 0.001 0.011 0.015 -0.012 0.066 0.111 0.209 0.021 0.027
0.000 0.000 0.000 0.000 0.000 0.000 0.000 -3.219 0.000 0.000 0.000 0.000 0.000 0.000 0.000 0.000 0.000 0.000 0.000 0.000 0.000 0.000 0.000 0.000 0.005 0.006 0.004 0.005 0.005 0.007 0.007 0.006 0.003 0.001 0.000 0.000 0.000 0.000 0.000 0.000 0.000 0.000 0.000 0.000 0.000 0.000 0.000 0.000 0.000 0.000 0.000 0.000 0.000 0.000 0.000 0.000 0.000 0.000 0.002 0.005 0.008 0.000 0.000 0.000 0.000 0.005 0.003 0.028 0.015 0.046 0.039 0.034 0.038 0.023 0.044 0.023 0.081
0.000 0.000 0.000 0.000 0.000 0.000 -0.012 -12.124 0.000 0.000 0.000 0.000 0.000 0.000 0.000 0.000 0.000 0.000 0.000 0.000 0.000 0.000 0.000 0.005 0.005 0.011 0.011 0.009 0.007 0.013 0.015 0.015 0.015 0.008 0.002 0.000 0.000 0.000 0.000 0.000 0.000 0.000 0.000 0.000 0.000 0.000 0.000 0.000 0.000 0.000 0.000 0.000 0.000 0.000 0.000 0.000 0.000 0.000 0.002 0.002 0.000 0.000 0.000 0.000 0.000 0.002 0.028 0.020 0.016 0.026 0.018 0.020 0.018 0.019 0.160 0.177 0.151
0.000 0.000 0.000 0.000 0.000 -0.052 -16.295 -0.074 0.000 0.000 0.000 0.000 0.000 0.000 0.000 0.000 0.000 0.000 0.000 0.000 0.000 0.000 0.000 0.006 0.016 0.017 0.023 0.023 0.025 0.028 0.033 0.032 0.024 0.012 0.005 0.000 0.000 0.000 0.000 0.000 0.000 0.000 0.000 0.000 0.000 0.000 0.000 0.000 0.000 0.000 0.000 0.000 -0.000 0.000 0.000 0.000 0.000 0.000 0.007 0.004 0.000 0.000 0.000 0.004 0.017 0.023 0.013 0.015 0.085 0.036 0.072 0.045 0.034 0.079 0.032 0.036 0.034
0.000 0.000 0.000 0.000 -0.192 -16.580 -0.324 0.000 0.000 0.000 0.000 0.000 0.000 0.000 0.000 0.000 0.000 0.000 0.000 0.000 0.000 0.000 0.007 0.009 0.018 0.018 0.024 0.035 0.039 0.038 0.041 0.049 0.046 0.042 0.026 0.021 0.019 0.015 0.011 0.002 0.000 0.000 0.000 0.000 0.000 0.000 0.000 0.000 0.000 0.000 -0.000 0.000 0.000 0.007 0.000 0.000 0.000 0.008 0.000 0.000 0.003 0.003 0.002 0.001 0.017 0.012 0.007 0.040 0.026 0.030 0.046 0.078 0.105 0.072 0.023 0.065 0.053
0.000 0.000 0.000 -0.168 -16.440 0.000 0.000 0.000 0.000 0.000 0.000 0.000 0.000 0.000 0.000 0.000 0.000 0.000 0.000 0.000 0.000 0.008 0.013 0.029 0.041 0.051 0.050 0.051 0.054 0.058 0.065 0.059 0.053 0.051 0.060 0.058 0.053 0.036 0.024 0.015 0.006 0.006 0.004 0.000 0.000 0.000 0.000 0.000 0.000 0.000 0.000 0.000 0.021 0.023 0.000 0.000 0.000 0.012 0.009 0.002 0.001 0.002 0.011 0.009 0.027 0.040 0.053 0.052 0.050 0.066 0.055 0.049 0.063 0.061 -0.006 0.041 0.022
0.000 0.000 -0.000 -16.431 0.000 0.000 0.000 0.000 0.000 0.000 0.000 0.000 0.000 0.000 0.000 0.000 0.000 0.000 0.000 0.000 0.002 0.009 0.026 0.055 0.064 0.059 0.057 0.063 0.075 0.079 0.055 0.051 0.051 0.037 0.031 0.028 0.025 0.032 0.024 0.021 0.000 0.000 0.009 0.000 0.000 0.000 0.000 0.000 0.000 0.000 0.000 0.002 0.039 0.060 0.091 0.097 0.121 0.104 0.113 0.127 0.127 0.126 0.105 0.073 0.040 0.036 0.026 0.054 0.070 0.087 0.080 0.054 0.077 0.113 0.031 0.071 0.075
0.000 0.000 -1.401 -0.032 0.000 0.000 0.000 0.000 0.000 0.000 0.000 0.000 0.000 0.000 0.000 0.000 0.000 0.000 0.000 0.000 0.006 0.030 0.054 0.063 0.092 0.091 0.092 0.094 0.099 0.089 0.084 0.067 0.057 0.043 0.058 0.064 0.057 0.051 0.045 0.031 0.038 0.019 0.010 0.018 0.000 0.000 0.000 0.000 0.000 0.001 0.063 0.067 0.027 -0.004 -0.005 0.006 -0.001 0.009 0.019 0.027 0.022 0.026 0.033 0.075 0.054 0.038 0.028 0.053 0.078 0.066 0.068 0.109 0.147 0.125 0.143 0.094 0.089
0.000 0.000 -14.069 0.000 0.000 0.000 0.000 0.000 0.000 0.000 0.000 0.000 0.000 0.000 0.000 0.000 0.000 0.000 0.000 0.004 0.024 0.033 0.043 0.053 0.047 0.057 0.077 0.097 0.095 0.100 0.098 0.076 0.080 0.100 0.098 0.081 0.089 0.073 0.055 0.062 0.053 0.061 0.023 0.021 0.030 0.028 0.029 0.032 0.076 0.078 0.025 0.017 -0.000 -0.000 0.000 0.016 0.004 0.033 0.020 0.037 0.079 0.086 0.100 0.058 0.057 0.056 0.119 0.089 0.070 0.070 0.087 0.160 0.154 0.159 0.175 0.204 0.240
0.000 -0.002 -1.030 0.000 0.000 0.000 0.000 0.000 0.000 0.000 0.000 0.000 0.000 0.000 0.000 0.000 0.000 0.000 0.000 0.009 0.023 0.042 0.079 0.067 0.087 0.120 0.133 0.136 0.134 0.120 0.110 0.110 0.088 0.086 0.086 0.097 0.082 0.066 0.054 0.049 0.019 0.015 0.016 0.019 0.022 0.024 0.037 0.043 0.004 0.003 0.000 0.000 0.000 0.000 0.058 0.083 0.115 0.124 0.127 0.098 0.055 0.038 0.041 0.105 0.120 0.106 0.108 0.129 0.077 0.072 0.077 0.125 0.255 0.384 0.458 0.317 0.312
0.000 -0.123 -0.123 0.000 0.000 0.000 0.000 0.000 0.000 0.000 0.000 0.000 0.000 0.000 0.000 0.000 0.000 0.000 0.001 0.008 0.016 0.026 0.043 0.048 0.077 0.085 0.092 0.098 0.115 0.131 0.134 0.137 0.093 0.090 0.085 0.078 0.069 0.068 0.075 0.070 0.060 0.034 0.029 0.027 0.025 0.040 0.028 0.019 0.011 0.007 0.000 0.000 0.000 0.050 0.098 0.113 0.130 0.104 0.104 0.093 0.083 0.092 0.086 0.058 0.061 0.087 0.131 0.083 0.080 0.091 0.181 0.147 0.301 0.243 0.116 0.093 0.094
0.000 -1.055 -0.007 0.000 0.000 0.000 0.000 0.000 0.000 0.000 0.000 0.000 0.000 0.000 0.000 0.000 0.000 0.001 0.008 0.012 0.026 0.061 0.081 0.081 0.068 0.083 0.093 0.105 0.112 0.119 0.129 0.137 0.126 0.123 0.111 0.100 0.097 0.068 0.073 0.069 0.051 0.039 0.040 0.039 0.045 0.016 0.012 0.015 0.027 0.025 0.026 0.039 0.054 0.089 0.061 0.059 0.052 0.063 0.057 0.063 0.050 0.049 0.041 0.042 0.026 0.011 0.058 0.066 0.066 0.152 0.139 0.415 0.124 0.037 0.011 0.022 0.001
0.000 -2.892 -0.000 0.000 0.000 0.000 0.000 0.000 0.000 0.000 0.000 0.000 0.000 0.000 0.000 0.000 0.000 0.000 0.013 0.041 0.074 0.068 0.058 0.059 0.051 0.061 0.075 0.078 0.085 0.099 0.114 0.146 0.206 0.151 0.131 0.106 0.105 0.109 0.122 0.082 0.087 0.081 0.075 0.075 0.069 0.068 0.052 0.037 0.027 0.054 0.057 0.062 0.098 0.086 0.077 0.058 0.060 0.024 0.017 0.014 0.045 0.037 0.027 0.024 0.045 0.100 0.087 0.101 0.151 0.142 0.242 0.106 0.022 0.038 0.038 0.045 -0.008
0.000 -10.041 0.000 0.000 0.000 0.000 0.000 0.000 0.000 0.000 0.000 0.000 0.000 0.000 0.000 0.000 0.000 0.004 0.008 0.035 0.074 0.062 0.043 0.054 0.054 0.056 0.090 0.088 0.084 0.098 0.126 0.133 0.171 0.262 0.116 0.099 0.087 0.077 0.077 0.064 0.060 0.081 0.126 0.118 0.099 0.084 0.087 0.093 0.093 0.079 0.087 0.103 0.101 0.089 0.064 0.065 0.030 0.029 0.036 0.023 0.020 0.025 0.039 0.036 0.016 0.054 0.183 0.147 0.146 0.139 0.177 0.029 0.015 0.037 0.019 0.002 0.003
-0.001 -1.481 0.000 0.000 0.000 0.000 0.000 0.000 0.000 0.000 0.000 0.000 0.000 0.000 0.000 0.001 0.002 0.002 0.007 0.009 0.015 0.028 0.017 0.033 0.053 0.038 0.033 0.063 0.071 0.071 0.071 0.079 0.082 0.071 0.245 0.232 0.124 0.132 0.106 0.128 0.132 0.116 0.059 0.065 0.087 0.082 0.086 0.098 0.104 0.101 0.124 0.120 0.096 0.078 0.058 0.022 0.018 0.016 0.015 0.015 0.013 0.010 0.008 0.011 0.046 0.060 0.047 0.060 0.082 0.191 0.107 0.058 0.029 0.059 0.004 0.000 0.013
-0.038 -0.511 0.000 0.000 0.000 0.000 0.000 0.000 0.000 0.000 0.000 0.000 0.001 0.000 0.000 0.001 0.004 0.001 0.006 0.010 0.002 0.012 0.021 0.041 0.026 0.032 0.025 0.053 0.046 0.061 0.069 0.063 0.070 0.088 0.095 0.125 0.246 0.182 0.119 0.098 0.099 0.085 0.034 0.034 0.032 0.062 0.069 0.089 0.111 0.163 0.186 0.171 0.134 0.100 0.074 0.044 0.011 0.009 0.009 0.044 0.040 0.039 0.034 0.026 0.017 0.060 0.016 0.032 0.042 0.034 0.012 0.023 0.015 0.009 0.009 0.011 0.040
-0.492 -0.338 0.186 0.186 0.186 0.181 0.007 0.000 0.000 0.000 0.001 0.001 0.002 0.002 0.002 0.001 0.004 0.015 0.010 0.016 -0.002 0.013 0.029 0.025 0.026 0.029 0.029 0.023 0.031 0.015 0.008 0.010 0.010 0.006 0.011 0.064 0.076 0.190 0.199 0.244 0.274 0.191 0.114 0.086 0.083 0.097 0.115 0.134 0.240 0.217 0.165 0.145 0.126 0.089 0.078 0.042 0.044 0.036 0.034 0.043 0.105 0.082 0.073 0.075 0.055 0.092 0.019 0.050 0.030 0.015 0.005 0.028 0.021 0.012 0.015 0.058 0.056
-3.494 -0.000 0.000 0.000 0.000 0.004 0.179 0.007 0.004 0.004 0.002 0.006 0.005 0.010 0.011 0.016 0.012 0.008 0.015 0.013 0.009 0.014 0.034 0.042 0.046 0.053 0.077 0.040 0.032 0.023 0.027 0.025 0.024 0.028 0.009 0.008 0.026 0.055 0.118 0.125 0.163 0.283 0.451 0.470 0.368 0.259 0.225 0.269 0.146 0.111 0.098 0.089 0.114 0.143 0.149 0.144 0.157 0.216 0.240 0.217 0.163 0.174 0.131 0.128 0.226 0.115 0.062 0.091 0.154 0.044 0.053 0.081 0.107 0.025 0.025 0.050 0.021
-11.783 0.000 0.000 0.000 0.000 0.000 0.000 0.057 0.028 0.022 0.019 0.013 0.011 0.005 0.003 0.015 0.012 0.020 0.013 0.009 0.013 0.025 0.026 0.034 0.051 0.059 0.007 0.028 0.044 0.031 0.002 0.000 0.000 0.000 0.033 0.008 0.015 0.015 0.065 0.046 0.055 0.091 0.113 0.122 0.199 0.259 0.246 0.117 0.098 0.094 0.075 0.073 0.082 0.080 0.084 0.082 0.079 0.085 0.067 0.059 0.052 0.086 0.158 0.181 0.108 0.077 0.061 0.057 0.059 0.041 0.022 0.046 0.054 0.036 0.031 0.035 0.035
-0.632 0.000 0.000 0.000 0.000 0.000 0.000 0.120 0.152 0.149 0.148 0.143 0.129 0.063 0.060 0.030 0.020 0.012 0.011 0.021 0.034 0.016 0.010 0.018 0.033 0.026 0.012 0.018 0.006 0.004 0.000 0.001 0.001 0.001 0.001 0.033 0.019 0.030 0.029 0.051 0.050 0.043 0.044 0.054 0.076 0.083 0.088 0.078 0.058 0.049 0.069 0.079 0.065 0.038 0.039 0.156 0.175 0.122 0.093 0.093 0.074 0.053 0.052 0.050 0.045 0.044 0.068 0.072 0.010 0.025 0.070 0.106 0.169 0.120 0.095 0.054 0.069
-0.004 0.000 0.000 0.000 0.000 0.000 0.000 0.001 0.000 0.009 0.014 0.019 0.036 0.001 0.001 0.010 0.017 0.031 0.041 0.038 0.044 0.024 -0.002 0.044 0.043 0.034 0.036 0.024 0.019 0.006 0.002 0.001 0.001 0.001 0.000 0.000 0.015 0.003 0.003 0.065 0.060 0.057 0.046 0.030 0.026 0.037 0.037 0.051 0.061 0.059 0.067 0.074 0.086 0.119 0.120 0.059 0.040 0.038 0.067 0.049 0.077 0.056 0.036 0.031 0.023 0.033 0.052 0.034 0.028 0.034 0.129 0.067 0.129 0.114 0.100 0.060 0.065
0.000 0.000 0.000 0.000 0.000 0.000 0.000 0.000 0.000 0.000 0.000 0.001 0.000 0.000 0.002 0.005 0.021 0.042 0.060 0.062 0.045 0.052 0.034 -0.004 0.027 0.033 0.047 0.046 0.005 0.000 0.000 0.000 0.000 0.000 0.000 0.000 -0.000 0.023 0.028 0.042 0.023 0.020 0.022 0.037 0.029 0.035 0.043 0.044 0.045 0.047 0.037 0.032 0.040 0.040 0.039 0.031 0.039 0.040 0.028 0.028 0.021 0.046 0.033 0.024 0.039 0.031 0.036 0.034 0.035 0.037 0.072 0.045 0.015 0.028 0.041 0.051 0.046
0.000 0.000 0.000 0.000 0.000 0.000 0.000 0.000 0.000 0.000 0.000 0.001 0.000 0.023 0.021 0.045 0.057 0.065 0.083 0.065 0.036 0.070 0.048 0.012 0.032 0.046 0.056 0.004 0.011 0.000 0.000 0.000 0.000 0.000 0.000 0.000 0.000 0.129 0.125 0.093 0.095 0.018 0.017 0.014 0.086 0.100 0.093 0.076 0.072 0.077 0.032 0.030 0.034 0.031 0.028 0.034 0.039 0.038 0.032 0.037 0.033 0.022 0.057 0.055 0.055 0.054 0.059 0.042 0.107 0.143 0.041 0.039 0.022 0.030 0.055 0.063 0.048
0.000 0.000 0.000 0.000 0.004 0.001 0.001 0.001 0.004 0.006 0.006 0.006 0.004 0.071 0.077 0.049 0.040 0.070 0.080 0.072 0.040 0.072 0.081 0.050 0.028 0.040 0.018 0.012 0.000 0.000 0.000 0.000 0.000 -0.000 0.000 0.000 0.164 0.012 0.011 0.011 0.038 0.124 0.082 0.058 0.002 0.003 0.035 0.060 0.052 0.042 0.034 0.037 0.018 0.016 0.015 0.016 0.012 0.009 0.015 0.022 0.022 0.041 0.027 0.021 0.018 0.168 0.143 0.161 0.120 0.137 0.076 0.068 0.077 0.093 0.087 0.078 0.138
0.000 0.000 0.000 0.012 0.016 0.021 0.011 0.009 0.005 0.003 0.003 0.002 0.006 0.027 0.034 0.067 0.101 0.074 0.079 0.101 0.169 0.096 0.155 0.158 0.056 0.059 0.025 0.001 0.000 0.000 0.000 0.000 0.000 0.000 0.018 0.132 0.000 0.000 0.000 0.001 0.004 0.009 0.065 0.014 0.020 0.022 0.018 0.034 0.046 0.105 0.173 0.122 0.051 0.060 0.079 0.043 0.031 0.026 0.025 0.027 0.022 0.014 0.012 0.132 0.174 0.061 0.059 0.077 0.081 0.092 0.089 0.138 0.050 0.065 0.097 0.099 0.076
0.000 0.000 0.056 0.041 0.024 0.018 0.040 0.039 0.038 0.023 0.017 0.015 0.017 0.021 0.026 0.021 0.035 0.045 0.066 0.097 0.094 0.087 0.084 0.060 0.041 0.024 0.023 0.010 0.000 0.000 0.000 0.001 0.002 0.013 0.086 0.010 0.000 0.000 0.001 0.000 0.011 0.012 0.045 0.093 0.016 0.010 0.009 0.068 0.085 0.045 0.042 0.101 0.178 0.164 0.148 0.187 0.112 0.087 0.174 0.180 0.193 0.176 0.165 0.068 0.052 0.050 0.041 0.065 0.084 0.181 0.153 0.092 0.059 0.065 0.043 0.048 0.007
0.000 0.125 0.097 0.097 0.081 0.068 0.049 0.030 0.024 0.039 0.044 0.031 0.020 0.020 0.021 0.012 0.015 0.080 0.062 0.091 0.135 0.130 0.166 0.153 0.197 0.105 0.051 0.036 0.000 0.000 0.002 0.001 -0.000 0.007 0.061 0.024 0.002 0.002 0.001 0.000 0.021 0.062 0.025 0.397 0.476 0.104 0.059 0.011 0.010 0.014 0.014 0.027 0.027 0.000 0.000 0.000 0.086 0.083 0.000 0.000 0.000 0.015 0.027 0.087 0.101 0.094 0.060 0.082 0.060 0.089 0.099 0.135 0.063 0.062 0.060 0.028 0.002
0.361 0.220 0.131 0.117 0.102 0.057 0.041 0.033 0.025 0.018 0.012 0.027 0.027 0.017 0.027 0.056 0.142 0.060 0.022 0.112 0.081 0.124 0.039 0.049 0.015 0.043 0.082 0.099 0.143 0.014 0.000 0.000 0.000 0.002 -0.000 0.000 0.000 0.000 0.000 0.000 -0.026 -0.000 0.000 0.001 0.001 0.047 0.024 0.015 0.012 0.008 0.031 0.011 0.008 0.014 0.014 0.013 0.011 0.013 0.003 0.003 0.044 0.130 0.139 0.103 0.132 0.191 0.181 0.095 0.126 0.094 0.085 0.015 0.027 0.025 0.007 0.024 0.011
0.000 0.015 0.066 0.053 0.059 0.037 0.037 0.034 0.028 0.023 0.007 0.006 0.026 0.035 0.016 0.035 0.032 0.043 0.021 0.077 0.030 0.067 0.042 0.042 -0.004 -0.003 0.007 0.009 0.008 0.138 0.088 0.059 0.108 0.100 0.001 0.000 0.000 0.000 0.000 0.000 0.000 0.138 0.327 0.000 0.000 0.059 0.022 0.028 0.042 0.062 0.007 0.006 0.005 0.000 0.000 0.001 0.007 0.051 0.064 0.130 0.060 0.006 0.008 0.017 0.044 0.020 0.055 0.060 0.078 0.051 0.039 0.022 0.041 0.009 -0.006 0.002 0.002
0.000 0.000 0.011 0.029 0.062 0.074 0.058 0.045 0.037 0.029 0.002 0.003 0.009 0.005 0.001 0.057 0.059 0.079 0.185 0.026 0.022 0.016 0.011 0.002 0.003 -0.023 0.006 0.002 0.002 0.001 0.062 0.092 0.042 0.028 0.000 0.001 0.001 0.001 0.000 0.000 0.004 0.253 0.061 0.046 0.041 0.284 0.223 0.143 0.132 0.109 0.115 0.056 0.029 0.000 0.000 0.000 0.201 0.192 0.193 0.128 0.074 0.044 0.048 0.028 0.059 0.053 0.063 0.071 0.083 0.009 0.041 0.040 0.044 0.037 0.051 0.022 0.023
