Data/res-0210.Qx
ncols         434
nrows         491
xllcorner     1194547.500000
yllcorner     -584471.000000
cellsize      25.000000
NODATA_value  -9999.000000
[rows 238 to 271 of 491, columns 228 to 303 of 434]
0.084 0.075 0.073 0.048 0.045 0.035 0.038 0.046 0.033 0.036 0.034 0.039 0.047 0.071 0.153 0.169 0.129 0.076 0.036 0.031 0.031 0.045 0.052 0.024 0.019 0.015 0.027 0.009 0.009 0.011 0.028 0.049 0.024 0.020 0.020 0.037 0.027 0.021 0.024 0.041 0.062 0.053 0.046 0.039 0.058 0.043 0.034 0.046 0.134 0.055 0.026 0.014 0.000 0.000 0.010 0.010 0.024 0.035 0.058 0.061 0.083 0.077 0.058 0.087 0.084 0.067 0.096 0.105 0.055 0.049 0.036 0.053 0.092 0.120 0.081 0.071
0.246 0.092 0.099 0.074 0.068 0.068 0.072 0.149 0.225 0.247 0.247 0.234 0.195 0.158 0.069 0.045 0.042 0.118 0.117 0.118 0.104 0.060 0.013 0.015 0.022 0.024 0.021 0.000 0.000 0.120 0.255 0.084 0.018 0.018 0.017 0.029 0.030 0.033 0.043 0.047 0.089 0.101 0.072 0.078 0.064 0.079 0.088 0.125 0.009 0.011 0.013 0.028 0.025 0.023 0.035 0.130 0.075 0.015 0.017 0.019 0.016 0.020 0.085 0.057 0.038 0.019 0.017 0.031 0.011 0.017 0.014 0.022 0.019 0.009 0.032 0.023
0.247 0.358 0.199 0.142 0.116 0.043 0.037 0.089 0.055 0.051 0.060 0.061 0.055 0.020 0.020 0.039 0.040 0.033 0.049 0.074 0.084 0.072 0.072 0.074 0.072 0.074 0.045 0.064 0.068 0.201 0.078 0.050 0.033 0.030 0.033 0.029 0.044 0.034 0.042 0.050 0.143 0.229 0.282 0.168 0.078 0.058 0.042 0.018 0.026 0.030 0.033 0.041 0.065 0.092 0.099 0.059 0.055 0.068 0.032 0.030 0.035 0.050 0.017 0.010 0.016 0.030 0.020 0.018 0.055 0.053 0.025 0.025 0.031 0.025 0.023 0.037
0.047 0.052 0.195 0.081 0.081 0.167 0.170 0.024 0.016 0.013 0.010 0.009 0.010 0.017 0.018 0.033 0.035 0.039 0.048 0.055 0.048 0.058 0.083 0.064 0.062 0.107 0.286 0.306 0.306 0.054 0.022 0.020 0.026 0.023 0.032 0.033 0.018 0.011 0.084 0.204 0.270 0.254 0.206 0.184 0.223 0.191 0.151 0.057 0.044 0.040 0.089 0.139 0.241 0.215 0.191 0.129 0.077 0.092 0.076 0.053 0.063 0.023 0.018 0.015 0.024 0.063 0.044 0.028 0.010 0.011 0.025 0.050 0.025 0.033 0.054 0.052
0.036 0.038 0.027 0.245 0.028 0.022 0.021 0.029 0.021 0.019 0.023 0.024 0.037 0.071 0.082 0.056 0.055 0.039 0.049 0.029 0.025 0.092 0.073 0.037 0.034 0.051 0.061 0.071 0.050 0.034 0.032 0.029 0.031 0.033 0.047 0.054 0.057 0.116 0.200 0.246 0.112 0.047 0.033 0.044 0.080 0.133 0.180 0.225 0.137 0.131 0.121 0.121 0.026 0.021 0.023 0.020 0.037 0.042 0.068 0.067 0.047 0.059 0.047 0.051 0.051 0.064 0.086 0.052 0.086 0.063 0.064 0.082 0.083 0.069 0.072 0.066
0.040 0.040 0.066 0.123 0.524 0.400 0.323 0.233 0.182 0.134 0.118 0.125 0.252 0.305 0.190 0.160 0.150 0.124 0.093 0.092 0.092 0.049 0.081 0.171 0.264 0.223 0.070 0.044 0.038 0.039 0.037 0.019 0.019 0.054 0.064 0.052 0.118 0.126 0.224 0.103 0.042 0.039 0.037 0.044 0.042 0.055 0.060 0.070 0.184 0.191 0.095 0.014 0.014 0.014 0.013 0.022 0.059 0.048 0.037 0.045 0.039 0.031 0.037 0.030 0.016 0.014 0.011 0.033 0.037 0.056 0.058 0.079 0.122 0.146 0.103 0.101
0.126 0.524 0.511 0.457 0.309 0.398 0.318 0.394 0.426 0.339 0.214 0.216 0.491 0.449 0.547 0.476 0.430 0.326 0.168 0.088 0.081 0.154 0.100 0.065 0.030 0.028 0.034 0.047 0.044 0.048 0.050 0.054 0.060 0.057 0.074 0.164 0.253 0.312 0.078 0.042 0.030 0.031 0.031 0.037 0.036 0.025 0.036 0.046 0.036 0.041 0.024 0.006 0.008 0.014 0.006 0.007 0.016 0.033 0.024 0.024 0.034 0.054 0.056 0.057 0.049 0.041 0.033 0.066 0.056 0.061 0.101 0.081 0.059 0.051 0.082 0.097
0.178 0.000 0.000 0.000 0.004 0.054 0.136 0.185 0.226 0.367 0.487 0.482 0.138 0.127 0.136 0.233 0.281 0.369 0.501 0.405 0.369 0.089 0.098 0.101 0.054 0.046 0.033 0.025 0.047 0.040 0.041 0.055 0.059 0.045 0.070 0.244 0.160 0.065 0.037 0.019 0.016 0.038 0.030 0.036 0.029 0.025 0.017 0.013 0.013 0.041 0.120 0.152 0.086 0.074 0.094 0.149 0.161 0.128 0.104 0.059 0.056 0.030 0.021 0.024 0.034 0.033 0.029 0.039 0.099 0.091 0.045 0.043 0.054 0.055 0.081 0.086
0.118 0.000 0.000 0.000 0.010 0.034 0.130 0.054 0.043 0.048 0.106 0.107 0.040 0.038 0.041 0.036 0.038 0.086 0.108 0.265 0.291 0.333 0.187 0.063 0.053 0.016 0.016 0.020 0.031 0.045 0.046 0.080 0.123 0.132 0.148 0.087 0.037 0.030 0.032 0.032 0.035 0.030 0.025 0.061 0.060 0.068 0.093 0.090 0.083 0.024 0.024 0.068 0.132 0.137 0.122 0.061 0.053 0.102 0.168 0.218 0.110 0.048 0.048 0.046 0.061 0.064 0.082 0.081 0.047 0.050 0.068 0.074 0.076 0.089 0.084 0.086
0.267 0.232 0.234 0.236 0.217 0.127 0.150 0.214 0.191 0.093 0.037 0.032 0.034 0.032 0.059 0.057 0.059 0.059 0.078 0.083 0.087 0.181 0.295 0.209 0.056 0.062 0.056 0.065 0.056 0.063 0.070 0.070 0.210 0.282 0.223 0.036 0.035 0.033 0.028 0.080 0.097 0.067 0.061 0.037 0.044 0.059 0.023 0.021 0.022 0.064 0.065 0.031 0.022 0.027 0.034 0.033 0.032 0.017 0.016 0.017 0.086 0.158 0.151 0.128 0.113 0.117 0.128 0.130 0.128 0.133 0.127 0.074 0.068 0.074 0.081 0.095
0.168 0.023 0.025 0.026 0.057 0.124 0.098 0.099 0.104 0.126 0.055 0.041 0.033 0.030 0.012 0.013 0.052 0.054 0.044 0.048 0.064 0.122 0.202 0.384 0.442 0.265 0.231 0.214 0.135 0.117 0.110 0.193 0.108 0.070 0.070 0.065 0.076 0.080 0.080 0.100 0.110 0.099 0.104 0.082 0.055 0.016 0.014 0.015 0.031 0.022 0.014 0.020 0.030 0.059 0.057 0.052 0.040 0.037 0.035 0.047 0.076 0.085 0.098 0.110 0.125 0.101 0.078 0.055 0.018 0.015 0.022 0.063 0.058 0.043 0.040 0.041
0.048 0.125 0.069 0.064 0.041 0.028 0.043 0.056 0.068 0.101 0.061 0.051 0.044 0.042 0.059 0.098 0.067 0.050 0.065 0.059 0.045 0.045 0.085 0.121 0.217 0.405 0.408 0.396 0.434 0.438 0.428 0.322 0.243 0.193 0.150 0.157 0.117 0.099 0.130 0.080 0.050 0.045 0.040 0.036 0.040 0.046 0.050 0.052 0.045 0.034 0.029 0.003 0.001 0.020 0.024 0.034 0.038 0.031 0.032 0.045 0.051 0.054 0.062 0.077 0.078 0.084 0.070 0.080 0.031 0.028 0.043 0.051 0.027 0.019 0.017 0.016
0.001 0.001 0.020 0.020 0.067 0.072 0.038 0.024 0.023 0.036 0.038 0.047 0.062 0.086 0.063 0.049 0.042 0.054 0.032 0.040 0.072 0.063 0.040 0.044 0.057 0.064 0.085 0.085 0.091 0.093 0.089 0.084 0.097 0.103 0.127 0.139 0.139 0.126 0.122 0.141 0.196 0.208 0.214 0.184 0.142 0.122 0.111 0.107 0.092 0.082 0.075 0.056 0.050 0.037 0.039 0.033 0.033 0.037 0.039 0.083 0.107 0.092 0.076 0.075 0.080 0.084 0.028 0.031 0.087 0.072 0.030 0.024 0.038 0.038 0.047 0.051
0.003 0.002 0.035 0.044 0.018 0.016 0.027 0.010 0.010 0.048 0.107 0.123 0.115 0.101 0.124 0.090 0.077 0.061 0.064 0.059 0.044 0.058 0.043 0.056 0.056 0.043 0.043 0.046 0.061 0.057 0.068 0.063 0.055 0.050 0.043 0.068 0.083 0.113 0.108 0.078 0.057 0.067 0.089 0.136 0.185 0.208 0.228 0.228 0.213 0.214 0.056 0.065 0.062 0.070 0.073 0.076 0.064 0.070 0.097 0.061 0.055 0.067 0.084 0.029 0.029 0.034 0.077 0.072 0.064 0.055 0.058 0.049 0.076 0.067 0.046 0.025
0.000 0.000 0.000 0.061 0.026 0.020 0.026 0.029 0.036 0.046 0.172 0.168 0.091 0.080 0.030 0.031 0.035 0.027 0.051 0.035 0.031 0.035 0.041 0.038 0.042 0.059 0.052 0.048 0.050 0.063 0.062 0.085 0.059 0.059 0.070 0.071 0.077 0.065 0.063 0.066 0.067 0.058 0.043 0.028 0.033 0.048 0.054 0.056 0.059 0.057 0.206 0.213 0.207 0.164 0.045 0.043 0.065 0.080 0.054 0.024 0.022 0.030 0.030 0.057 0.055 0.054 0.059 0.073 0.054 0.064 0.039 0.023 0.025 0.029 0.029 0.036
0.162 0.162 0.161 0.031 0.034 0.033 0.021 0.067 0.057 0.035 0.116 0.133 0.210 0.052 0.049 0.049 0.052 0.060 0.035 0.042 0.040 0.027 0.033 0.022 0.003 0.002 0.040 0.054 0.075 0.082 0.096 0.068 0.061 0.059 0.053 0.088 0.065 0.063 0.076 0.064 0.044 0.041 0.035 0.035 0.078 0.052 0.031 0.032 0.052 0.055 0.060 0.061 0.032 0.025 0.110 0.107 0.070 0.055 0.045 0.028 0.027 0.038 0.042 0.028 0.027 0.033 0.012 0.010 0.032 0.028 0.043 0.050 0.044 0.032 0.028 0.031
0.000 0.000 0.001 0.037 0.042 0.043 0.028 0.077 0.076 0.052 0.059 0.054 0.049 0.054 0.050 0.052 0.068 0.085 0.043 0.041 0.036 0.037 0.025 0.017 0.019 0.045 0.053 0.090 0.100 0.097 0.083 0.077 0.077 0.080 0.072 0.073 0.074 0.074 0.064 0.064 0.082 0.095 0.076 0.058 0.029 0.032 0.036 0.038 0.054 0.061 0.051 0.060 0.026 0.029 0.046 0.047 0.069 0.045 0.052 0.078 0.069 0.030 0.026 0.045 0.028 0.029 0.094 0.042 0.043 0.038 0.064 0.017 0.017 0.029 0.020 0.022
0.009 0.000 0.000 0.013 0.010 0.012 0.123 0.040 0.047 0.062 0.088 0.083 0.093 0.250 0.270 0.264 0.239 0.125 0.146 0.140 0.107 0.085 0.049 0.026 0.019 0.056 0.062 0.063 0.070 0.074 0.072 0.092 0.081 0.086 0.120 0.058 0.066 0.085 0.080 0.091 0.101 0.149 0.163 0.159 0.048 0.034 0.028 0.061 0.032 0.023 0.029 0.029 0.074 0.062 0.055 0.052 0.050 0.064 0.050 0.044 0.054 0.084 0.091 0.077 0.063 0.030 0.029 0.049 0.046 0.027 0.015 0.049 0.039 0.039 0.045 0.031
0.080 0.043 0.040 0.040 0.039 0.115 0.099 0.117 0.229 0.232 0.029 0.030 0.038 0.057 0.074 0.106 0.127 0.211 0.249 0.262 0.282 0.082 0.017 0.026 0.038 0.056 0.059 0.060 0.056 0.061 0.071 0.090 0.144 0.134 0.104 0.081 0.084 0.069 0.060 0.050 0.056 0.042 0.040 0.052 0.145 0.151 0.100 0.025 0.036 0.051 0.056 0.062 0.083 0.084 0.095 0.083 0.071 0.062 0.068 0.069 0.057 0.048 0.053 0.093 0.069 0.061 0.057 0.058 0.056 0.046 0.037 0.049 0.039 0.028 0.028 0.025
0.005 0.003 0.007 0.117 0.136 0.136 0.130 0.105 0.004 0.017 0.046 0.046 0.039 0.039 0.060 0.083 0.114 0.123 0.054 0.064 0.112 0.321 0.101 0.100 0.161 0.099 0.078 0.058 0.053 0.114 0.124 0.094 0.057 0.062 0.075 0.082 0.070 0.064 0.064 0.068 0.085 0.033 0.030 0.041 0.054 0.063 0.117 0.045 0.019 0.016 0.029 0.038 0.045 0.045 0.036 0.062 0.078 0.073 0.066 0.060 0.059 0.052 0.037 0.034 0.061 0.078 0.075 0.043 0.045 0.047 0.034 0.040 0.051 0.053 0.046 0.035
0.010 0.123 0.165 0.047 0.027 0.025 0.004 0.011 0.009 0.015 0.014 0.038 0.037 0.043 0.032 0.036 0.019 0.026 0.101 0.088 0.047 0.036 0.294 0.169 0.098 0.080 0.085 0.124 0.135 0.067 0.055 0.059 0.058 0.057 0.054 0.053 0.055 0.089 0.103 0.101 0.040 0.054 0.059 0.051 0.038 0.038 0.046 0.147 0.148 0.147 0.061 0.039 0.039 0.046 0.059 0.050 0.041 0.072 0.084 0.087 0.075 0.054 0.026 0.025 0.051 0.029 0.028 0.030 0.043 0.045 0.033 0.027 0.030 0.035 0.034 0.029
0.264 0.193 0.139 0.158 0.160 0.091 0.033 0.019 0.009 0.017 0.019 0.004 0.003 0.027 0.028 0.039 0.037 0.036 0.014 0.017 0.028 0.034 0.064 0.070 0.064 0.056 0.072 0.054 0.029 0.025 0.028 0.067 0.075 0.103 0.090 0.089 0.111 0.083 0.056 0.042 0.043 0.037 0.038 0.040 0.044 0.049 0.037 0.023 0.017 0.010 0.070 0.032 0.034 0.035 0.029 0.030 0.039 0.027 0.023 0.023 0.048 0.080 0.106 0.035 0.023 0.019 0.029 0.081 0.075 0.097 0.096 0.094 0.081 0.057 0.046 0.026
0.011 0.012 0.012 0.012 0.022 0.025 0.027 0.042 0.039 0.049 0.023 0.011 0.105 0.163 0.137 0.071 0.044 0.038 0.024 0.017 0.013 0.014 0.019 0.223 0.236 0.233 0.110 0.030 0.032 0.043 0.050 0.043 0.041 0.036 0.040 0.048 0.045 0.040 0.040 0.037 0.033 0.038 0.038 0.065 0.040 0.016 0.018 0.033 0.049 0.065 0.084 0.140 0.087 0.062 0.035 0.025 0.019 0.026 0.033 0.033 0.017 0.014 0.014 0.070 0.072 0.109 0.031 0.023 0.035 0.041 0.077 0.072 0.065 0.053 0.037 0.024
0.219 0.202 0.298 0.047 0.039 0.310 0.398 0.163 0.145 0.112 0.112 0.143 0.129 0.019 0.016 0.019 0.046 0.046 0.037 0.028 0.023 0.024 0.075 0.015 0.016 0.020 0.113 0.156 0.142 0.054 0.044 0.068 0.083 0.069 0.078 0.052 0.039 0.041 0.044 0.050 0.049 0.045 0.037 0.028 0.033 0.044 0.067 0.073 0.071 0.022 0.014 0.011 0.060 0.088 0.025 0.039 0.054 0.059 0.058 0.028 0.040 0.046 0.033 0.035 0.035 0.021 0.099 0.014 0.024 0.026 0.030 0.036 0.033 0.036 0.023 0.018
0.633 0.683 0.597 0.843 0.785 0.510 0.450 0.684 0.705 0.294 0.194 0.100 0.028 0.027 0.033 0.037 0.021 0.013 0.014 0.032 0.026 0.022 0.065 0.044 0.032 0.029 0.033 0.035 0.045 0.132 0.133 0.059 0.044 0.044 0.060 0.067 0.058 0.050 0.043 0.035 0.035 0.033 0.028 0.028 0.031 0.057 0.028 0.026 0.021 0.050 0.056 0.042 0.032 0.016 0.061 0.042 0.023 0.017 0.016 0.041 0.023 0.017 0.021 0.025 0.024 0.004 0.004 0.091 0.103 0.058 0.063 0.046 0.034 0.023 0.019 0.015
0.073 0.009 0.012 0.040 0.098 0.099 0.070 0.063 0.059 0.438 0.228 0.057 0.016 0.014 0.019 0.016 0.018 0.025 0.058 0.065 0.073 0.081 0.004 0.007 0.038 0.049 0.028 0.027 0.032 0.040 0.041 0.033 0.028 0.048 0.043 0.048 0.059 0.063 0.060 0.060 0.059 0.067 0.064 0.021 0.020 0.012 0.013 0.014 0.030 0.027 0.021 0.023 0.026 0.027 0.035 0.047 0.064 0.065 0.059 0.038 0.015 0.015 0.016 0.017 0.020 0.057 0.026 0.026 0.016 0.014 0.013 0.022 0.018 0.017 0.014 0.011
0.040 0.021 0.015 0.000 0.000 0.000 0.000 0.008 0.007 0.033 0.198 0.010 0.024 0.024 0.019 0.019 0.049 0.051 0.036 0.041 0.044 0.058 0.048 0.046 0.028 0.018 0.033 0.048 0.047 0.030 0.031 0.075 0.089 0.057 0.052 0.049 0.047 0.048 0.044 0.050 0.055 0.027 0.029 0.037 0.038 0.017 0.010 0.011 0.022 0.032 0.057 0.064 0.059 0.071 0.095 0.074 0.032 0.018 0.013 0.034 0.057 0.048 0.017 0.020 0.033 0.022 0.013 0.014 0.009 0.018 0.013 0.015 0.005 0.005 0.006 0.008
0.020 0.104 0.080 0.020 0.015 0.015 0.017 0.000 0.000 0.005 0.159 0.011 0.032 0.056 0.062 0.079 0.045 0.047 0.035 0.015 0.010 0.020 0.019 0.015 0.015 0.033 0.038 0.031 0.030 0.042 0.046 0.040 0.054 0.068 0.059 0.062 0.066 0.059 0.059 0.050 0.028 0.025 0.024 0.023 0.012 0.011 0.010 0.009 0.093 0.100 0.088 0.068 0.061 0.037 0.035 0.029 0.037 0.030 0.014 0.016 0.021 0.019 0.025 0.009 0.007 0.017 0.014 0.017 0.010 0.016 0.012 0.001 -0.000 0.002 0.006 0.000
0.033 0.052 0.078 0.089 0.044 0.031 0.030 0.031 0.031 0.021 0.010 0.559 0.209 0.165 0.195 0.260 0.147 0.035 0.017 0.019 0.050 0.032 0.032 0.030 0.033 0.026 0.043 0.051 0.058 0.051 0.051 0.063 0.059 0.050 0.047 0.050 0.032 0.032 0.032 0.023 0.021 0.021 0.029 0.020 0.024 0.025 0.035 0.084 0.021 0.019 0.017 0.045 0.065 0.066 0.059 0.055 0.060 0.070 0.046 0.023 0.022 0.019 0.029 0.041 0.019 0.023 0.030 0.031 0.019 0.017 0.002 0.002 -0.000 0.001 -0.001 0.004
0.003 0.006 0.005 0.048 0.006 0.000 0.000 0.000 0.000 0.056 0.076 0.088 0.420 0.353 0.308 0.223 0.288 0.367 0.289 0.227 0.091 0.062 0.061 0.088 0.070 0.055 0.062 0.056 0.051 0.056 0.057 0.065 0.052 0.047 0.044 0.030 0.032 0.035 0.051 0.037 0.037 0.036 0.028 0.030 0.033 0.038 0.057 0.070 0.023 0.020 0.023 0.034 0.038 0.038 0.037 0.031 0.028 0.027 0.056 0.067 0.065 0.026 0.010 0.012 0.007 0.010 0.009 0.008 0.007 0.013 -0.001 -0.000 0.003 -0.001 0.002 0.000
0.019 0.001 0.001 0.005 0.016 0.002 0.001 0.032 0.032 0.011 0.011 0.018 0.044 0.029 0.033 0.030 0.069 0.089 0.155 0.216 0.321 0.253 0.128 0.054 0.052 0.062 0.043 0.040 0.044 0.045 0.048 0.051 0.043 0.043 0.045 0.052 0.054 0.068 0.125 0.166 0.187 0.257 0.255 0.241 0.242 0.239 0.188 0.102 0.048 0.039 0.034 0.015 0.012 0.024 0.026 0.034 0.040 0.032 0.024 0.021 0.018 0.032 0.032 0.025 0.035 0.026 0.025 0.007 0.004 0.003 0.003 0.002 -0.002 0.001 0.000 0.002
0.044 0.021 0.063 0.102 0.179 0.218 0.214 0.060 0.046 0.006 0.004 0.015 0.010 0.050 0.047 0.034 0.027 0.026 0.018 0.017 0.015 0.071 0.172 0.186 0.117 0.089 0.073 0.062 0.051 0.045 0.049 0.035 0.036 0.034 0.031 0.032 0.030 0.065 0.115 0.089 0.081 0.026 0.034 0.065 0.065 0.062 0.044 0.042 0.112 0.114 0.048 0.048 0.049 0.038 0.028 0.023 0.027 0.032 0.018 0.022 0.024 0.044 0.054 0.052 0.042 0.025 0.021 0.011 0.001 -0.003 -0.001 0.003 -0.002 0.000 0.003 -0.004
0.015 0.004 0.110 0.070 0.056 0.104 0.109 0.103 0.012 0.020 0.077 0.056 0.039 0.018 0.026 0.046 0.030 0.032 0.049 0.041 0.041 0.057 0.063 0.094 0.176 0.150 0.083 0.066 0.059 0.062 0.053 0.045 0.044 0.063 0.135 0.164 0.167 0.135 0.010 0.014 0.020 0.016 0.019 0.016 0.017 0.018 0.058 0.015 0.019 0.019 0.067 0.054 0.044 0.034 0.031 0.040 0.037 0.035 0.055 0.037 0.027 0.026 0.035 0.026 0.024 0.017 0.011 0.002 0.004 0.000 0.001 0.001 -0.003 0.001 -0.004 0.001
0.184 0.187 0.038 0.023 0.067 0.009 0.005 0.142 0.185 0.165 0.029 0.032 0.045 0.086 0.045 0.041 0.077 0.063 0.066 0.062 0.066 0.067 0.063 0.062 0.063 0.106 0.176 0.188 0.196 0.171 0.123 0.122 0.143 0.145 0.073 0.038 0.042 0.025 0.030 0.032 0.026 0.022 0.020 0.003 0.000 0.000 0.010 0.068 0.029 0.020 0.024 0.037 0.023 0.020 0.031 0.050 0.055 0.031 0.026 0.043 0.035 0.029 0.033 0.023 0.018 0.010 0.006 0.001 0.004 0.000 0.001 0.001 0.001 -0.004 -0.001 -0.006
