Data/res-0330.Qy
ncols         433
nrows         492
xllcorner     1194560.000000
yllcorner     -584483.500000
cellsize      25.000000
NODATA_value  -9999.000000
[rows 272 to 305 of 492, columns 228 to 303 of 433]
0.000 0.000 0.000 0.001 0.000 0.000 -0.000 0.004 0.001 0.008 0.000 0.001 0.008 0.003 0.000 -0.001 0.002 0.001 0.002 0.001 0.003 0.003 0.004 0.004 0.007 0.003 0.012 0.010 0.009 0.017 0.013 0.011 0.013 0.006 0.008 0.006 0.005 0.004 0.005 0.004 0.002 0.002 0.002 0.000 0.000 0.001 0.003 0.009 0.004 0.005 0.002 0.008 0.014 0.009 0.006 0.005 0.019 0.011 0.008 0.017 0.012 0.011 0.017 0.027 0.029 0.032 0.032 0.028 0.033 0.028 0.038 0.037 0.046 0.047 0.049 0.055
0.000 0.000 -0.000 0.001 0.000 -0.001 0.000 0.004 0.001 0.002 -0.001 -0.001 -0.000 -0.002 -0.001 -0.000 0.016 0.003 0.003 0.004 0.004 0.006 0.005 0.004 0.007 0.004 0.015 0.009 0.008 0.014 0.011 0.012 0.017 0.006 0.008 0.006 0.005 0.004 0.003 0.006 0.002 0.002 -0.001 0.000 0.001 0.001 0.001 0.000 0.018 0.004 0.001 0.009 0.014 0.010 0.006 0.005 0.015 0.014 0.007 0.011 0.015 0.013 0.023 0.028 0.031 0.033 0.033 0.031 0.032 0.038 0.036 0.043 0.043 0.046 0.054 0.052
0.000 0.000 0.000 0.001 -0.000 0.000 0.000 0.003 0.000 0.000 -0.003 0.000 0.000 -0.003 -0.000 -0.001 -0.000 -0.000 0.007 0.016 0.004 0.006 0.006 0.006 0.005 0.005 0.020 0.007 0.010 0.013 0.012 0.012 0.012 0.010 0.007 0.007 0.007 0.006 0.003 0.004 0.002 0.002 0.001 0.000 0.003 0.001 0.001 0.001 0.008 0.015 0.001 0.004 0.007 0.017 0.008 0.005 0.006 0.007 0.017 0.012 0.017 0.024 0.030 0.030 0.033 0.032 0.034 0.034 0.031 0.034 0.041 0.042 0.046 0.051 0.049 0.052
0.000 0.000 0.000 0.001 0.001 0.000 0.000 0.001 0.001 0.000 -0.001 0.000 -0.000 -0.002 -0.000 -0.001 0.000 0.000 0.001 0.002 0.010 0.015 0.007 0.007 0.006 0.007 0.020 0.006 0.014 0.008 0.015 0.009 0.012 0.010 0.007 0.008 0.007 0.005 0.004 0.002 0.001 0.003 0.004 0.000 0.003 0.001 0.000 0.001 -0.000 0.024 0.000 0.002 0.009 0.015 0.008 0.009 0.006 0.007 0.010 0.013 0.029 0.031 0.032 0.037 0.035 0.031 0.031 0.031 0.035 0.038 0.037 0.042 0.046 0.043 0.053 0.051
0.025 0.008 0.000 0.001 0.001 0.000 -0.001 0.000 -0.002 0.002 0.001 0.001 0.000 -0.002 -0.000 -0.001 -0.000 0.000 0.000 0.002 0.009 0.002 0.009 0.019 0.006 0.019 0.011 0.009 0.014 0.009 0.014 0.010 0.010 0.012 0.006 0.010 0.009 0.005 0.002 0.002 0.001 -0.000 -0.000 0.005 -0.000 0.004 0.003 0.002 0.001 0.018 0.003 0.002 0.009 0.006 0.014 0.009 0.005 0.007 0.010 0.016 0.031 0.033 0.034 0.032 0.031 0.035 0.035 0.036 0.031 0.034 0.042 0.044 0.047 0.051 0.054 0.056
0.025 0.006 0.002 0.001 0.001 -0.003 0.000 -0.001 0.000 0.004 0.001 -0.001 -0.001 0.001 0.000 -0.003 -0.003 -0.000 0.002 0.003 0.010 0.002 0.006 0.014 0.010 0.022 0.008 0.014 0.008 0.015 0.012 0.009 0.008 0.015 0.008 0.008 0.011 0.004 0.002 0.001 0.000 0.002 0.000 0.006 0.000 0.001 0.003 0.001 0.000 0.013 0.010 0.004 0.007 0.004 0.010 0.011 0.007 0.011 0.012 0.022 0.035 0.039 0.034 0.036 0.040 0.034 0.033 0.030 0.037 0.039 0.043 0.041 0.045 0.051 0.051 0.052
0.011 0.014 0.007 0.000 -0.001 0.000 0.000 -0.001 0.000 0.003 0.000 -0.001 0.000 0.001 -0.000 -0.004 -0.003 0.000 0.000 0.004 0.013 0.002 0.005 0.009 0.011 0.023 0.012 0.018 0.007 0.016 0.012 0.010 0.006 0.014 0.013 0.009 0.007 0.003 0.002 0.001 0.001 0.003 0.000 0.000 0.005 0.001 0.003 0.002 0.000 0.009 0.007 0.010 0.006 0.004 0.007 0.011 0.008 0.015 0.014 0.028 0.035 0.033 0.034 0.037 0.032 0.037 0.034 0.036 0.037 0.042 0.037 0.047 0.050 0.051 0.054 0.058
-0.005 -0.000 0.026 0.013 0.000 0.000 -0.001 0.000 0.000 0.000 -0.000 0.002 0.000 0.002 0.000 -0.006 0.000 0.000 0.000 0.003 0.013 0.002 0.005 0.008 0.012 0.012 0.011 0.026 0.020 0.011 0.012 0.011 0.013 0.010 0.004 0.016 0.006 0.002 0.002 -0.000 -0.000 0.000 -0.000 0.001 0.007 0.003 0.004 0.001 0.001 0.005 0.007 0.007 0.013 0.006 0.006 0.012 0.011 0.018 0.030 0.031 0.034 0.038 0.041 0.036 0.038 0.034 0.035 0.032 0.038 0.040 0.050 0.046 0.050 0.057 0.054 0.058
-0.002 0.000 0.020 0.021 0.000 0.000 -0.004 0.002 -0.000 -0.001 0.001 0.005 0.000 -0.000 -0.004 -0.000 0.000 0.000 0.000 0.002 0.007 0.003 0.009 0.009 0.012 0.013 0.012 0.017 0.030 0.011 0.013 0.011 0.014 0.006 0.005 0.016 0.008 0.001 0.002 0.000 0.000 0.000 -0.000 -0.000 0.007 0.002 0.002 0.000 0.002 0.006 0.006 0.007 0.013 0.008 0.007 0.013 0.021 0.023 0.024 0.030 0.035 0.033 0.031 0.037 0.037 0.035 0.033 0.043 0.036 0.043 0.044 0.047 0.049 0.050 0.055 0.054
0.000 0.000 0.002 0.031 0.001 -0.002 0.002 0.000 0.001 0.002 -0.000 0.007 -0.000 -0.003 0.000 0.000 0.000 -0.004 0.000 0.006 0.004 0.004 0.010 0.014 0.012 0.014 0.013 0.011 0.035 0.012 0.010 0.011 0.014 0.007 0.005 0.007 0.017 0.002 0.000 0.001 0.001 0.000 0.000 0.000 0.005 0.001 0.005 -0.000 0.000 0.006 0.005 0.008 0.008 0.011 0.017 0.024 0.025 0.027 0.031 0.031 0.032 0.035 0.038 0.036 0.034 0.037 0.040 0.033 0.043 0.046 0.047 0.050 0.050 0.052 0.054 0.058
0.000 0.000 -0.000 0.004 -0.002 0.000 0.024 0.007 0.001 0.005 0.000 -0.002 -0.002 0.006 0.002 0.001 0.000 -0.007 0.001 0.007 0.004 0.004 0.007 0.016 0.015 0.014 0.014 0.010 0.036 0.014 0.011 0.012 0.006 0.013 0.005 0.008 0.008 0.010 0.000 0.001 0.001 0.001 0.000 0.000 0.001 0.002 0.001 0.002 0.002 -0.000 0.012 0.007 0.009 0.012 0.024 0.026 0.028 0.027 0.032 0.034 0.032 0.037 0.034 0.034 0.038 0.036 0.034 0.044 0.042 0.042 0.046 0.051 0.056 0.055 0.055 0.055
0.000 0.000 0.000 0.001 0.001 0.001 0.000 0.003 0.015 0.006 0.002 0.001 -0.003 0.000 0.009 -0.003 -0.001 0.003 0.002 0.007 0.004 0.002 0.009 0.018 0.011 0.017 0.016 0.012 0.035 0.012 0.011 0.012 0.006 0.007 0.010 0.008 0.003 0.015 0.000 0.000 0.002 0.001 0.000 -0.002 0.000 0.002 0.002 0.002 0.005 0.000 0.009 0.008 0.012 0.014 0.025 0.029 0.026 0.034 0.033 0.030 0.035 0.035 0.039 0.040 0.036 0.035 0.038 0.038 0.045 0.047 0.047 0.049 0.051 0.051 0.059 0.054
0.000 0.000 0.000 -0.001 0.000 0.004 0.000 0.003 0.013 0.003 0.005 0.001 0.000 0.000 0.001 0.000 0.000 0.006 0.003 0.007 0.007 0.003 0.010 0.014 0.011 0.014 0.022 0.017 0.029 0.013 0.010 0.016 0.006 0.005 0.014 0.006 0.001 0.002 -0.001 0.008 0.011 0.001 -0.001 0.000 0.000 -0.000 -0.000 0.001 0.002 0.001 0.006 0.015 0.017 0.019 0.030 0.031 0.035 0.031 0.033 0.038 0.035 0.039 0.035 0.037 0.037 0.039 0.040 0.045 0.042 0.046 0.052 0.054 0.053 0.055 0.051 0.060
-0.000 0.000 0.000 0.000 0.000 0.004 0.000 0.006 0.009 0.003 0.007 0.001 0.000 0.000 0.001 0.000 0.000 0.004 0.004 0.005 0.007 0.009 0.007 0.010 0.013 0.009 0.022 0.028 0.022 0.014 0.011 0.012 0.008 0.005 0.013 0.006 -0.000 -0.000 -0.002 0.000 0.000 0.010 0.018 0.000 -0.001 -0.001 -0.001 -0.000 0.001 0.004 0.007 0.015 0.022 0.027 0.030 0.033 0.033 0.034 0.037 0.039 0.041 0.036 0.039 0.038 0.040 0.039 0.040 0.043 0.047 0.050 0.049 0.049 0.056 0.054 0.055 0.052
-0.000 0.000 0.000 0.000 0.000 0.002 0.004 0.007 0.001 0.001 0.001 0.013 0.000 0.001 0.001 0.000 0.003 0.002 0.002 0.006 0.012 0.004 0.008 0.010 0.015 0.009 0.026 0.027 0.018 0.013 0.017 0.011 0.007 0.005 0.004 0.009 0.005 -0.000 -0.000 0.000 0.000 -0.000 0.010 0.015 0.000 -0.000 -0.003 0.000 0.003 0.006 0.008 0.017 0.026 0.028 0.030 0.031 0.036 0.038 0.036 0.035 0.037 0.039 0.039 0.036 0.038 0.039 0.044 0.045 0.045 0.051 0.053 0.051 0.051 0.054 0.056 0.058
0.000 0.000 0.000 -0.000 0.000 0.002 0.006 0.006 0.001 0.000 0.000 0.008 0.008 0.001 0.000 0.001 0.005 0.001 0.002 0.006 0.013 0.004 0.007 0.017 0.013 0.016 0.018 0.021 0.018 0.012 0.018 0.008 0.010 0.005 0.004 0.005 0.005 0.000 0.003 0.001 0.001 -0.000 0.004 0.000 0.001 0.000 0.019 0.000 0.002 0.007 0.010 0.019 0.029 0.035 0.035 0.036 0.038 0.037 0.041 0.037 0.041 0.040 0.039 0.041 0.035 0.041 0.044 0.049 0.051 0.047 0.050 0.054 0.053 0.056 0.053 0.056
0.000 0.000 0.000 0.000 0.000 0.000 0.005 0.006 0.004 0.000 0.000 0.005 0.007 0.003 0.000 0.000 0.007 0.000 0.002 0.005 0.009 0.011 0.007 0.020 0.017 0.011 0.020 0.014 0.024 0.012 0.011 0.009 0.012 0.007 0.005 0.001 0.011 0.001 0.002 0.000 0.003 0.000 -0.000 0.000 0.003 0.002 0.005 0.000 0.007 0.020 0.011 0.020 0.035 0.035 0.032 0.040 0.035 0.038 0.040 0.042 0.040 0.042 0.041 0.040 0.045 0.043 0.045 0.044 0.050 0.051 0.048 0.055 0.054 0.052 0.054 0.050
0.000 0.000 0.000 0.000 0.000 0.000 0.004 0.000 0.006 0.003 0.002 0.004 0.003 0.001 0.001 -0.001 0.006 0.001 0.002 0.001 0.015 0.016 0.021 0.015 0.012 0.010 0.022 0.014 0.025 0.011 0.011 0.011 0.016 0.004 0.003 0.001 -0.000 0.015 0.000 0.000 0.003 0.000 0.000 0.000 0.000 0.000 0.005 0.003 0.007 0.018 0.024 0.029 0.032 0.032 0.040 0.035 0.040 0.041 0.037 0.043 0.040 0.042 0.041 0.043 0.043 0.042 0.040 0.052 0.047 0.055 0.053 0.050 0.054 0.059 0.059 0.057
0.000 0.000 0.000 0.000 0.000 0.001 0.003 0.000 -0.000 0.005 0.004 0.004 0.004 -0.000 0.002 0.000 0.007 0.001 0.002 0.001 0.003 0.031 0.019 0.015 0.013 0.010 0.019 0.017 0.022 0.010 0.010 0.019 0.009 0.005 0.003 0.001 0.000 0.015 0.000 0.001 0.002 -0.000 -0.001 -0.002 0.003 0.001 0.002 0.006 0.013 0.020 0.025 0.029 0.033 0.038 0.037 0.041 0.039 0.040 0.042 0.041 0.042 0.041 0.046 0.041 0.039 0.046 0.046 0.044 0.049 0.050 0.052 0.053 0.060 0.053 0.053 0.054
0.000 -0.000 0.000 0.000 0.001 0.001 0.002 0.001 0.000 0.004 0.003 0.004 0.005 0.000 0.002 0.000 0.008 0.001 0.001 0.001 0.003 0.024 0.021 0.016 0.021 0.013 0.013 0.023 0.015 0.011 0.011 0.022 0.006 0.008 0.001 0.002 0.001 0.005 0.006 0.002 0.003 -0.000 -0.009 0.001 0.005 0.003 0.004 0.010 0.018 0.023 0.030 0.033 0.036 0.037 0.039 0.037 0.044 0.044 0.045 0.047 0.041 0.045 0.043 0.044 0.041 0.045 0.049 0.053 0.052 0.048 0.056 0.056 0.050 0.054 0.055 0.056
-0.000 0.000 0.000 -0.000 -0.000 -0.000 0.004 0.001 0.001 0.003 0.000 0.005 0.008 0.001 0.004 0.000 0.003 0.006 0.000 0.002 0.006 0.013 0.033 0.013 0.025 0.013 0.019 0.011 0.015 0.009 0.014 0.015 0.011 0.005 0.003 0.002 0.001 0.003 0.001 -0.000 0.000 0.001 0.000 0.003 0.004 0.004 0.008 0.020 0.024 0.025 0.027 0.031 0.033 0.035 0.039 0.044 0.038 0.042 0.042 0.040 0.049 0.046 0.041 0.040 0.045 0.044 0.049 0.046 0.052 0.056 0.052 0.050 0.059 0.059 0.050 0.051
0.000 0.000 0.000 0.000 -0.000 -0.000 0.000 0.000 0.000 0.008 0.000 0.002 0.006 0.002 0.004 0.003 0.003 0.003 0.002 0.005 0.005 0.012 0.027 0.018 0.030 0.019 0.011 0.009 0.015 0.010 0.022 0.009 0.004 0.000 0.014 0.002 0.001 0.003 0.000 -0.000 0.001 0.002 -0.001 -0.002 0.004 0.007 0.014 0.025 0.026 0.029 0.032 0.035 0.037 0.040 0.040 0.042 0.050 0.043 0.043 0.048 0.042 0.045 0.044 0.044 0.046 0.053 0.045 0.050 0.050 0.052 0.054 0.053 0.051 0.051 0.063 0.059
0.000 -0.000 0.000 0.000 0.000 0.000 0.000 0.000 0.001 0.004 0.002 0.002 0.007 0.001 0.001 0.000 0.000 0.004 0.005 0.008 0.007 0.018 0.014 0.016 0.018 0.041 0.009 0.009 0.008 0.015 0.027 0.011 0.002 0.000 0.002 -0.000 0.006 0.005 0.001 -0.000 0.000 0.002 0.001 -0.000 0.004 0.010 0.018 0.029 0.029 0.031 0.032 0.034 0.036 0.039 0.042 0.043 0.041 0.046 0.051 0.047 0.047 0.044 0.044 0.045 0.044 0.043 0.050 0.052 0.053 0.057 0.056 0.057 0.061 0.057 0.050 0.054
-0.000 0.000 0.000 0.000 0.000 0.000 0.000 -0.000 0.001 0.002 0.002 0.001 0.001 0.007 0.004 0.000 0.000 0.004 0.005 0.007 0.009 0.017 0.013 0.016 0.020 0.024 0.020 0.015 0.007 0.014 0.028 0.013 0.001 0.000 0.001 0.000 0.001 0.009 0.002 0.001 -0.000 -0.001 0.000 0.001 0.005 0.013 0.021 0.031 0.032 0.031 0.038 0.038 0.038 0.039 0.044 0.046 0.045 0.047 0.047 0.047 0.046 0.044 0.045 0.044 0.048 0.049 0.051 0.052 0.053 0.050 0.051 0.055 0.052 0.060 0.058 0.054
0.000 0.000 0.000 0.000 0.000 0.000 0.000 0.000 0.001 0.001 -0.001 -0.001 0.000 0.012 0.006 0.001 0.002 0.005 0.008 0.008 0.009 0.011 0.016 0.014 0.020 0.021 0.010 0.017 0.017 0.025 0.013 0.013 0.003 -0.000 0.001 0.000 0.000 0.010 0.002 0.004 0.002 0.001 0.001 0.003 0.006 0.015 0.028 0.031 0.033 0.036 0.037 0.042 0.044 0.046 0.045 0.045 0.050 0.046 0.043 0.049 0.049 0.047 0.043 0.047 0.045 0.050 0.051 0.055 0.052 0.054 0.058 0.052 0.061 0.056 0.059 0.052
0.000 0.000 0.000 0.000 0.000 0.000 0.000 -0.000 0.000 0.000 -0.000 -0.000 0.001 0.002 0.006 0.005 0.006 0.007 0.010 0.008 0.007 0.011 0.016 0.014 0.026 0.012 0.011 0.009 0.028 0.021 0.008 0.008 0.013 0.001 0.002 0.002 0.000 0.009 0.002 0.004 0.002 0.001 0.001 0.003 0.006 0.011 0.030 0.036 0.038 0.040 0.038 0.041 0.042 0.044 0.049 0.048 0.051 0.052 0.051 0.050 0.048 0.042 0.045 0.045 0.053 0.051 0.052 0.053 0.056 0.060 0.053 0.058 0.056 0.055 0.048 0.063
0.032 0.002 0.000 0.001 0.001 -0.000 0.000 0.000 0.000 0.000 -0.000 0.000 -0.004 0.000 0.003 0.011 0.007 0.009 0.010 0.008 0.007 0.014 0.013 0.023 0.016 0.011 0.011 0.011 0.032 0.015 0.008 0.007 0.007 0.007 0.003 0.005 0.000 0.002 -0.001 0.013 0.002 0.000 0.000 0.004 0.006 0.015 0.033 0.035 0.041 0.040 0.043 0.043 0.048 0.049 0.048 0.048 0.049 0.050 0.053 0.048 0.047 0.048 0.045 0.050 0.047 0.051 0.054 0.054 0.058 0.049 0.058 0.057 0.052 0.059 0.058 0.053
0.034 0.000 0.000 -0.000 0.002 0.000 0.000 0.000 0.000 -0.001 -0.004 -0.000 -0.000 0.002 0.003 0.011 0.006 0.007 0.013 0.008 0.015 0.010 0.015 0.016 0.015 0.014 0.011 0.013 0.030 0.013 0.008 0.006 0.005 0.005 0.001 0.006 0.000 -0.001 0.002 0.002 0.005 -0.000 0.007 0.013 0.007 0.023 0.037 0.041 0.040 0.042 0.044 0.050 0.047 0.051 0.053 0.048 0.049 0.053 0.050 0.047 0.048 0.042 0.050 0.047 0.052 0.054 0.055 0.056 0.057 0.060 0.058 0.057 0.059 0.052 0.059 0.052
0.034 0.000 0.001 0.000 0.001 0.001 0.000 -0.001 -0.003 -0.002 0.000 0.001 0.000 0.001 0.004 0.009 0.007 0.007 0.010 0.009 0.016 0.011 0.014 0.014 0.016 0.014 0.011 0.015 0.026 0.012 0.008 0.009 0.005 0.010 0.001 0.003 -0.001 0.000 0.003 0.003 0.007 0.000 0.004 0.013 0.012 0.032 0.036 0.040 0.042 0.046 0.047 0.045 0.048 0.051 0.053 0.056 0.051 0.052 0.050 0.052 0.046 0.049 0.048 0.054 0.052 0.056 0.054 0.059 0.054 0.058 0.059 0.054 0.057 0.059 0.055 0.055
0.000 0.024 0.007 0.002 0.002 0.000 -0.003 -0.001 -0.002 0.000 0.000 0.000 -0.000 0.002 0.004 0.006 0.009 0.007 0.010 0.011 0.014 0.013 0.012 0.012 0.017 0.014 0.014 0.017 0.027 0.013 0.008 0.009 0.004 0.004 0.005 0.003 0.004 0.000 0.003 0.002 0.004 0.001 0.007 0.011 0.024 0.031 0.039 0.041 0.045 0.045 0.048 0.052 0.053 0.054 0.052 0.055 0.057 0.053 0.051 0.048 0.045 0.047 0.052 0.050 0.051 0.053 0.057 0.052 0.058 0.057 0.056 0.061 0.061 0.060 0.052 0.058
0.000 0.003 0.003 0.002 0.024 -0.000 0.000 -0.000 0.000 -0.000 0.000 0.000 0.001 0.003 0.004 0.004 0.011 0.005 0.008 0.014 0.009 0.015 0.013 0.014 0.016 0.013 0.015 0.013 0.031 0.009 0.010 0.007 0.006 0.004 0.008 0.004 0.006 -0.000 -0.003 0.002 0.003 0.005 0.005 0.015 0.028 0.040 0.040 0.045 0.044 0.050 0.048 0.047 0.053 0.056 0.055 0.056 0.054 0.053 0.053 0.051 0.049 0.050 0.048 0.053 0.056 0.054 0.056 0.064 0.060 0.061 0.060 0.057 0.059 0.053 0.059 0.050
0.000 0.001 -0.000 0.000 0.000 0.031 -0.000 -0.002 0.000 0.003 0.000 0.000 -0.000 0.003 0.004 0.004 0.009 0.006 0.009 0.012 0.010 0.014 0.013 0.019 0.010 0.015 0.014 0.011 0.021 0.012 0.018 0.006 0.007 0.006 0.008 0.003 0.002 0.001 0.000 0.000 0.005 0.005 0.008 0.022 0.037 0.037 0.044 0.043 0.050 0.049 0.052 0.059 0.054 0.058 0.055 0.053 0.057 0.049 0.049 0.047 0.050 0.048 0.055 0.052 0.055 0.062 0.058 0.056 0.058 0.061 0.058 0.060 0.058 0.057 0.058 0.055
0.000 0.000 -0.000 0.000 0.000 0.008 0.008 0.006 -0.000 0.000 0.009 0.002 0.000 0.001 0.003 0.005 0.008 0.007 0.010 0.011 0.009 0.016 0.017 0.016 0.012 0.014 0.012 0.013 0.017 0.009 0.026 0.004 0.005 0.007 0.006 0.008 0.003 0.004 0.000 0.001 0.003 0.006 0.014 0.031 0.037 0.039 0.041 0.044 0.047 0.050 0.055 0.055 0.059 0.054 0.063 0.062 0.052 0.053 0.051 0.051 0.047 0.051 0.050 0.053 0.059 0.056 0.059 0.061 0.058 0.056 0.061 0.059 0.058 0.058 0.054 0.056
0.000 0.000 0.000 0.000 0.000 -0.003 -0.000 0.026 0.000 0.000 0.000 0.001 0.002 0.001 0.004 0.007 0.007 0.007 0.010 0.013 0.009 0.017 0.018 0.016 0.014 0.015 0.013 0.015 0.009 0.010 0.006 0.011 0.012 0.010 0.005 0.016 0.001 0.001 0.000 0.004 0.004 0.009 0.021 0.032 0.037 0.042 0.045 0.047 0.052 0.055 0.057 0.057 0.057 0.064 0.056 0.056 0.056 0.055 0.053 0.048 0.052 0.052 0.059 0.057 0.056 0.058 0.062 0.059 0.062 0.062 0.059 0.059 0.056 0.059 0.057 0.053
