Data/res-0210.Qy
ncols         433
nrows         492
xllcorner     1194560.000000
yllcorner     -584483.500000
cellsize      25.000000
NODATA_value  -9999.000000
[rows 198 to 230 of 492, columns 0 to 75 of 433]
0.000 0.000 0.000 0.000 0.000 0.000 0.000 0.000 0.000 0.000 0.000 0.000 0.000 0.000 0.000 0.000 0.010 0.026 0.044 0.140 0.268 0.125 0.007 0.067 0.340 0.072 0.044 0.029 0.034 0.138 0.020 0.080 0.059 0.005 0.000 0.019 0.057 0.012 0.008 0.009 0.017 0.024 0.003 0.000 0.002 0.003 0.000 0.000 0.000 0.000 0.000 0.000 0.000 0.039 0.021 0.001 0.003 0.021 0.077 0.079 0.034 0.033 0.031 0.023 0.002 0.000 0.000 0.000 0.000 0.000 0.000 0.000 0.000 0.000 0.000 0.003
0.000 0.000 0.000 0.000 0.000 0.000 0.000 0.000 0.000 0.000 0.000 0.000 0.000 0.000 0.000 0.000 0.009 0.023 0.048 0.308 0.124 0.073 0.012 0.088 0.338 0.070 0.067 0.020 0.039 0.125 0.018 0.002 0.136 0.005 0.000 0.017 0.019 0.027 0.029 0.013 0.012 0.029 0.002 0.000 0.002 0.004 0.000 0.000 0.000 0.000 0.000 0.000 0.000 0.017 0.004 0.018 0.013 0.017 0.003 0.168 0.030 0.019 0.019 0.031 0.024 0.001 0.000 0.000 0.000 0.000 0.000 0.000 0.000 0.000 0.000 0.009
0.000 0.000 0.000 0.000 0.000 0.000 0.000 0.000 0.000 0.000 0.000 0.000 0.000 0.000 0.000 0.000 0.009 0.039 0.100 0.274 0.104 0.016 0.028 0.159 0.296 0.081 0.064 0.016 0.020 0.137 0.017 0.002 0.045 0.096 0.000 0.016 0.020 0.011 0.041 0.015 0.010 0.021 0.015 0.000 0.001 0.003 0.000 0.000 0.000 0.000 0.000 0.000 0.000 0.009 0.006 0.007 0.007 0.022 0.014 0.074 0.130 0.007 0.011 0.024 0.010 0.002 0.008 0.024 0.007 0.000 0.000 0.000 0.000 0.000 0.000 0.013
0.000 0.000 0.000 0.000 0.000 0.000 0.000 0.000 0.000 0.000 0.000 0.000 0.000 0.000 0.000 0.000 0.008 0.117 0.271 0.074 0.055 0.011 0.029 0.260 0.226 0.074 0.050 0.019 0.010 0.139 0.015 0.007 0.025 0.034 0.071 0.031 0.017 0.005 0.035 0.018 0.010 0.019 0.021 0.001 0.000 0.002 0.001 0.000 0.000 0.000 0.000 0.000 0.000 0.000 0.000 0.000 0.018 0.009 0.023 0.043 0.020 0.064 0.077 0.041 0.017 0.005 0.000 0.024 0.009 0.000 0.010 0.000 0.000 0.000 0.000 0.020
0.000 0.000 0.000 0.000 0.000 0.000 0.000 0.000 0.000 0.000 0.000 0.000 0.000 0.000 0.000 0.000 0.007 0.218 0.198 0.052 0.045 0.008 0.048 0.272 0.223 0.071 0.024 0.031 0.007 0.133 0.024 0.010 0.007 0.032 0.056 0.061 0.017 0.004 0.004 0.050 0.009 0.008 0.031 0.001 0.000 0.002 0.000 0.001 0.000 0.000 0.000 0.000 0.000 0.000 0.000 0.000 0.017 0.003 0.014 0.006 0.023 0.062 0.011 0.043 0.129 0.008 0.000 0.021 0.012 0.000 0.012 0.004 0.015 0.004 0.004 0.016
0.000 0.000 0.000 0.000 0.000 0.000 0.000 0.000 0.000 0.000 0.000 0.000 0.000 0.000 0.000 0.011 0.103 0.102 0.211 0.048 0.044 0.008 0.076 0.256 0.216 0.069 0.019 0.040 0.000 0.083 0.075 0.010 0.005 0.026 0.048 0.060 0.032 0.003 0.004 0.053 0.006 0.000 0.038 0.001 0.000 0.002 0.000 0.001 0.000 0.000 0.000 0.000 0.000 0.000 0.000 0.000 0.017 0.002 -0.000 0.000 0.014 0.086 0.011 0.022 0.040 0.115 0.004 0.014 0.025 0.000 0.009 0.024 0.013 0.007 0.017 0.020
0.000 0.000 0.000 0.000 0.000 0.000 0.000 -0.000 0.000 0.000 0.000 0.000 0.000 0.001 0.001 0.081 0.026 0.074 0.238 0.049 0.021 0.042 0.079 0.278 0.146 0.098 0.036 0.033 0.000 0.024 0.129 0.018 0.003 0.024 0.024 0.084 0.033 0.000 0.007 0.054 0.005 0.000 0.014 0.025 0.000 0.002 0.000 0.001 0.000 0.000 0.000 0.000 0.000 0.000 0.000 0.000 0.018 0.000 0.001 0.000 0.012 0.039 0.052 0.017 0.025 0.001 0.083 0.043 0.027 0.012 0.028 0.037 0.013 0.008 0.021 0.020
0.000 0.000 0.000 0.000 0.000 0.000 0.000 0.000 0.000 0.000 0.000 0.000 0.000 0.015 0.022 0.059 0.005 0.077 0.209 0.073 0.017 0.023 0.110 0.299 0.125 0.083 0.044 0.038 0.001 0.015 0.124 0.035 0.005 0.019 0.018 0.087 0.034 0.000 0.020 0.041 0.005 0.000 0.000 0.026 0.007 0.007 0.000 0.001 0.000 0.000 0.000 0.000 0.000 0.000 0.000 0.015 0.003 0.000 0.000 0.000 0.022 0.005 0.052 0.030 0.029 0.004 0.017 0.089 0.019 0.017 0.013 0.083 0.028 0.040 0.009 0.006
0.000 0.000 0.000 0.000 0.000 0.000 0.000 0.000 0.000 0.000 0.000 0.000 -0.000 0.027 0.016 0.053 0.004 0.091 0.178 0.040 0.061 0.024 0.151 0.253 0.134 0.075 0.036 0.048 0.015 0.007 0.063 0.099 0.017 0.008 0.013 0.050 0.026 0.035 0.046 0.026 0.004 0.001 0.000 0.005 0.029 0.000 0.005 0.002 0.000 0.000 0.000 0.000 0.000 0.000 0.000 0.015 0.002 0.000 0.000 0.007 0.015 0.003 0.034 0.050 0.027 0.004 0.014 0.094 0.020 0.017 0.011 0.066 0.059 0.033 0.011 0.006
0.000 0.000 0.000 0.000 0.000 0.000 0.000 0.000 0.000 0.000 0.000 0.000 0.008 0.012 0.010 0.024 0.038 0.151 0.092 0.034 0.061 0.056 0.172 0.198 0.135 0.052 0.064 0.063 0.051 0.024 0.015 0.103 0.033 0.007 0.008 0.036 0.036 0.043 0.052 0.017 0.004 0.000 0.000 0.002 0.032 0.000 0.001 0.004 0.002 0.000 0.000 0.000 0.000 0.000 0.000 0.015 0.002 0.000 0.000 0.012 0.011 0.002 0.025 0.062 0.022 0.006 0.007 0.101 0.026 0.011 0.010 0.033 0.091 0.037 0.019 0.007
0.000 0.000 0.000 0.000 0.000 -0.000 0.000 0.000 0.000 0.000 0.000 0.000 0.001 0.010 0.014 0.022 0.094 0.078 0.064 0.047 0.061 0.105 0.156 0.170 0.160 0.066 0.046 0.048 0.078 0.026 0.011 0.086 0.052 0.007 0.006 0.032 0.077 0.024 0.034 0.017 0.004 0.000 0.000 0.001 0.032 0.000 0.001 0.004 0.002 0.000 0.000 0.000 0.000 0.000 0.000 0.016 0.002 0.000 0.000 0.014 0.009 0.002 0.019 0.038 0.051 0.008 0.005 0.076 0.054 0.011 0.011 0.025 0.043 0.089 0.021 0.006
0.000 0.000 0.000 -0.000 0.000 0.000 0.000 0.000 0.000 0.000 0.000 0.000 0.001 0.007 0.013 0.046 0.060 0.048 0.039 0.063 0.075 0.158 0.132 0.096 0.221 0.094 0.046 0.052 0.043 0.061 0.028 0.052 0.061 0.012 0.011 0.053 0.058 0.025 0.024 0.013 0.003 0.000 0.000 0.001 0.031 0.000 0.001 0.004 0.000 0.000 0.000 -0.001 -0.000 0.008 0.000 0.002 0.009 0.000 0.001 0.006 0.016 0.003 0.014 0.030 0.053 0.018 0.007 0.071 0.046 0.026 0.015 0.016 0.022 0.114 0.024 0.005
0.000 0.000 0.000 0.000 0.000 0.000 0.000 0.000 0.000 0.000 0.000 0.000 0.000 0.006 0.017 0.019 0.046 0.021 0.041 0.085 0.097 0.127 0.163 0.063 0.215 0.140 0.068 0.064 0.038 0.041 0.056 0.027 0.055 0.048 0.042 0.076 0.005 0.008 0.019 0.003 0.001 0.000 0.000 -0.000 0.018 0.001 -0.001 0.001 0.010 0.003 0.003 0.001 0.001 0.009 0.000 0.001 0.005 0.002 0.004 0.004 0.011 0.012 0.009 0.029 0.041 0.032 0.017 0.073 0.027 0.032 0.020 0.013 0.017 0.117 0.025 0.008
0.000 0.000 0.000 0.000 0.000 0.000 0.000 0.000 0.000 0.000 0.000 0.000 0.000 0.007 0.002 0.030 0.020 0.021 0.043 0.101 0.076 0.120 0.190 0.043 0.140 0.222 0.088 0.081 0.047 0.033 0.040 0.031 0.078 0.045 0.033 0.067 0.015 0.003 0.009 0.002 0.000 0.000 0.000 -0.000 0.011 0.001 -0.000 -0.000 0.010 0.001 0.002 0.003 0.002 0.016 0.000 0.001 0.004 0.002 0.007 0.002 0.008 0.020 0.023 0.013 0.052 0.057 0.014 0.043 0.027 0.016 0.026 0.027 0.036 0.033 0.079 0.014
0.000 0.000 0.000 0.000 0.000 0.000 0.000 0.000 0.000 0.000 0.000 0.000 0.000 0.005 0.003 0.025 0.006 0.007 0.056 0.118 0.059 0.130 0.189 0.041 0.126 0.240 0.091 0.086 0.050 0.033 0.039 0.034 0.101 0.023 0.033 0.064 0.017 0.001 0.006 0.000 0.000 0.000 0.000 0.000 0.000 0.010 0.000 -0.000 0.003 0.001 -0.002 -0.000 0.008 0.021 0.002 0.001 0.005 0.001 0.008 0.002 0.009 0.022 0.021 0.012 0.056 0.053 0.016 0.041 0.029 0.015 0.027 0.036 0.028 0.030 0.062 0.023
0.000 0.000 0.000 0.000 0.000 0.000 0.000 0.000 0.000 0.000 0.000 0.000 0.000 0.004 0.010 0.013 0.004 0.012 0.057 0.111 0.056 0.147 0.166 0.045 0.121 0.231 0.103 0.089 0.057 0.040 0.038 0.039 0.103 0.026 0.041 0.049 0.014 0.002 0.004 0.000 0.000 0.000 0.000 0.000 0.000 0.000 0.004 0.000 -0.000 -0.000 0.003 0.001 0.001 0.001 0.032 0.000 0.005 0.001 0.008 0.007 0.005 0.006 0.028 0.025 0.046 0.053 0.026 0.032 0.027 0.038 0.030 0.013 0.033 0.032 0.056 0.037
0.000 0.000 0.000 0.000 0.000 0.000 0.000 0.000 0.000 0.000 0.000 0.000 0.000 0.004 0.007 0.011 0.004 0.017 0.064 0.081 0.064 0.142 0.160 0.049 0.110 0.187 0.061 0.071 0.124 0.081 0.056 0.067 0.100 0.043 0.044 0.026 0.004 0.004 0.000 0.000 0.000 0.000 0.000 0.000 0.000 0.000 0.000 0.003 0.000 0.000 0.001 0.000 0.001 0.003 0.001 0.007 0.029 0.005 0.003 0.010 0.007 0.006 0.020 0.032 0.057 0.020 0.034 0.038 0.027 0.053 0.024 0.011 0.043 0.026 0.046 0.046
0.000 0.000 0.000 0.000 0.000 0.000 0.000 0.000 0.000 0.000 0.000 0.000 0.000 0.005 0.003 0.010 0.005 0.025 0.029 0.061 0.092 0.111 0.121 0.112 0.101 0.190 0.068 0.034 0.111 0.086 0.078 0.100 0.109 0.064 0.034 0.023 0.003 0.003 0.000 0.000 0.000 0.000 0.000 0.000 0.000 0.000 0.000 0.003 0.000 -0.000 0.001 0.000 0.001 0.003 0.001 0.006 0.020 0.014 0.001 0.007 0.011 0.015 0.014 0.027 0.056 0.018 0.025 0.036 0.066 0.024 0.021 0.018 0.047 0.027 0.070 0.023
0.000 0.000 0.000 0.000 0.000 0.000 0.000 0.000 0.000 0.000 0.000 0.001 0.004 0.000 0.000 0.001 0.007 0.013 0.022 0.066 0.094 0.100 0.098 0.147 0.091 0.158 0.114 0.031 0.059 0.031 0.128 0.101 0.062 0.163 0.057 0.019 0.002 0.004 0.000 0.000 0.000 0.000 0.000 0.000 0.000 0.000 0.000 0.003 0.000 0.000 0.001 0.000 -0.000 0.001 0.002 0.006 0.012 0.024 0.000 0.006 0.008 0.021 0.018 0.022 0.042 0.023 0.019 0.027 0.089 0.021 0.019 0.018 0.041 0.049 0.068 0.021
0.000 0.000 0.000 0.000 0.000 0.000 0.000 0.000 0.000 0.000 0.000 0.002 0.002 0.000 0.000 0.001 0.002 0.006 0.025 0.064 0.096 0.091 0.083 0.147 0.069 0.080 0.057 0.205 0.055 0.041 0.124 0.096 0.053 0.144 0.075 0.039 0.013 0.002 0.000 0.000 0.000 0.000 0.000 0.000 0.000 0.000 0.000 0.000 0.001 0.000 0.001 0.000 -0.002 -0.000 -0.001 0.005 0.009 0.021 0.001 0.006 0.005 0.017 0.021 0.018 0.038 0.030 0.012 0.028 0.089 0.028 0.025 0.017 0.034 0.075 0.058 0.020
0.000 0.000 0.000 0.000 0.000 0.000 0.000 0.000 0.000 0.000 0.000 0.002 0.002 0.000 0.000 0.000 0.002 0.005 0.022 0.079 0.058 0.093 0.049 0.169 0.064 0.066 0.060 0.180 0.111 0.046 0.119 0.107 0.051 0.116 0.105 0.041 0.020 0.001 0.000 0.000 0.000 0.000 0.000 0.000 0.000 0.000 0.000 0.000 0.000 0.000 0.000 -0.001 -0.001 -0.006 -0.004 -0.003 0.013 0.019 0.001 -0.012 0.008 0.030 0.024 0.011 0.036 0.048 0.008 0.027 0.045 0.068 0.023 0.019 0.033 0.076 0.056 0.027
0.000 0.000 0.000 0.000 0.000 0.000 0.000 0.000 0.000 0.000 0.000 0.002 0.002 0.000 0.000 0.000 0.002 0.004 0.030 0.073 0.051 0.080 0.035 0.115 0.110 0.046 0.068 0.143 0.106 0.073 0.086 0.204 0.049 0.107 0.114 0.047 0.022 0.001 0.000 0.000 0.000 0.000 0.000 0.000 0.000 0.000 0.000 0.000 0.000 0.000 -0.005 0.001 0.000 -0.011 -0.010 -0.007 -0.005 0.006 0.007 0.008 0.016 0.032 0.028 0.007 0.006 0.007 0.056 0.043 0.043 0.039 0.045 0.027 0.033 0.063 0.068 0.033
0.000 0.000 0.000 0.000 0.000 0.000 0.000 0.000 0.000 0.002 0.001 0.000 0.001 0.000 0.000 0.001 0.006 0.008 0.032 0.039 0.065 0.064 0.022 0.097 0.154 0.039 0.047 0.111 0.123 0.066 0.063 0.070 0.252 0.109 0.108 0.055 0.031 0.001 0.000 0.000 0.000 0.000 0.000 0.000 0.000 0.000 0.000 0.000 0.000 0.000 -0.021 -0.000 0.001 -0.013 -0.010 -0.005 -0.022 0.002 0.022 0.005 0.012 0.039 0.014 0.009 0.008 0.003 0.020 0.085 0.050 0.041 0.034 0.036 0.035 0.054 0.058 0.055
0.000 0.000 0.000 0.000 0.000 0.000 0.000 0.000 0.000 0.002 0.001 0.000 0.000 0.000 0.000 0.000 0.001 0.012 0.026 0.023 0.055 0.085 0.021 0.075 0.152 0.055 0.034 0.067 0.169 0.035 0.043 0.025 0.133 0.344 0.079 0.063 0.049 0.011 0.000 0.001 0.000 -0.000 0.000 0.000 0.000 0.000 0.000 0.000 0.000 0.000 -0.022 -0.000 -0.011 -0.033 -0.003 -0.005 -0.024 0.002 0.024 0.002 0.007 0.043 0.009 0.027 0.014 0.003 0.003 0.086 0.048 0.042 0.020 0.018 0.057 0.048 0.045 0.096
0.000 0.000 0.000 0.000 0.000 0.000 0.000 0.000 0.000 0.002 0.001 0.000 0.000 0.000 0.000 0.000 0.001 0.013 0.006 0.027 0.041 0.059 0.040 0.068 0.135 0.095 0.026 0.051 0.092 0.097 0.055 0.029 0.028 0.394 0.173 0.055 0.046 0.025 0.000 0.000 0.000 0.000 0.000 0.000 0.000 -0.006 -0.002 -0.005 0.002 -0.009 -0.028 -0.006 -0.020 -0.043 -0.029 -0.005 -0.008 0.001 0.023 -0.004 -0.017 0.013 0.078 0.061 0.005 0.012 0.006 0.070 0.042 0.052 0.018 0.022 0.041 0.054 0.044 0.059
0.000 0.000 0.000 0.000 0.000 0.000 0.000 0.000 0.000 0.001 0.000 0.001 0.001 0.000 0.000 0.000 0.001 0.011 0.003 0.003 0.011 0.049 0.067 0.037 0.101 0.113 0.032 0.036 0.114 0.049 0.143 0.020 0.036 0.204 0.353 0.072 0.040 0.045 0.011 0.003 0.000 0.000 0.000 -0.007 -0.004 -0.018 0.001 0.000 -0.010 -0.046 -0.015 -0.009 -0.037 -0.035 -0.012 -0.004 -0.005 -0.008 -0.057 0.008 0.008 0.006 0.051 0.016 0.025 0.020 0.058 0.053 0.062 0.085 0.032 0.027 0.036 0.049 0.043 0.055
0.000 0.000 0.000 0.000 0.000 0.000 0.000 0.000 0.000 0.000 0.001 0.000 0.000 0.000 0.001 0.000 0.001 -0.000 -0.001 0.000 0.008 0.052 0.058 0.041 0.069 0.068 0.060 0.023 0.163 0.039 0.047 0.094 0.045 0.107 0.075 0.362 0.166 0.039 0.018 0.003 0.001 0.000 -0.004 -0.063 -0.106 -0.015 0.008 0.011 -0.044 -0.016 0.005 -0.087 -0.044 -0.025 -0.014 -0.004 0.010 0.042 0.042 0.026 0.016 0.011 0.020 0.012 0.015 0.010 0.052 0.068 0.055 0.044 0.020 0.048 0.087 0.065 0.045 0.061
0.000 0.000 0.000 0.000 0.000 0.000 0.000 0.000 0.000 0.000 0.001 0.000 0.000 0.000 0.000 0.000 0.000 0.000 0.000 0.000 0.007 0.044 0.033 0.051 0.063 0.062 0.055 0.032 0.141 0.013 0.003 0.060 0.094 0.107 0.058 0.048 0.247 0.227 0.037 -0.004 0.007 0.010 -0.032 -0.086 -0.041 -0.037 -0.041 -0.018 -0.001 0.001 -0.012 -0.005 -0.029 -0.020 -0.020 -0.001 0.003 0.049 0.091 0.019 0.030 0.018 0.026 0.014 0.016 0.012 0.036 0.043 0.047 0.063 0.037 0.051 0.082 0.077 0.049 0.043
0.000 0.000 0.000 0.000 0.000 0.000 0.000 0.000 0.000 0.000 0.000 0.000 -0.000 0.000 0.000 0.000 0.000 0.000 0.000 0.004 0.012 0.015 0.029 0.051 0.058 0.062 0.049 0.035 0.126 0.039 -0.000 -0.008 0.041 0.184 0.024 0.031 0.070 0.075 0.089 0.071 0.013 0.012 0.037 0.008 0.003 -0.007 -0.007 -0.000 0.004 -0.016 -0.064 -0.031 -0.005 0.011 0.008 0.001 -0.000 0.005 0.024 0.018 0.022 0.065 0.069 0.028 0.021 0.014 0.020 0.031 0.040 0.059 0.083 0.044 0.065 0.117 0.048 0.046
0.000 0.000 0.000 0.000 0.000 0.000 0.000 0.000 0.000 0.000 0.000 0.000 0.000 0.000 0.000 0.000 0.000 -0.000 0.002 0.002 0.003 0.013 0.010 0.047 0.053 0.059 0.051 0.035 0.093 0.058 0.005 0.002 0.059 0.192 0.006 0.008 0.013 0.078 0.051 0.076 0.011 0.009 0.108 0.015 0.023 0.014 0.004 0.000 -0.002 -0.131 -0.067 -0.012 -0.004 -0.005 0.003 0.022 -0.004 0.007 0.086 0.024 0.017 0.043 0.001 0.006 0.056 0.079 0.034 0.028 0.048 0.056 0.112 0.043 0.057 0.104 0.046 0.056
0.000 0.000 0.000 0.000 0.000 0.000 0.000 0.000 0.000 0.000 0.000 0.000 0.000 0.000 0.000 0.000 0.000 0.000 0.000 0.000 0.004 0.002 0.000 0.030 0.052 0.031 0.077 0.031 0.100 0.086 0.003 0.004 0.028 0.134 0.067 0.005 0.009 0.033 0.056 0.054 0.035 0.025 0.010 0.024 0.016 -0.016 0.001 -0.023 -0.038 -0.008 0.014 0.004 0.000 -0.009 -0.012 0.001 0.011 0.019 0.074 0.046 0.018 0.023 0.011 0.005 0.032 0.129 0.027 0.026 0.029 0.069 0.088 0.054 0.075 0.106 0.023 0.016
0.000 0.000 0.000 0.000 0.000 0.000 0.000 0.000 0.000 0.000 0.000 0.000 0.000 0.000 0.000 0.000 0.000 0.000 0.000 -0.000 0.003 0.003 0.000 0.021 0.029 0.021 0.099 0.031 0.081 0.094 -0.004 -0.030 0.009 0.131 0.044 0.005 0.042 0.046 0.049 0.057 0.030 -0.012 -0.006 -0.011 -0.009 -0.034 -0.009 0.003 -0.005 0.002 0.016 0.015 0.033 0.029 0.018 0.005 0.009 0.019 0.016 0.006 0.069 0.085 0.012 0.004 0.011 0.140 0.019 0.035 0.030 0.083 0.029 0.056 0.039 0.092 0.077 0.021
0.000 0.000 0.000 0.000 0.000 0.000 0.000 0.000 0.000 0.000 0.000 0.000 0.000 0.000 0.000 0.000 0.000 0.000 0.000 0.000 0.000 0.002 0.003 0.012 0.004 0.029 0.102 0.025 0.037 0.079 -0.007 -0.011 -0.004 0.143 0.083 0.007 -0.001 0.047 0.040 0.071 0.038 0.014 -0.005 -0.022 -0.018 -0.046 -0.020 -0.004 -0.001 0.016 0.004 0.003 0.028 0.005 0.038 0.025 0.011 0.041 0.043 0.008 0.052 0.053 0.035 0.018 0.011 0.170 0.010 0.026 0.035 0.093 0.028 0.032 0.034 0.056 0.052 0.051
