Data/res-0330.Qx
ncols         434
nrows         491
xllcorner     1194547.500000
yllcorner     -584471.000000
cellsize      25.000000
NODATA_value  -9999.000000
[rows 374 to 407 of 491, columns 152 to 227 of 434]
0.000 0.000 0.003 0.006 0.004 0.003 -0.082 -0.099 -0.011 -0.009 -0.020 -0.137 -0.230 -0.217 -0.189 -0.060 -0.061 -0.047 -0.015 -0.012 -0.029 -0.041 -0.075 -0.062 -0.062 -0.091 -0.085 -0.103 -0.163 -0.131 -0.128 -0.116 -0.104 -0.073 -0.048 -0.044 -0.054 -0.063 -0.051 -0.043 -0.004 -0.000 0.000 0.000 -0.015 -0.031 -0.008 -0.008 -0.004 -0.001 -1.032 -0.002 -0.016 -0.019 -0.075 -0.074 -0.101 -0.079 -0.072 -0.069 -0.098 -0.128 -0.124 -0.121 -0.094 -0.103 -0.050 -0.041 -0.127 -0.116 -0.066 -0.052 -0.065 -0.088 -0.078 -0.120
0.000 0.000 0.000 0.002 0.004 -0.004 0.003 0.000 0.000 0.001 -0.003 -0.141 -0.043 -0.039 -0.000 0.000 -0.003 -0.028 -0.050 -0.047 -0.031 -0.047 -0.045 -0.078 -0.137 -0.166 -0.232 -0.187 -0.080 -0.056 -0.049 -0.075 -0.111 -0.111 -0.047 -0.039 -0.045 -0.057 -0.012 -0.001 -0.001 -0.002 -0.003 -2.214 -2.269 -2.259 -2.175 -2.174 -2.173 -2.181 -1.182 0.002 -0.013 -0.012 -0.041 -0.041 -0.075 -0.076 -0.077 -0.063 -0.062 -0.081 -0.162 -0.178 -0.203 -0.093 -0.064 -0.052 -0.026 -0.030 -0.091 -0.132 -0.100 -0.088 -0.065 -0.174
0.000 0.000 0.000 0.000 0.000 -0.099 -0.033 -0.001 -0.003 0.001 -0.280 -0.018 -0.016 -0.012 0.000 0.000 0.000 -0.000 0.000 -0.010 -0.074 -0.097 -0.113 -0.083 -0.119 -0.226 -0.126 -0.114 -0.116 -0.118 -0.095 -0.105 -0.084 -0.079 -0.134 -0.017 -0.028 -0.017 -0.007 0.000 0.000 -0.000 -2.244 -0.033 -0.028 -0.049 -0.041 -0.046 -0.066 -0.112 -0.057 -0.041 -0.043 -0.048 -0.068 -0.074 -0.106 -0.116 -0.158 -0.126 -0.075 -0.089 -0.085 -0.072 -0.000 0.000 -0.075 -0.062 -0.058 -0.108 -0.072 -0.093 -0.157 -0.141 -0.105 -0.056
0.000 0.000 0.001 0.000 0.000 -0.001 0.000 0.000 0.001 -0.252 0.002 -0.000 -0.001 0.002 -0.007 -0.020 -0.021 -0.052 -0.057 -0.064 -0.056 -0.236 -0.332 -0.428 -0.343 -0.130 -0.081 -0.067 -0.072 -0.080 -0.140 -0.108 -0.107 -0.082 -0.104 -0.005 -0.020 -0.054 -0.122 -0.143 -0.098 -0.084 -0.022 -0.044 -0.056 -0.021 -0.011 -0.007 -0.152 -0.116 -0.113 -0.087 -0.104 -0.147 -0.126 -0.129 -0.208 -0.154 -0.074 -0.065 -0.092 -0.044 -0.026 -0.027 -0.043 -0.043 -0.028 -0.066 -0.064 -0.034 -0.021 -0.120 -0.111 -0.333 -0.303 -0.121
0.000 0.000 0.000 0.000 0.000 0.013 -0.022 -0.243 -0.325 -0.057 -0.027 -0.017 -0.025 -0.013 -0.024 -0.007 -0.006 -0.019 -0.020 -0.050 -0.237 -0.395 -0.350 -0.237 -0.157 -0.140 -0.126 -0.130 -0.149 -0.198 -0.120 -0.087 -0.073 -0.040 -0.030 -0.086 -0.050 -0.017 -0.022 -0.022 -0.031 -0.013 -0.012 -0.023 -0.024 -0.037 -0.027 -0.021 -0.033 -0.052 -0.069 -0.152 -0.137 -0.138 -0.111 -0.204 -0.166 -0.208 -0.109 -0.096 -0.082 -0.070 -0.087 -0.092 -0.086 -0.073 -0.048 -0.049 -0.134 -0.165 -0.188 -0.117 -0.062 -0.024 -0.060 -0.113
0.000 0.000 0.000 0.000 -0.007 0.059 -0.050 -0.170 -0.080 -0.085 -0.060 -0.050 -0.070 -0.077 -0.049 -0.132 -0.140 -0.155 -0.197 -0.334 -0.445 -0.266 -0.236 -0.198 -0.137 -0.126 -0.169 -0.290 -0.277 -0.158 -0.133 -0.096 -0.099 -0.132 -0.079 -0.107 -0.127 -0.126 -0.166 -0.166 -0.190 -0.115 -0.021 -0.052 -0.049 -0.065 -0.183 -0.218 -0.050 -0.014 -0.007 -0.159 -0.145 -0.078 -0.065 -0.105 -0.104 -0.121 -0.224 -0.132 -0.119 -0.115 -0.045 -0.029 -0.034 -0.053 -0.105 -0.132 -0.108 -0.179 -0.148 -0.045 -0.029 -0.037 -0.076 -0.091
0.000 0.000 -0.002 -0.016 -0.009 0.022 0.006 -0.064 -0.085 -0.128 -0.197 -0.232 -0.289 -0.451 -0.691 -0.856 -1.134 -1.069 -0.897 -0.873 -0.543 -0.254 -0.125 -0.115 -0.182 -0.198 -0.269 -0.155 -0.137 -0.157 -0.134 -0.135 -0.122 -0.114 -0.100 -0.155 -0.086 -0.111 -0.030 -0.032 -0.044 -2.120 -0.295 -0.226 -0.142 -0.144 -0.151 -0.128 -0.053 -0.041 -0.024 -0.094 -0.141 -0.152 -0.150 -0.086 -0.084 -0.077 -0.103 -0.151 -0.144 -0.126 -0.129 -0.115 -0.063 -0.061 -0.084 -0.080 -0.057 -0.032 -0.044 -0.049 -0.028 -0.124 -0.109 -0.090
-0.035 -0.228 -0.409 -0.543 -1.508 -6.854 -6.687 -3.846 -1.276 -1.297 -5.491 -5.652 -5.615 -2.292 -2.053 -1.809 -0.968 -0.917 -0.876 -0.679 -0.427 -0.468 -0.489 -0.318 -0.236 -0.243 -0.164 -0.118 -0.110 -0.117 -0.140 -0.098 -0.101 -0.128 -0.119 -0.131 -0.151 -0.108 -0.137 -0.111 -0.039 -0.031 -0.117 -0.132 -0.118 -0.174 -0.058 -0.050 -0.055 -0.063 -0.055 -0.050 -0.058 -0.081 -0.086 -0.084 -0.090 -0.111 -0.216 -0.202 -0.174 -0.045 -0.062 -0.063 -0.100 -0.115 -0.083 -0.075 -0.064 -0.079 -0.080 -0.080 -0.145 -0.071 -0.117 -0.174
-7.482 -7.286 -7.083 -6.889 -5.889 -0.500 -0.485 -2.782 -5.313 -5.094 -0.804 -0.592 -0.340 -0.498 -0.326 -0.263 -0.300 -0.310 -0.303 -0.278 -0.296 -0.220 -0.156 -0.235 -0.313 -0.189 -0.144 -0.143 -0.118 -0.108 -0.090 -0.150 -0.183 -0.211 -0.157 -0.096 -0.088 -0.023 -0.040 -0.049 -0.034 -0.125 -0.101 -0.128 -0.281 -0.151 -0.088 -0.080 -0.095 -0.118 -0.203 -0.061 -0.080 -0.093 -0.097 -0.112 -0.123 -0.383 -0.278 -0.189 -0.219 -0.318 -0.113 -0.095 -0.071 -0.053 -0.038 -0.027 -0.028 -0.296 -0.402 -0.401 -0.352 -0.248 -0.157 -0.055
-0.019 -0.076 -0.135 -0.178 -0.098 -0.073 -0.060 -0.181 -0.184 -0.117 -0.055 -0.042 -0.025 -0.212 -0.275 -0.195 -0.249 -0.257 -0.173 -0.131 -0.153 -0.140 -0.140 -0.185 -0.175 -0.122 -0.122 -0.108 -0.104 -0.115 -0.155 -0.196 -0.086 -0.079 -0.172 -0.284 -0.105 -0.181 -0.070 -0.070 -0.196 -0.153 -0.173 -0.291 -0.183 -0.107 -0.086 -0.088 -0.135 -0.180 -0.136 -0.107 -0.086 -0.082 -0.083 -0.166 -0.208 -0.137 -0.139 -0.198 -0.197 -0.317 -0.549 -0.114 -0.040 -0.026 -0.022 -0.010 -0.037 -0.055 -0.077 -0.101 -0.137 -0.074 -0.095 -0.099
-0.170 -0.109 -0.055 -0.053 -0.044 -0.061 -0.112 -0.086 -0.059 -0.151 -0.213 -0.215 0.035 -0.034 -0.114 -0.078 -0.182 -0.210 -0.109 -0.107 -0.161 -0.175 -0.225 -0.234 -0.210 -0.253 -0.161 -0.080 -0.100 -0.114 -0.130 -0.115 -0.129 -0.121 -0.119 -0.133 -0.204 -0.167 -0.249 -0.390 -1.367 -0.198 -0.128 -0.068 -0.063 -0.125 -0.168 -0.174 -0.213 -0.122 -0.101 -0.132 -0.111 -0.079 -0.069 -0.176 -0.323 -0.107 -0.101 -0.206 -0.172 -0.157 -0.143 -0.529 -0.238 -0.201 -0.246 -0.537 -0.531 -0.151 -0.084 -0.097 -0.121 -0.082 -0.061 -0.059
-0.058 -0.065 -0.002 -0.000 -0.065 -0.119 -0.087 -0.046 -0.031 -0.087 -0.056 -0.004 2.592 -0.002 -0.003 0.184 -0.039 -0.029 -0.224 -0.200 -0.218 -0.225 -0.240 -0.226 -0.217 -0.249 -0.325 -0.242 -0.203 -0.183 -0.171 -0.125 -0.106 -0.101 -0.114 -0.119 -0.083 -0.121 -0.114 -2.977 -1.956 -0.361 -0.193 -0.088 -0.084 -0.181 -0.110 -0.112 -0.108 -0.128 -0.219 -0.266 -0.169 -0.242 -0.292 -0.175 -0.131 -0.138 -0.142 -0.164 -0.216 -0.009 -0.010 -0.112 -0.381 -0.510 -0.471 -0.205 -0.141 -0.098 -0.111 -0.134 -0.166 -0.154 -0.126 -0.116
-0.017 -0.017 -0.028 -0.014 -0.037 -0.008 -0.004 0.024 -0.019 -0.066 -0.047 0.043 -0.040 -0.178 -0.063 -0.042 -0.112 -0.100 -0.181 -0.200 -0.205 -0.241 -0.204 -0.219 -0.220 -0.172 -0.193 -0.287 -0.178 -0.125 -0.114 -0.144 -0.093 -0.091 -0.092 -0.108 -0.312 -3.079 -3.100 -0.108 -0.075 -0.803 -0.184 -0.279 -0.277 -0.144 -0.057 -0.064 -0.239 -0.322 -0.303 -0.252 -0.374 -0.275 -0.331 -0.238 -0.108 -0.112 -0.114 -0.168 -0.291 -0.437 -0.228 -0.188 -0.182 -0.099 -0.109 -0.102 -0.099 -0.160 -0.170 -0.144 -0.114 -0.105 -0.136 -0.126
0.000 0.000 -0.022 -0.007 -0.006 -0.003 -0.001 -0.006 -0.025 -0.020 -0.007 2.548 -0.000 0.000 -0.105 -0.331 -0.331 -0.182 -0.186 -0.229 -0.308 -0.203 -0.149 -0.147 -0.128 -0.135 -0.134 -0.121 -0.100 -0.093 -0.092 -0.075 -0.100 -0.096 -0.095 -0.112 -0.240 -0.018 -0.030 -0.035 -0.106 -0.129 -0.149 -0.063 -0.069 -0.211 -0.427 -0.415 -0.318 -0.246 -0.243 -0.280 -0.234 -0.270 -0.219 -0.160 -0.144 -0.152 -0.160 -0.139 -0.076 -0.080 -0.214 -0.391 -0.545 -0.181 -0.112 -0.084 -0.079 -0.145 -0.137 -0.151 -0.087 -0.101 -0.075 -0.108
0.000 0.012 -0.012 -0.001 -0.030 -0.018 0.100 -0.000 -0.000 -0.032 0.026 -0.072 -0.084 -0.084 -0.068 -0.179 -0.159 -0.348 -0.327 -0.210 -0.193 -0.241 -0.237 -0.239 -0.198 -0.193 -0.172 -0.130 -0.077 -0.108 -0.114 -0.112 -0.086 -0.133 -0.202 -0.237 -0.285 -0.013 -0.032 -0.173 -0.138 -0.104 -0.015 -0.025 -0.023 -0.038 -0.065 -0.123 -0.051 -0.046 -0.145 -0.214 -0.191 -0.265 -0.188 -0.141 -0.097 -0.074 -0.055 -0.208 -0.079 -0.081 -0.232 -0.077 -0.050 -0.076 -0.126 -0.161 -0.179 -0.149 -0.105 -0.109 -0.105 -0.026 -0.021 -0.071
0.009 0.003 0.009 -0.005 -0.012 -0.005 -0.001 -0.003 -0.007 -0.190 -0.330 -2.911 -0.000 0.000 -0.030 -0.051 -0.057 -0.048 -0.077 -0.069 -0.083 -0.126 -0.182 -0.185 -0.203 -0.253 -0.234 -0.444 -1.814 -1.999 -2.071 -2.181 -2.390 -2.421 -2.691 -2.665 -2.486 -0.232 -0.170 -0.018 -0.017 -0.081 -0.149 -0.202 -0.179 -0.125 -0.098 -0.101 -0.093 -0.080 -0.034 -0.074 -0.103 -0.079 -0.095 -0.169 -0.528 -0.523 -0.372 -0.119 -0.171 -0.182 -0.113 -0.090 -0.063 -0.170 -0.185 -0.115 -0.111 -0.077 -0.078 -0.070 -0.074 -0.091 -0.105 -0.076
0.001 0.000 0.005 -0.000 -0.000 0.031 -0.070 -0.069 -0.080 -0.037 -0.040 -0.019 -0.056 -0.114 -0.114 -0.125 -0.132 -0.159 -0.248 -0.329 -0.305 -0.139 -0.126 -0.108 -0.142 -0.224 -1.222 -1.251 -0.285 -0.194 -0.162 -0.137 -0.139 -0.166 -0.150 -0.152 -0.165 -0.193 -0.062 -0.070 -0.106 -0.143 -0.091 -0.060 -0.075 -0.053 -0.040 -0.314 -0.280 -0.193 -0.079 -0.149 -0.163 -0.196 -0.216 -0.141 -0.102 -0.143 -0.254 -0.050 -0.055 -0.053 -0.055 -0.071 -0.107 -0.326 -0.257 -0.154 -0.121 -0.083 -0.108 -0.086 -0.082 -0.112 -0.133 -0.165
-0.020 0.015 0.017 -0.007 0.001 -0.014 -0.000 0.000 -0.098 -0.003 -0.004 -0.002 -3.207 -0.000 -0.003 -0.037 -0.242 -0.213 -0.162 -0.124 -0.104 -0.059 -0.119 -0.189 -0.413 -0.478 -0.158 -0.181 -0.151 -0.145 -0.144 -0.188 -0.186 -0.173 -0.016 -0.029 -0.061 -0.045 -0.002 -0.004 -0.056 -0.144 -0.759 -0.251 -0.178 -0.199 -0.317 -0.008 -0.048 -0.189 -0.213 -0.163 -0.264 -0.163 -0.153 -0.195 -0.106 -0.187 -0.259 -0.480 -0.520 -0.512 -0.220 -0.167 -0.161 -0.190 -0.224 -0.359 -0.360 -0.303 -0.152 -0.106 -0.098 -0.115 -0.126 -0.051
-0.038 -0.009 0.000 0.000 -0.003 -0.036 -0.081 -0.064 -0.037 -0.005 -0.005 -0.012 -0.056 -0.032 -0.059 -0.155 -0.089 -0.094 -0.073 -0.177 -0.198 -0.344 -0.335 -0.334 -0.181 -0.122 -0.113 -0.145 -0.110 -0.106 -0.096 -0.054 -0.042 -0.121 -0.082 -0.087 -0.069 -0.035 -0.100 -0.109 -0.085 -0.275 -0.223 -0.384 -0.174 -0.162 -0.032 -0.019 -0.073 -0.057 -0.229 -0.082 -0.201 -0.187 -0.185 -0.261 -0.179 -0.073 -0.094 -0.127 -0.162 -0.179 -0.195 -0.239 -0.237 -0.105 -0.093 -0.084 -0.088 -0.129 -0.178 -0.179 -0.185 -0.167 -0.107 -0.078
-0.004 -0.001 -0.002 -0.002 -0.039 -0.147 -0.141 -0.088 -0.015 0.000 0.000 -0.013 -0.007 -2.904 -0.400 -0.192 -0.109 -0.085 -0.113 -0.130 -0.142 -0.221 -0.195 -0.149 -0.135 -0.131 -0.250 -0.176 -0.090 -0.074 -0.037 -0.048 -0.073 -0.128 -0.053 -0.005 -0.004 -0.116 -0.237 -0.238 -0.221 -0.032 -0.047 -0.363 -0.619 -0.259 -0.202 -0.189 -0.103 -0.080 -0.046 0.076 -0.076 -0.120 -0.116 -0.441 -0.348 -0.242 -0.035 -0.020 -0.018 -0.012 -0.129 -0.103 -0.103 -0.219 -0.211 -0.128 -0.107 -0.091 -0.118 -0.127 -0.112 -0.088 -0.088 -0.100
-0.065 -0.137 -0.171 -0.170 -0.114 -0.006 -0.004 -0.058 -0.000 -0.001 -0.053 -0.080 -0.106 -0.106 -0.214 -0.153 -0.154 -0.168 -0.097 -0.112 -0.132 -0.163 -0.156 -0.170 -0.144 -0.199 -0.086 -0.079 -0.101 -0.179 -0.354 -0.372 -0.338 -0.097 -0.031 -0.053 -0.037 -0.324 -0.425 -0.426 -0.381 -0.098 -0.124 -0.151 -0.187 -0.545 -0.043 -0.027 -0.020 -0.014 -0.001 0.003 -0.026 -0.050 -0.566 -0.161 -0.137 -0.272 -0.362 -0.172 -0.078 -0.077 -0.229 -0.124 -0.101 -0.083 -0.117 -0.155 -0.113 -0.088 -0.061 -0.065 -0.088 -0.110 -0.131 -0.136
-0.007 -0.011 -0.014 -0.005 -0.028 -0.024 -0.102 -0.049 -0.082 -0.182 -0.128 -0.054 -0.022 -0.082 -0.134 -0.114 -0.122 -0.211 -0.351 -0.344 -0.266 -0.181 -0.087 -0.087 -0.133 -0.158 -0.517 -0.505 -0.484 -0.399 -0.243 -0.133 -0.122 -0.106 -0.115 -0.144 -0.256 -0.115 -0.133 -0.144 -0.153 -0.261 -0.071 -0.058 -0.061 -0.090 -0.429 -0.076 -0.047 -0.047 -0.042 -0.313 -0.051 -0.056 -0.050 -0.071 -0.149 -0.125 -0.151 -0.183 -0.229 -0.229 -0.235 -0.153 -0.164 -0.167 -0.157 -0.130 -0.149 -0.078 -0.068 -0.064 -0.065 -0.092 -0.092 -0.072
-0.011 -0.019 -0.018 -0.000 0.000 -0.015 -0.102 -0.169 -0.180 -0.024 -0.023 -0.043 -0.004 -0.129 -0.132 -0.201 -0.193 -0.173 -0.119 -0.105 -0.151 -0.145 -0.177 -0.176 -1.252 -1.218 -0.233 -0.159 -0.112 -0.099 -0.103 -0.147 -0.110 -0.110 -0.145 -0.223 -0.129 -0.116 -0.106 -0.122 -0.259 -0.276 -0.353 -0.192 -0.214 -0.243 -0.458 -0.773 -0.285 -0.263 -0.824 -0.557 -0.116 -0.080 -0.012 -0.026 -0.051 -0.065 -0.111 -0.134 -0.067 -0.059 -0.047 -0.273 -0.208 -0.132 -0.126 -0.089 -0.103 -0.185 -0.148 -0.104 -0.084 -0.047 -0.052 -0.129
-0.005 -0.000 0.000 -0.027 -0.039 -0.163 -0.000 -0.001 -0.001 -0.046 -0.048 -0.015 0.006 -0.026 -2.181 -0.305 -0.333 -0.233 -0.175 -0.119 -0.130 -0.196 -1.028 -1.174 -0.185 -0.187 -0.117 -0.116 -0.125 -0.130 -0.222 -0.094 -0.127 -0.130 -0.135 -0.007 -0.001 -0.192 -0.354 -0.305 -0.118 -0.105 -0.136 -0.180 -0.232 -0.214 -0.296 -0.407 -0.908 -0.844 -0.140 -0.151 -0.525 -0.524 -0.110 -0.161 -0.076 -0.061 -0.141 -0.317 -0.361 -0.105 -0.053 -0.043 -0.107 -0.050 -0.047 -0.071 -0.086 -0.106 -0.162 -0.095 -0.062 -0.055 -0.058 -0.097
-0.009 0.000 0.000 0.000 -0.124 -0.007 -0.005 -0.000 0.000 -0.000 0.000 0.027 -0.002 -0.013 0.022 -1.830 -0.244 -0.203 -0.206 -0.339 -0.697 -1.120 -0.433 -0.298 -0.085 -0.102 -0.227 -0.285 -0.325 -0.423 -0.293 -0.084 -0.117 -0.051 -0.030 -0.041 -0.057 -0.155 -0.094 -0.128 -0.141 -0.118 -0.160 -0.230 -0.087 -0.079 -0.225 -0.145 -0.142 -0.160 -0.123 -0.101 -0.306 -0.324 -0.164 -0.116 -0.089 -0.060 -0.050 -0.042 -0.046 -0.203 -0.165 -0.138 -0.144 -0.057 -0.062 -0.141 -0.087 -0.073 -0.077 -0.180 -0.200 -0.179 -0.169 -0.068
-0.000 0.000 0.000 -0.104 -0.008 -0.003 -0.002 -0.004 0.003 -0.000 0.000 -0.071 -0.152 -0.054 0.005 0.041 -0.508 -0.199 -0.203 -1.026 -0.669 -0.293 -0.170 -0.121 -0.207 -0.140 -0.117 -0.115 -0.163 -0.240 -0.342 -0.685 -0.477 -0.030 -0.090 -0.132 -0.769 -0.507 -0.347 -0.239 -0.252 -0.322 -0.287 -0.258 -0.297 -0.322 -0.094 -0.077 -0.068 -0.243 -0.349 -0.379 -0.119 -0.113 -0.108 -0.076 -0.101 -0.132 -0.068 -0.016 -0.009 -0.084 -0.081 -0.056 -0.038 -0.140 -0.086 -0.081 -0.136 -0.157 -0.154 -0.144 -0.095 -0.106 -0.122 -0.127
0.000 -0.055 -0.121 -0.040 0.000 0.000 0.001 -0.000 -0.006 -0.007 -0.008 -0.012 -0.005 -0.096 -0.115 -0.017 -0.906 -1.280 -1.295 -0.169 -0.111 -0.086 -0.117 -0.148 -0.133 -0.091 -0.106 -0.137 -0.423 -0.296 -0.177 -0.230 -0.408 -1.154 -1.169 -0.854 -0.243 -0.253 -0.238 -0.179 -0.184 -0.218 -0.145 -0.151 -0.178 -0.200 -0.170 -0.141 -0.237 -0.204 -0.271 -0.233 -0.140 -0.120 -0.164 -0.075 -0.061 -0.045 -0.018 -0.020 -0.071 -0.093 -0.136 -0.191 -0.126 -0.128 -0.102 -0.096 -0.057 -0.058 -0.069 -0.087 -0.134 -0.108 -0.105 -0.112
-0.074 -0.112 -0.029 -0.006 -0.005 -0.004 0.000 0.000 -0.000 -0.004 -0.001 -0.046 -0.032 -0.019 -0.045 -0.140 -0.179 -0.157 -0.112 -0.089 -0.130 -0.148 -0.140 -0.131 -0.165 -0.166 -0.175 -0.239 -0.165 -0.160 -0.099 -0.157 -0.212 -0.124 -0.113 -0.162 -0.159 -0.060 -0.090 -0.260 -0.165 -0.179 -0.297 -0.145 -0.128 -0.151 -0.189 -0.276 -0.260 -0.203 -0.047 -0.077 -0.079 -0.081 -0.160 -0.104 -0.000 0.000 -0.020 -0.053 -0.037 -0.031 -0.041 -0.032 -0.124 -0.155 -0.208 -0.202 -0.147 -0.082 -0.077 -0.080 -0.127 -0.155 -0.095 -0.100
-0.237 -0.025 0.000 0.000 -0.000 -0.001 -0.007 -0.060 -0.059 -0.018 -0.004 -0.004 -0.022 -0.028 -0.074 -0.158 -0.143 -0.134 -0.065 -0.112 -0.126 -0.097 -0.084 -0.084 -0.095 -0.130 -0.138 -0.167 -0.098 -0.099 -0.142 -0.073 -0.060 -0.130 -0.123 -0.223 -0.241 -0.109 -0.127 -0.112 -0.166 -0.092 -0.079 -0.171 -0.087 -0.004 -0.005 -0.080 -0.075 -0.077 -0.088 -0.012 -0.010 -0.130 -0.144 -0.268 -0.261 -0.243 -0.211 -0.167 -0.126 -0.061 -0.066 -0.056 -0.051 -0.136 -0.081 -0.085 -0.180 -0.194 -0.107 -0.104 -0.097 -0.101 -0.122 -0.108
-0.069 -0.103 -0.194 -0.196 -0.143 -0.175 -0.239 -0.270 -0.270 -0.258 -0.257 -0.240 -0.154 -0.103 -0.082 -0.078 -0.088 -0.065 -0.005 -0.075 -0.077 -0.071 -0.065 -0.087 -0.091 -0.084 -0.077 -0.167 -0.088 -0.087 -0.203 -0.235 -0.246 -0.114 -0.089 -0.148 -0.099 -0.108 -0.119 -0.109 -0.045 -0.026 -0.021 -0.130 -0.070 -0.049 -0.051 -0.030 -0.041 -0.063 -0.085 -0.072 -0.082 -0.016 -0.030 -0.054 -0.134 -0.150 -0.117 -0.081 -0.066 -0.157 -0.151 -0.164 -0.074 -0.059 -0.147 -0.153 -0.124 -0.105 -0.143 -0.126 -0.088 -0.075 -0.105 -0.138
-0.002 -0.102 -0.051 -0.052 -0.124 -0.100 -0.049 -0.000 -0.002 -0.057 -0.055 -0.058 -0.073 -0.056 -0.057 -0.060 -0.062 -0.054 -0.070 -0.153 -0.125 -0.120 -0.073 -0.077 -0.081 -0.138 -0.236 -0.149 -0.129 -0.120 -0.108 -0.040 -0.007 -0.006 -0.029 -0.122 -0.123 -0.126 -0.083 -0.077 -0.112 -0.008 -0.011 -0.024 -0.010 -0.026 -0.029 -0.025 -0.026 -0.032 -0.040 -0.122 -0.123 -0.055 -0.039 -0.028 -0.016 -0.025 -0.087 -0.078 -0.080 -0.060 -0.034 -0.027 -0.095 -0.083 -0.067 -0.049 -0.062 -0.081 -0.096 -0.083 -0.089 -0.102 -0.090 -0.063
-0.019 -0.008 -0.010 -0.015 -0.025 -0.018 -0.015 -0.006 -0.004 -0.001 -0.002 -0.002 -0.018 -0.052 -0.120 -0.129 -0.110 -0.063 -0.085 -0.125 -0.157 -0.159 -0.239 -0.141 -0.126 -0.137 -0.254 -0.175 -0.067 -0.056 -0.131 -0.109 -0.083 -0.072 -0.063 -0.068 -0.051 -0.066 -0.076 -0.076 -0.154 -0.007 -0.014 -0.020 -0.199 -0.034 -0.040 -0.060 -0.023 -0.037 -0.080 -0.053 -0.048 -0.052 -0.000 0.000 -0.025 -0.017 -0.017 -0.073 -0.043 -0.038 -0.072 -0.056 -0.072 -0.048 -0.051 -0.049 -0.063 -0.085 -0.097 -0.058 -0.060 -0.074 -0.073 -0.055
-0.016 -0.008 -0.006 -0.019 -0.001 -0.001 -0.027 -0.000 0.000 -0.004 -0.019 -0.030 -0.048 -0.076 -0.129 -0.154 -0.119 -0.120 -0.219 -0.171 -0.147 -0.142 -0.174 -0.247 -0.262 -0.244 -0.092 -0.084 -0.111 -0.122 -0.113 -0.146 -0.118 -0.093 -0.172 -0.179 -0.110 -0.034 -0.001 -0.001 -0.009 -0.197 -0.169 -0.153 -0.146 -0.314 -0.071 -0.023 -0.025 0.038 -0.000 -0.001 0.000 0.000 -0.037 -0.027 0.000 0.000 0.000 -0.010 -0.021 -0.021 -0.020 -0.016 -0.017 -0.032 -0.037 -0.043 -0.047 -0.056 -0.048 -0.085 -0.079 -0.067 -0.066 -0.063
-0.009 -0.013 -0.036 -0.042 -0.096 -0.069 -0.001 0.000 0.000 -0.002 -0.016 -0.018 -0.055 -0.107 -0.124 -0.092 -0.089 -0.079 -0.096 -0.135 -0.113 -0.133 -0.150 -0.165 -0.158 -0.137 -0.067 -0.085 -0.104 -0.135 -0.089 -0.089 -0.077 -0.072 -0.181 -0.163 -0.204 -0.199 -0.162 -0.243 -0.243 -0.149 -0.060 -0.058 -0.052 -0.047 -0.114 -0.026 -0.000 0.000 0.042 -0.000 -0.003 -0.004 -0.017 -0.027 -0.027 -0.024 -0.027 -0.022 -0.061 -0.040 -0.066 -0.109 -0.116 -0.110 -0.063 -0.065 -0.049 -0.049 -0.060 -0.075 -0.064 -0.057 -0.060 -0.070
