Data/res-0019.wd
ncols         433
nrows         491
xllcorner     1194560.000000
yllcorner     -584471.000000
cellsize      25.000000
NODATA_value  -9999.000000
[rows 306 to 339 of 491, columns 231 to 307 of 433]
0.171 0.047 0.000 0.000 0.000 0.099 0.342 0.000 0.000 0.000 0.000 0.000 0.000 0.005 0.106 0.102 0.083 0.074 0.160 0.258 0.135 0.280 0.308 0.170 0.198 0.095 0.123 0.016 0.115 0.000 0.278 0.138 0.000 0.000 0.000 0.000 0.000 0.000 0.000 0.000 0.000 0.000 0.000 0.000 0.000 0.000 0.000 0.022 0.048 0.066 0.083 0.085 0.072 0.048 0.022 0.019 0.012 0.012 0.012 0.017 0.013 0.014 0.010 0.008 0.007 0.002 0.000 0.000 0.000 0.000 0.000 0.000 0.000 0.000 0.000 0.000 0.000
0.000 0.000 0.000 0.000 0.000 0.002 0.261 0.261 0.215 0.060 0.092 0.024 0.021 0.047 0.044 0.067 0.208 0.153 0.259 0.048 0.015 0.084 0.244 0.195 0.086 0.073 0.158 0.068 0.124 0.056 0.000 0.043 0.218 0.000 0.000 0.000 0.000 0.000 0.000 0.000 0.000 0.000 0.000 0.000 0.000 0.000 0.000 0.039 0.057 0.067 0.066 0.076 0.062 0.039 0.020 0.004 0.006 0.006 0.005 0.004 0.002 0.003 0.005 0.002 0.001 0.000 0.000 0.000 0.000 0.000 0.000 0.000 0.000 0.000 0.000 0.000 0.000
0.000 0.000 0.000 0.000 0.000 0.004 0.000 0.165 0.458 0.044 0.021 0.083 0.062 0.100 0.037 0.056 0.017 0.041 0.057 0.128 0.128 0.098 0.244 0.081 0.071 0.141 0.036 0.000 0.000 0.000 0.038 0.008 0.000 0.000 0.000 0.000 0.000 0.000 0.000 0.000 0.000 0.000 0.000 0.000 0.000 0.000 0.015 0.034 0.058 0.066 0.072 0.073 0.053 0.040 0.020 0.000 0.000 0.000 0.000 0.000 0.000 0.000 0.000 0.000 0.000 0.000 0.000 0.000 0.000 0.000 0.000 0.000 0.000 0.000 0.000 0.000 0.000
0.048 0.000 0.000 0.000 0.000 0.000 0.000 0.000 0.251 0.336 0.170 0.016 0.046 0.094 0.201 0.173 0.109 0.023 0.010 0.081 0.164 0.148 0.119 0.159 0.062 0.049 0.118 0.042 0.000 0.000 0.082 0.000 0.000 0.000 0.000 0.000 0.000 0.000 0.000 0.000 0.000 0.000 0.000 0.000 0.000 0.000 0.011 0.036 0.063 0.070 0.075 0.071 0.057 0.037 0.020 0.000 0.000 0.000 0.000 0.000 0.000 0.000 0.000 0.000 0.000 0.000 0.000 0.000 0.000 0.000 0.000 0.000 0.000 0.000 0.000 0.000 0.000
0.053 0.023 0.000 0.000 0.000 0.000 0.000 0.000 0.000 0.105 0.426 0.306 0.064 0.147 0.098 0.105 0.100 0.191 0.189 0.169 0.054 0.078 0.094 0.157 0.117 0.003 0.075 0.027 0.064 0.062 0.031 0.000 0.000 0.000 0.000 0.000 0.000 0.000 0.000 0.000 0.000 0.000 0.000 0.000 0.000 0.000 0.016 0.039 0.058 0.055 0.058 0.064 0.059 0.038 0.016 0.002 0.001 0.000 0.000 0.000 0.000 0.000 0.000 0.000 0.000 0.001 0.001 0.001 0.000 0.000 0.000 0.000 0.000 0.000 0.000 0.000 0.000
0.000 0.000 0.000 0.000 0.000 0.000 0.000 0.000 0.000 0.016 0.136 0.271 0.456 0.064 0.038 0.100 0.147 0.180 0.110 0.146 0.211 0.096 0.074 0.180 0.175 0.000 0.000 0.000 0.000 0.000 0.000 0.000 0.000 0.000 0.000 0.000 0.000 0.000 0.000 0.000 0.000 0.000 0.000 0.000 0.000 0.000 0.008 0.053 0.060 0.063 0.058 0.060 0.039 0.029 0.007 0.006 0.005 0.003 0.001 0.000 0.000 0.000 0.000 0.000 0.002 0.007 0.005 0.006 0.001 0.000 0.000 0.000 0.000 0.000 0.000 0.000 0.000
0.026 0.062 0.000 0.000 0.000 0.000 0.000 0.000 0.000 0.024 0.039 0.130 0.519 0.258 0.296 0.173 0.230 0.268 0.085 0.094 0.167 0.107 0.100 0.089 0.026 0.000 0.000 0.000 0.000 0.000 0.000 0.000 0.000 0.000 0.000 0.000 0.000 0.000 0.000 0.000 0.000 0.000 0.000 0.000 0.000 0.000 0.007 0.036 0.075 0.052 0.055 0.045 0.038 0.025 0.007 0.005 0.004 0.004 0.003 0.001 0.000 0.000 0.000 0.012 0.014 0.011 0.016 0.011 0.004 0.000 0.000 0.000 0.000 0.000 0.000 0.000 0.000
0.000 0.034 0.019 0.000 0.000 0.000 0.000 0.000 0.000 0.027 0.059 0.182 0.375 0.367 0.085 0.054 0.135 0.148 0.367 0.206 0.061 0.066 0.121 0.039 0.000 0.043 0.000 0.000 0.000 0.000 0.000 0.000 0.000 0.000 0.000 0.000 0.000 0.000 0.000 0.000 0.000 0.001 0.016 0.003 0.002 0.002 0.018 0.042 0.067 0.048 0.042 0.037 0.026 0.018 0.000 0.001 0.001 0.001 0.000 0.000 0.000 0.007 0.002 0.013 0.019 0.035 0.027 0.027 0.003 0.000 0.000 0.000 0.000 0.000 0.000 0.000 0.000
0.000 0.008 0.116 0.021 0.000 0.000 0.000 0.001 0.000 0.000 0.000 0.037 0.144 0.468 0.137 0.168 0.129 0.149 0.177 0.188 0.342 0.122 0.080 0.080 0.009 0.007 0.000 0.000 0.000 0.000 0.000 0.000 0.000 0.000 0.000 0.000 0.000 0.000 0.000 0.000 0.000 0.003 0.006 0.004 0.006 0.009 0.032 0.052 0.066 0.050 0.047 0.042 0.020 0.002 0.004 0.003 0.003 0.004 0.004 0.004 0.004 0.017 0.035 0.030 0.052 0.052 0.034 0.021 0.004 0.000 0.000 0.000 0.000 0.000 0.000 0.000 0.000
0.072 0.116 0.001 0.134 0.058 0.079 0.139 0.014 0.016 0.000 0.208 0.222 0.199 0.605 0.535 0.077 0.113 0.047 0.135 0.071 0.151 0.065 0.089 0.019 0.000 0.000 0.000 0.000 0.000 0.000 0.000 0.000 0.000 0.000 0.000 0.000 0.000 0.000 0.000 0.000 0.000 0.004 0.004 0.005 0.006 0.012 0.025 0.058 0.075 0.070 0.052 0.043 0.018 0.010 0.008 0.009 0.011 0.007 0.006 0.006 0.015 0.013 0.028 0.035 0.056 0.054 0.050 0.049 0.028 0.000 0.000 0.000 0.000 0.000 0.000 0.000 0.000
0.002 0.001 0.000 0.000 0.000 0.000 0.004 0.158 0.125 0.244 0.070 0.173 0.145 0.190 0.360 0.553 0.132 0.189 0.185 0.068 0.093 0.000 0.117 0.045 0.000 0.000 0.000 0.000 0.000 0.000 0.000 0.000 0.000 0.000 0.000 0.000 0.000 0.000 0.000 0.000 0.000 0.005 0.005 0.006 0.005 0.004 0.005 0.028 0.063 0.074 0.074 0.055 0.024 0.007 0.007 0.008 0.011 0.008 0.009 0.009 0.012 0.023 0.022 0.035 0.047 0.052 0.048 0.042 0.025 0.000 0.000 0.000 0.000 0.000 0.000 0.000 0.000
0.001 0.001 0.001 0.001 0.001 0.000 0.000 0.000 0.000 0.025 0.061 0.113 0.084 0.112 0.203 0.565 0.040 0.063 0.166 0.115 0.013 0.046 0.000 0.181 0.141 0.001 0.000 0.000 0.000 0.000 0.000 0.000 0.000 0.000 0.000 0.000 0.000 0.000 0.000 0.000 0.017 0.018 0.010 0.006 0.005 0.003 0.003 0.015 0.051 0.055 0.052 0.048 0.037 0.026 0.022 0.018 0.016 0.014 0.016 0.013 0.012 0.023 0.028 0.043 0.058 0.045 0.048 0.042 0.028 0.000 0.000 0.000 0.000 0.000 0.000 0.000 0.000
0.126 0.002 0.000 0.000 0.000 0.000 0.000 0.000 0.038 0.086 0.079 0.097 0.120 0.046 0.093 0.369 0.414 0.132 0.100 0.124 0.115 0.029 0.044 0.241 0.065 0.000 0.000 0.000 0.000 0.000 0.000 0.000 0.000 0.000 0.000 0.000 0.000 0.003 0.011 0.025 0.033 0.043 0.045 0.034 0.037 0.037 0.046 0.053 0.059 0.064 0.043 0.031 0.016 0.015 0.020 0.020 0.018 0.021 0.016 0.016 0.042 0.035 0.041 0.049 0.062 0.053 0.043 0.036 0.030 0.000 0.000 0.000 0.000 0.000 0.000 0.000 0.000
0.013 0.018 0.002 0.005 0.032 0.000 0.000 0.074 0.085 0.083 0.151 0.199 0.106 0.164 0.137 0.141 0.422 0.637 0.407 0.239 0.019 0.054 0.145 0.150 0.146 0.000 0.000 0.000 0.000 0.000 0.000 0.000 0.000 0.000 0.000 0.000 0.010 0.011 0.008 0.029 0.039 0.044 0.051 0.052 0.056 0.074 0.072 0.076 0.079 0.072 0.056 0.029 0.016 0.020 0.016 0.017 0.016 0.019 0.020 0.044 0.044 0.052 0.050 0.067 0.070 0.066 0.062 0.052 0.026 0.000 0.000 0.000 0.000 0.000 0.000 0.000 0.000
0.002 0.165 0.193 0.292 0.303 0.429 0.390 0.355 0.333 0.430 0.191 0.180 0.111 0.125 0.142 0.205 0.196 0.269 0.244 0.362 0.097 0.261 0.207 0.212 0.097 0.000 0.000 0.000 0.000 0.000 0.000 0.000 0.000 0.000 0.000 0.006 0.009 0.068 0.068 0.056 0.051 0.034 0.037 0.049 0.059 0.070 0.081 0.098 0.100 0.087 0.058 0.025 0.005 0.004 0.011 0.010 0.019 0.014 0.027 0.045 0.060 0.068 0.072 0.071 0.080 0.079 0.074 0.060 0.031 0.000 0.000 0.000 0.000 0.000 0.000 0.000 0.000
0.425 0.187 0.052 0.000 0.000 0.123 0.000 0.000 0.013 0.011 0.460 0.458 0.484 0.046 0.177 0.154 0.075 0.320 0.622 0.600 0.128 0.151 0.091 0.179 0.065 0.000 0.000 0.000 0.000 0.000 0.000 0.000 0.062 0.063 0.103 0.107 0.207 0.122 0.050 0.069 0.046 0.052 0.074 0.029 0.049 0.064 0.089 0.098 0.100 0.083 0.050 0.028 0.023 0.021 0.024 0.020 0.015 0.014 0.014 0.044 0.056 0.067 0.083 0.096 0.099 0.080 0.068 0.053 0.033 0.000 0.000 0.000 0.000 0.000 0.000 0.000 0.000
0.077 0.000 0.000 0.000 0.000 0.000 0.000 0.000 0.029 0.011 0.013 0.038 0.328 0.463 0.144 0.100 0.279 0.637 0.279 0.571 0.575 0.372 0.047 0.545 0.486 0.114 0.000 0.062 0.101 0.085 0.112 0.178 0.166 0.186 0.193 0.183 0.096 0.107 0.109 0.069 0.058 0.052 0.047 0.045 0.040 0.053 0.069 0.089 0.074 0.064 0.052 0.031 0.025 0.024 0.020 0.025 0.022 0.018 0.034 0.038 0.049 0.064 0.085 0.097 0.091 0.097 0.085 0.071 0.042 0.000 0.000 0.000 0.000 0.000 0.000 0.000 0.000
0.000 0.000 0.000 0.000 0.000 0.032 0.296 0.133 0.013 0.114 0.050 0.010 0.022 0.136 0.555 0.559 0.512 0.089 0.102 0.161 0.454 0.580 0.604 0.258 0.039 0.256 0.288 0.113 0.052 0.036 0.032 0.003 0.003 0.005 0.022 0.019 0.035 0.070 0.105 0.058 0.058 0.061 0.064 0.079 0.031 0.035 0.057 0.071 0.056 0.060 0.046 0.029 0.027 0.026 0.026 0.017 0.019 0.027 0.030 0.026 0.049 0.074 0.077 0.090 0.091 0.089 0.081 0.079 0.055 0.017 0.000 0.000 0.000 0.000 0.000 0.000 0.000
0.013 0.019 0.000 0.000 0.004 0.047 0.354 0.148 0.350 0.003 0.026 0.107 0.086 0.146 0.118 0.215 0.094 0.098 0.108 0.199 0.197 0.081 0.095 0.000 0.000 0.000 0.000 0.000 0.000 0.000 0.000 0.000 0.000 0.000 0.000 0.000 0.000 0.000 0.048 0.022 0.024 0.039 0.055 0.113 0.046 0.028 0.062 0.039 0.050 0.055 0.029 0.021 0.025 0.023 0.018 0.018 0.031 0.021 0.024 0.036 0.058 0.068 0.083 0.075 0.095 0.078 0.065 0.066 0.042 0.014 0.000 0.000 0.000 0.000 0.000 0.000 0.000
0.036 0.310 0.242 0.238 0.253 0.389 0.137 0.068 0.344 0.000 0.057 0.054 0.035 0.099 0.157 0.132 0.135 0.121 0.136 0.164 0.121 0.000 0.071 0.180 0.002 0.000 0.000 0.000 0.000 0.000 0.000 0.000 0.000 0.000 0.000 0.000 0.000 0.010 0.014 0.010 0.016 0.025 0.036 0.052 0.078 0.046 0.026 0.042 0.063 0.067 0.037 0.026 0.025 0.023 0.021 0.026 0.020 0.019 0.025 0.046 0.061 0.058 0.068 0.063 0.074 0.055 0.044 0.051 0.022 0.002 0.000 0.000 0.000 0.000 0.000 0.000 0.000
0.384 0.094 0.041 0.040 0.078 0.018 0.026 0.053 0.479 0.402 0.201 0.332 0.432 0.314 0.145 0.183 0.099 0.188 0.280 0.103 0.183 0.064 0.084 0.301 0.027 0.000 0.000 0.000 0.000 0.000 0.000 0.000 0.000 0.000 0.000 0.000 0.000 0.000 0.000 0.002 0.004 0.004 0.011 0.035 0.044 0.048 0.013 0.030 0.053 0.052 0.024 0.028 0.035 0.030 0.022 0.032 0.026 0.027 0.041 0.048 0.058 0.067 0.070 0.065 0.071 0.049 0.049 0.041 0.027 0.000 0.000 0.000 0.000 0.000 0.000 0.000 0.000
0.005 0.000 0.043 0.029 0.035 0.021 0.017 0.034 0.111 0.181 0.553 0.177 0.153 0.390 0.232 0.123 0.159 0.177 0.134 0.205 0.088 0.137 0.067 0.156 0.004 0.005 0.000 0.000 0.000 0.000 0.000 0.000 0.000 0.000 0.000 0.000 0.000 0.000 0.002 0.003 0.004 0.004 0.009 0.014 0.033 0.047 0.040 0.032 0.053 0.034 0.021 0.013 0.012 0.021 0.022 0.031 0.027 0.031 0.051 0.070 0.064 0.072 0.085 0.072 0.060 0.051 0.050 0.032 0.001 0.000 0.000 0.000 0.000 0.000 0.000 0.000 0.000
0.083 0.051 0.063 0.070 0.021 0.067 0.020 0.005 0.023 0.072 0.049 0.055 0.048 0.075 0.472 0.050 0.080 0.094 0.082 0.176 0.167 0.105 0.051 0.000 0.006 0.006 0.000 0.000 0.000 0.000 0.000 0.000 0.000 0.000 0.000 0.000 0.003 0.000 0.005 0.007 0.007 0.010 0.014 0.017 0.020 0.020 0.041 0.041 0.037 0.029 0.021 0.024 0.018 0.015 0.011 0.012 0.034 0.032 0.052 0.059 0.065 0.077 0.093 0.070 0.064 0.058 0.040 0.018 0.001 0.000 0.000 0.000 0.000 0.000 0.000 0.000 0.000
0.117 0.229 0.043 0.105 0.041 0.106 0.079 0.069 0.070 0.114 0.077 0.074 0.036 0.085 0.507 0.339 0.116 0.159 0.104 0.103 0.146 0.192 0.030 0.099 0.008 0.083 0.173 0.000 0.000 0.000 0.000 0.000 0.000 0.000 0.010 0.018 0.046 0.014 0.009 0.008 0.006 0.003 0.004 0.020 0.029 0.034 0.036 0.038 0.025 0.019 0.027 0.022 0.028 0.022 0.020 0.010 0.012 0.041 0.047 0.063 0.052 0.068 0.074 0.076 0.058 0.048 0.043 0.015 0.000 0.000 0.000 0.000 0.000 0.000 0.000 0.000 0.000
0.207 0.112 0.189 0.077 0.033 0.027 0.036 0.038 0.062 0.076 0.228 0.145 0.166 0.134 0.084 0.323 0.487 0.446 0.306 0.115 0.194 0.059 0.000 0.000 0.000 0.000 0.031 0.079 0.037 0.028 0.028 0.065 0.098 0.044 0.012 0.013 0.020 0.020 0.016 0.009 0.007 0.004 0.001 0.000 0.004 0.021 0.013 0.023 0.012 0.009 0.009 0.016 0.017 0.026 0.025 0.021 0.014 0.033 0.047 0.047 0.056 0.057 0.056 0.058 0.041 0.032 0.039 0.017 0.000 0.000 0.000 0.000 0.000 0.000 0.000 0.000 0.000
0.029 0.004 0.009 0.228 0.075 0.046 0.080 0.135 0.120 0.129 0.196 0.313 0.235 0.098 0.122 0.164 0.086 0.070 0.394 0.140 0.061 0.000 0.000 0.000 0.000 0.000 0.025 0.000 0.000 0.000 0.000 0.000 0.000 0.000 0.000 0.000 0.000 0.024 0.004 0.006 0.002 0.000 0.000 0.000 0.000 0.000 0.000 0.000 0.000 0.000 0.000 0.005 0.015 0.013 0.021 0.034 0.028 0.039 0.071 0.043 0.046 0.054 0.052 0.038 0.047 0.015 0.023 0.013 0.000 0.000 0.000 0.000 0.000 0.000 0.000 0.000 0.000
0.023 0.014 0.010 0.015 0.099 0.007 0.025 0.043 0.058 0.273 0.246 0.083 0.204 0.170 0.102 0.072 0.017 0.010 0.350 0.227 0.039 0.007 0.000 0.000 0.000 0.000 0.034 0.008 0.057 0.000 0.000 0.000 0.000 0.000 0.000 0.000 0.000 0.012 0.007 0.003 0.000 0.000 0.000 0.000 0.000 0.000 0.000 0.000 0.000 0.000 0.000 0.000 0.000 0.000 0.000 0.000 0.000 0.000 0.035 0.006 0.000 0.013 0.016 0.009 0.003 0.000 0.000 0.000 0.000 0.000 0.000 0.000 0.000 0.000 0.000 0.000 0.000
0.041 0.049 0.010 0.010 0.145 0.135 0.019 0.053 0.181 0.418 0.205 0.099 0.151 0.245 0.161 0.107 0.160 0.095 0.187 0.548 0.261 0.168 0.097 0.315 0.316 0.020 0.012 0.229 0.000 0.000 0.000 0.000 0.000 0.000 0.000 0.000 0.000 0.000 0.000 0.000 0.000 0.000 0.000 0.000 0.000 0.000 0.000 0.000 0.000 0.000 0.000 0.000 0.000 0.000 0.000 0.000 0.000 0.000 0.000 0.000 0.000 0.000 0.000 0.000 0.000 0.000 0.000 0.000 0.000 0.000 0.000 0.000 0.000 0.000 0.000 0.000 0.000
0.003 0.073 0.020 0.015 0.033 0.276 0.265 0.276 0.168 0.209 0.313 0.296 0.171 0.109 0.096 0.118 0.168 0.198 0.215 0.140 0.318 0.071 0.000 0.000 0.000 0.146 0.142 0.117 0.033 0.000 0.000 0.000 0.000 0.000 0.000 0.000 0.000 0.000 0.000 0.000 0.000 0.000 0.000 0.000 0.000 0.000 0.000 0.000 0.000 0.000 0.000 0.000 0.000 0.000 0.000 0.000 0.000 0.000 0.000 0.000 0.000 0.000 0.000 0.000 0.000 0.000 0.000 0.000 0.000 0.000 0.000 0.000 0.000 0.000 0.000 0.000 0.000
0.008 0.057 0.026 0.000 0.084 0.035 0.071 0.238 0.157 0.042 0.073 0.196 0.284 0.231 0.216 0.125 0.162 0.274 0.057 0.000 0.018 0.120 0.000 0.000 0.000 0.000 0.000 0.182 0.038 0.000 0.000 0.000 0.000 0.000 0.000 0.000 0.000 0.000 0.000 0.000 0.000 0.000 0.000 0.000 0.000 0.000 0.000 0.000 0.000 0.000 0.000 0.000 0.000 0.000 0.000 0.000 0.000 0.000 0.000 0.000 0.000 0.000 0.000 0.000 0.000 0.000 0.000 0.000 0.000 0.000 0.000 0.000 0.000 0.000 0.000 0.000 0.000
0.016 0.057 0.054 0.091 0.022 0.015 0.049 0.095 0.218 0.100 0.065 0.075 0.204 0.136 0.086 0.165 0.153 0.174 0.112 0.061 0.000 0.000 0.000 0.000 0.000 0.000 0.000 0.080 0.000 0.000 0.000 0.000 0.000 0.000 0.000 0.000 0.000 0.000 0.000 0.000 0.000 0.000 0.000 0.000 0.000 0.000 0.000 0.000 0.000 0.000 0.000 0.000 0.000 0.000 0.000 0.000 0.000 0.000 0.000 0.000 0.000 0.000 0.000 0.000 0.000 0.000 0.000 0.000 0.000 0.000 0.000 0.000 0.000 0.000 0.000 0.000 0.000
0.008 0.021 0.000 0.159 0.096 0.075 0.155 0.079 0.236 0.299 0.275 0.223 0.195 0.130 0.096 0.130 0.252 0.258 0.139 0.100 0.014 0.009 0.000 0.000 0.000 0.000 0.000 0.020 0.030 0.000 0.000 0.000 0.000 0.000 0.000 0.000 0.000 0.000 0.000 0.000 0.000 0.000 0.000 0.000 0.000 0.000 0.000 0.000 0.000 0.000 0.000 0.000 0.000 0.000 0.000 0.000 0.000 0.000 0.000 0.000 0.000 0.000 0.000 0.000 0.000 0.000 0.000 0.000 0.000 0.000 0.000 0.000 0.000 0.000 0.000 0.000 0.000
0.004 0.007 0.010 0.107 0.298 0.211 0.050 0.078 0.225 0.105 0.094 0.315 0.104 0.201 0.181 0.084 0.233 0.124 0.098 0.016 0.016 0.000 0.000 0.000 0.000 0.000 0.000 0.008 0.177 0.000 0.014 0.005 0.000 0.000 0.000 0.000 0.000 0.000 0.000 0.000 0.000 0.000 0.000 0.000 0.000 0.000 0.000 0.000 0.000 0.000 0.000 0.000 0.000 0.000 0.000 0.000 0.000 0.000 0.000 0.000 0.000 0.000 0.000 0.000 0.000 0.000 0.000 0.000 0.000 0.000 0.000 0.000 0.000 0.000 0.000 0.000 0.000
0.009 0.054 0.121 0.203 0.338 0.204 0.171 0.122 0.179 0.072 0.116 0.244 0.097 0.199 0.229 0.129 0.116 0.187 0.122 0.095 0.120 0.000 0.000 0.000 0.000 0.000 0.000 0.000 0.123 0.150 0.017 0.000 0.000 0.000 0.000 0.000 0.000 0.000 0.000 0.000 0.000 0.000 0.000 0.000 0.000 0.000 0.000 0.000 0.000 0.000 0.000 0.000 0.000 0.000 0.000 0.000 0.000 0.000 0.000 0.000 0.000 0.000 0.000 0.000 0.000 0.000 0.000 0.000 0.000 0.000 0.000 0.000 0.000 0.000 0.000 0.000 0.000
