Data/res-0419.Qy
ncols         433
nrows         492
xllcorner     1194560.000000
yllcorner     -584483.500000
cellsize      25.000000
NODATA_value  -9999.000000
[rows 340 to 373 of 492, columns 231 to 307 of 433]
0.000 0.000 0.000 0.001 0.026 0.024 0.004 0.007 0.020 0.009 0.017 0.053 0.010 0.019 0.030 0.004 0.007 0.013 0.008 0.002 0.002 0.000 0.000 0.000 0.000 0.000 0.000 0.000 0.000 0.033 0.011 -0.000 0.000 0.007 0.012 0.013 0.019 0.007 0.012 0.008 0.018 0.017 0.017 0.012 0.017 0.019 0.038 0.027 0.030 0.033 0.035 0.042 0.044 0.043 0.056 0.053 0.054 0.037 0.024 0.018 0.024 0.010 0.005 0.009 0.010 0.013 0.009 0.013 0.008 0.008 -0.000 0.000 -0.001 -0.001 -0.001 -0.002 0.003
0.000 0.000 0.000 0.002 0.017 0.038 0.010 0.008 0.018 0.026 0.017 0.038 0.011 0.016 0.026 0.006 0.008 0.007 0.010 0.002 0.000 -0.000 0.000 0.000 0.000 0.000 -0.000 0.000 0.000 0.029 0.015 0.000 0.000 0.004 0.016 0.014 0.023 0.003 0.006 0.021 0.016 0.024 0.011 0.011 0.020 0.014 0.043 0.023 0.027 0.029 0.038 0.034 0.044 0.051 0.060 0.054 0.050 0.027 0.026 0.017 0.028 0.012 0.006 0.009 0.013 0.010 0.011 0.013 0.011 0.004 0.002 -0.000 -0.000 -0.002 -0.000 -0.000 -0.004
0.000 0.000 0.000 0.002 0.019 0.036 0.018 0.010 0.028 0.067 0.023 0.015 -0.002 -0.001 0.021 0.005 0.007 0.004 0.006 0.002 -0.001 -0.001 0.000 0.000 0.000 0.001 -0.000 -0.001 0.000 0.012 0.026 0.006 0.002 0.003 0.022 0.006 0.025 0.004 0.006 0.048 0.010 0.012 0.009 0.017 0.032 0.006 0.023 0.026 0.028 0.030 0.038 0.025 0.046 0.046 0.054 0.057 0.059 0.028 0.018 0.019 0.027 0.022 0.015 0.008 0.010 0.008 0.014 0.012 0.008 0.004 0.000 -0.000 0.000 -0.000 -0.000 0.000 -0.001
0.000 0.000 0.000 0.003 0.029 0.029 0.026 0.046 0.051 0.042 0.010 0.005 0.003 0.041 0.008 0.006 0.000 -0.033 -0.000 -0.004 -0.002 -0.001 -0.001 0.000 0.000 0.001 0.000 0.002 0.002 0.006 0.015 0.018 0.002 0.005 0.023 0.005 0.024 0.012 0.039 0.019 0.013 0.024 0.030 0.002 0.004 0.007 0.020 0.025 0.030 0.024 0.045 0.032 0.032 0.052 0.058 0.066 0.048 0.028 0.019 0.019 0.027 0.026 0.014 0.011 0.017 0.006 0.019 0.003 0.004 0.000 -0.000 0.000 0.000 0.001 0.000 0.001 0.001
0.000 0.000 0.000 0.005 0.066 0.003 0.022 0.031 0.063 0.045 0.021 0.009 0.037 0.010 0.000 0.003 0.002 0.005 0.000 -0.053 -0.001 -0.001 -0.003 0.000 0.002 -0.000 0.008 -0.000 -0.000 0.003 0.009 0.016 0.014 0.014 0.018 0.024 0.040 0.020 0.004 0.008 0.012 0.029 0.017 0.005 0.005 0.007 0.019 0.030 0.022 0.027 0.045 0.035 0.030 0.054 0.049 0.059 0.056 0.028 0.021 0.028 0.022 0.029 0.011 0.013 0.014 0.006 0.026 0.000 0.000 0.000 0.000 0.000 0.000 0.000 0.000 0.000 -0.000
0.001 -0.003 0.001 0.003 0.061 0.004 0.021 0.035 0.053 0.049 0.027 0.006 0.035 0.012 0.000 0.005 0.002 0.002 -0.000 -0.053 0.000 -0.003 -0.004 0.000 0.002 0.000 0.008 0.000 0.001 0.000 0.010 0.015 0.027 0.009 0.073 0.000 0.014 0.012 0.008 0.007 0.010 0.036 0.001 0.012 0.011 0.006 0.012 0.037 0.019 0.061 0.015 0.022 0.040 0.043 0.053 0.062 0.055 0.033 0.018 0.025 0.022 0.029 0.013 0.016 0.011 0.007 0.020 0.000 0.002 0.000 -0.000 -0.000 -0.000 0.001 0.000 0.001 0.001
0.003 0.003 -0.000 0.004 0.042 0.026 0.015 0.049 0.020 0.038 0.053 0.004 0.035 0.015 0.000 0.003 0.003 0.002 -0.001 -0.053 0.000 -0.001 0.000 -0.000 0.000 0.001 0.004 0.000 0.001 0.000 0.015 0.010 0.079 0.003 0.027 0.002 0.009 0.013 0.037 0.007 0.009 0.010 0.001 0.015 0.014 0.007 0.009 0.037 0.038 0.040 0.015 0.021 0.050 0.038 0.063 0.066 0.038 0.037 0.018 0.024 0.026 0.028 0.017 0.015 0.013 0.011 0.004 0.003 0.001 0.000 0.000 0.000 0.000 0.000 0.001 0.001 0.000
0.004 0.002 0.000 0.016 0.035 0.035 0.037 0.017 0.015 0.032 0.076 0.028 0.007 0.005 0.000 0.003 0.003 0.004 0.000 -0.057 0.000 -0.001 0.000 -0.000 0.000 0.000 0.005 0.000 0.003 0.024 -0.000 0.014 0.063 0.006 0.024 0.010 0.005 0.008 0.046 0.015 0.006 0.005 0.006 0.011 0.014 0.004 0.027 0.026 0.035 0.022 0.028 0.033 0.054 0.034 0.060 0.064 0.037 0.037 0.017 0.033 0.024 0.024 0.021 0.014 0.013 0.003 0.002 0.002 0.000 0.000 0.000 0.000 0.000 0.001 0.002 0.000 -0.000
0.003 0.003 0.001 0.031 0.031 0.041 0.020 0.018 0.013 0.042 0.068 0.024 0.007 0.003 0.010 0.003 0.000 0.000 0.000 -0.057 0.000 0.000 0.000 0.000 -0.001 0.000 0.005 0.000 0.023 0.004 0.000 0.021 0.036 0.053 0.016 0.010 0.015 0.005 0.037 0.010 0.006 0.013 0.013 0.013 0.013 0.025 0.011 0.023 0.005 0.027 0.032 0.038 0.054 0.032 0.069 0.080 0.042 0.040 0.034 0.002 0.015 0.018 0.023 0.008 0.007 0.004 0.003 0.000 -0.001 -0.001 -0.000 -0.001 -0.000 -0.000 0.003 0.000 0.000
0.000 0.003 0.042 0.009 0.020 0.039 0.023 0.021 0.045 0.025 0.045 0.020 0.015 0.009 0.002 -0.001 0.000 0.000 0.000 -0.057 -0.000 0.000 0.000 0.000 -0.001 0.000 0.014 0.006 0.011 0.004 0.016 0.023 0.017 0.079 0.013 0.002 0.004 0.003 0.036 0.016 0.009 0.005 0.020 0.028 0.007 0.012 0.008 0.019 0.003 0.046 0.028 0.034 0.054 0.077 0.093 0.057 0.019 0.024 0.019 0.004 0.021 0.020 0.017 0.015 0.001 0.000 0.002 0.000 0.000 -0.000 -0.000 -0.002 -0.000 0.001 0.001 0.000 0.000
0.000 0.003 0.045 0.010 0.020 0.038 0.035 0.014 0.069 0.015 0.026 0.050 -0.000 -0.003 0.000 -0.000 0.000 -0.003 0.000 -0.051 -0.006 0.000 0.000 0.000 0.002 0.001 0.018 0.006 0.007 0.004 0.017 0.029 0.012 0.078 0.013 0.003 0.010 0.008 0.025 0.016 0.009 0.003 0.032 0.021 0.009 0.020 0.006 0.029 0.021 0.012 0.031 0.036 0.063 0.092 0.073 0.066 0.008 0.019 0.019 0.024 0.011 0.010 0.013 0.013 0.001 0.000 -0.001 0.000 0.000 0.000 0.000 -0.001 0.000 0.000 -0.000 0.000 0.000
0.000 0.005 0.039 0.026 0.046 0.035 0.026 0.012 0.049 0.018 0.032 0.036 0.000 -0.000 0.000 0.000 0.000 -0.003 -0.003 -0.036 -0.021 0.000 0.000 0.000 0.006 0.003 0.017 0.007 0.011 0.006 0.008 0.031 0.009 0.083 0.021 0.002 0.007 0.014 0.016 0.013 0.031 0.006 0.023 0.012 0.012 0.008 0.006 0.015 0.030 0.013 0.047 0.053 0.123 0.024 0.051 0.067 0.013 0.017 0.023 0.023 0.020 0.006 0.006 0.008 0.001 0.000 0.000 0.000 -0.000 0.000 0.000 0.000 0.000 0.000 0.000 0.000 0.000
0.006 0.008 0.036 0.033 0.075 0.016 0.015 0.015 0.031 0.026 0.033 0.026 0.000 0.000 0.000 0.000 0.000 0.000 -0.001 -0.015 -0.044 -0.002 0.000 0.012 0.005 0.012 0.000 0.009 0.015 0.008 0.019 0.027 0.021 0.058 0.025 0.006 0.008 0.021 0.015 0.004 0.028 0.008 0.024 0.009 0.023 0.003 0.004 0.007 0.039 0.018 0.041 0.061 0.108 0.029 0.046 0.064 0.019 0.018 0.013 0.025 0.021 0.008 0.006 0.005 0.000 0.000 0.000 0.000 0.000 0.000 0.000 0.000 0.000 0.000 0.000 0.000 0.000
0.022 0.009 0.023 0.026 0.078 0.040 0.011 0.001 0.020 0.025 0.026 0.024 0.000 0.000 0.000 0.000 0.000 0.000 0.000 -0.000 -0.014 -0.005 -0.026 0.002 0.003 0.008 0.000 0.012 0.026 0.008 0.015 0.034 0.035 0.027 0.059 -0.000 -0.005 0.015 0.007 0.003 0.030 0.011 0.015 0.011 0.025 0.006 0.008 0.026 0.044 0.017 0.022 0.096 0.048 0.062 0.042 0.033 0.038 0.020 0.009 0.027 0.021 0.015 -0.000 0.000 0.000 0.000 0.000 0.000 0.000 0.000 0.000 0.000 0.000 0.000 0.000 0.000 0.000
0.011 0.014 0.041 0.023 0.051 0.051 0.020 0.014 0.009 0.018 0.020 0.016 0.000 0.000 0.000 0.000 0.000 0.000 0.000 -0.000 -0.011 -0.005 -0.002 -0.008 -0.007 0.002 0.001 0.029 0.025 0.009 0.000 0.028 0.038 0.022 0.062 0.000 0.004 0.010 0.007 0.015 0.008 0.021 0.009 0.026 0.035 -0.006 0.002 0.029 0.044 0.018 0.020 0.105 0.046 0.061 0.045 0.033 0.024 0.033 0.029 0.020 0.012 0.000 0.000 0.000 0.000 0.000 0.000 0.000 0.000 0.000 0.000 0.000 0.000 0.000 0.000 0.000 0.000
0.011 0.040 0.058 0.004 0.020 0.065 0.044 0.001 0.003 0.014 0.015 0.011 0.000 0.000 0.000 0.000 0.000 0.000 0.000 -0.000 -0.008 -0.004 -0.002 -0.001 0.005 0.000 0.004 0.024 0.012 0.003 0.000 0.034 0.019 0.048 0.009 0.042 0.004 0.018 0.001 0.013 0.006 0.033 0.010 0.028 0.052 0.000 0.051 0.016 0.019 0.016 0.032 0.059 0.057 0.034 0.045 0.045 0.023 0.035 0.039 0.007 0.001 0.000 0.000 0.000 0.000 0.000 0.000 0.000 0.000 0.000 0.000 0.000 0.000 0.000 0.000 0.000 0.000
0.008 0.065 0.040 0.005 0.026 0.029 0.075 0.004 0.004 0.014 0.011 0.005 0.003 0.002 0.000 0.000 0.000 0.000 0.000 0.000 -0.004 -0.003 0.000 0.002 0.005 0.004 0.001 0.019 0.010 0.004 0.000 0.034 0.018 0.047 0.009 0.044 0.008 0.011 0.002 0.003 0.041 0.005 0.014 0.030 0.050 0.000 0.058 0.026 0.033 0.022 0.041 0.032 0.060 0.032 0.038 0.045 0.045 0.028 0.018 0.003 0.000 0.000 0.000 0.000 0.000 0.000 0.000 0.000 0.000 0.000 0.000 0.000 0.000 0.000 0.000 0.000 0.000
0.007 0.041 0.069 0.021 0.014 0.023 0.074 0.005 0.005 0.009 0.005 0.009 0.007 0.002 0.000 0.000 0.000 0.000 0.000 0.000 -0.000 0.000 -0.003 -0.000 0.004 0.003 0.001 0.006 0.026 0.000 0.000 0.043 0.029 0.010 0.041 0.021 0.023 0.009 0.001 0.001 0.041 0.005 0.036 0.022 0.038 0.035 0.045 0.034 0.023 0.021 0.032 0.032 0.060 0.030 0.038 0.044 0.050 0.023 0.009 0.000 0.000 0.000 0.000 0.000 0.000 0.000 0.000 0.000 0.000 0.000 0.000 0.000 0.000 0.000 0.000 0.000 0.000
0.009 0.035 0.069 0.028 0.006 0.052 0.047 0.008 0.006 0.012 0.000 0.000 0.010 0.006 0.000 0.000 0.000 0.000 0.000 0.000 0.000 0.000 -0.003 0.000 0.007 0.003 0.003 0.002 0.028 0.006 0.012 0.028 0.026 0.008 0.048 0.028 0.001 0.017 0.001 0.014 0.012 0.020 0.046 0.020 0.040 0.042 0.044 0.034 0.032 0.046 0.007 0.031 0.052 0.020 0.070 0.043 0.037 0.013 -0.000 0.000 0.000 0.000 0.000 0.000 0.000 0.000 0.000 0.000 0.000 0.000 0.000 0.000 0.000 0.000 0.000 0.000 0.000
0.023 0.030 0.084 0.045 0.007 0.018 0.040 0.008 0.011 0.008 0.000 0.000 0.011 0.006 0.000 0.000 0.000 0.000 0.000 0.000 0.000 0.000 -0.000 0.000 0.010 0.007 0.003 0.008 0.018 0.011 0.010 0.015 0.040 0.008 0.040 0.027 0.001 0.016 0.014 0.007 0.008 0.023 0.072 0.016 0.041 0.033 0.078 0.005 0.023 0.033 0.008 0.041 0.037 0.024 0.117 0.013 0.028 0.004 0.000 0.000 0.000 0.000 0.000 0.000 0.000 0.000 0.000 0.000 0.000 0.000 0.000 0.000 0.000 0.000 0.000 0.000 0.000
0.018 0.041 0.084 0.040 0.014 0.009 0.019 0.014 0.026 0.010 0.001 0.001 0.008 0.003 0.003 0.000 -0.000 0.000 0.000 0.000 0.000 0.002 0.006 0.004 0.007 0.007 0.005 0.007 0.021 0.002 0.015 0.009 0.068 0.015 0.011 0.018 0.010 0.012 0.037 0.017 0.007 0.011 0.053 0.018 0.036 0.028 0.097 0.000 0.028 0.021 0.021 0.039 0.025 0.105 0.039 0.019 0.020 0.001 0.000 0.000 0.000 0.000 0.000 0.000 0.000 0.000 0.000 0.000 0.000 0.000 0.000 0.000 0.000 0.000 0.000 0.000 0.000
0.015 0.050 0.060 0.043 0.024 0.007 0.017 0.014 0.022 0.011 0.006 0.000 0.014 0.000 0.000 0.000 0.000 0.000 0.000 0.000 0.000 0.001 0.012 0.010 0.004 0.006 0.007 0.006 0.013 0.003 0.019 0.047 0.035 0.015 0.011 0.017 0.011 0.009 0.043 0.019 0.018 0.031 0.012 0.013 0.035 0.026 0.100 0.000 0.035 0.020 0.040 0.040 0.054 0.058 0.035 0.019 0.016 0.000 0.000 0.000 0.000 0.000 0.000 0.000 0.000 0.000 0.000 0.000 0.000 0.000 0.000 0.000 0.000 0.000 0.000 0.000 0.000
0.037 0.023 0.034 0.072 0.022 0.016 0.011 0.008 0.027 0.012 0.007 0.007 0.000 0.000 0.000 0.000 0.000 0.000 0.000 0.000 0.000 0.001 0.013 0.011 0.007 0.002 0.013 0.004 0.006 0.008 0.018 0.059 0.033 0.012 0.021 0.017 0.001 0.016 0.051 0.016 0.008 0.023 0.012 0.012 0.029 0.038 0.079 0.038 0.023 0.013 0.041 0.042 0.061 0.061 0.026 0.019 0.008 0.000 0.000 0.000 0.000 0.000 0.000 0.000 0.000 0.000 0.000 0.000 0.000 0.000 0.000 0.000 0.000 0.000 0.000 0.000 0.000
0.026 0.019 0.030 0.068 0.060 0.026 0.022 0.003 0.000 0.000 0.000 0.000 0.000 0.000 0.001 -0.001 0.000 0.000 0.000 0.000 0.000 0.004 0.006 0.015 0.008 0.002 0.012 0.005 0.006 0.014 0.012 0.064 0.035 0.008 0.023 0.014 0.002 0.020 0.043 0.017 0.011 0.020 0.006 0.039 0.018 0.040 0.112 0.031 0.023 0.030 0.040 0.032 0.036 0.055 0.023 0.015 0.002 0.000 0.000 0.000 0.000 0.000 0.000 0.000 0.000 0.000 0.000 0.000 0.000 0.000 0.000 0.000 0.000 0.000 0.000 0.000 0.000
0.026 0.020 0.039 0.063 0.047 0.037 0.004 0.003 0.000 0.000 0.000 0.000 0.005 0.000 0.000 -0.001 -0.004 0.000 0.000 0.000 0.000 0.004 0.003 0.012 0.015 0.007 0.007 0.013 0.010 0.007 0.008 0.016 0.079 0.009 0.023 0.012 0.018 0.019 0.020 0.024 0.013 0.021 0.006 0.072 0.037 0.044 0.067 0.032 0.024 0.045 0.030 0.036 0.030 0.054 0.015 0.012 0.000 0.000 0.000 0.000 0.000 0.000 0.000 0.000 0.000 0.000 0.000 0.000 0.000 0.000 0.000 0.000 0.000 0.000 0.000 0.000 0.000
0.026 0.026 0.041 0.047 0.039 0.034 0.005 0.007 -0.008 0.000 0.000 0.000 0.005 0.000 0.000 -0.001 -0.004 0.000 0.000 -0.000 -0.000 0.004 0.002 0.012 0.014 0.015 0.006 0.024 0.005 0.006 0.003 0.015 0.054 0.040 0.021 0.020 0.009 0.019 0.013 0.029 0.012 0.028 0.023 0.068 0.049 0.054 0.049 0.055 0.013 0.031 0.026 0.054 0.024 0.025 0.014 0.010 0.000 0.000 0.000 0.000 0.000 0.000 0.000 0.000 0.000 0.000 0.000 0.000 0.000 0.000 0.000 0.000 0.000 0.000 0.000 0.000 0.000
0.031 0.031 0.037 0.040 0.028 0.028 0.006 0.014 -0.000 -0.000 -0.007 -0.004 -0.002 0.000 0.000 -0.001 0.000 0.000 0.000 0.002 0.006 0.010 0.000 0.000 0.013 0.012 0.007 0.025 0.006 0.006 0.003 0.017 0.047 0.049 0.019 0.018 0.009 0.025 0.005 0.017 0.037 0.033 0.017 0.077 0.054 0.058 0.052 0.043 0.014 0.030 0.052 0.016 0.030 0.017 0.008 0.008 -0.000 0.000 0.000 0.000 0.000 0.000 0.000 0.000 0.000 0.000 0.000 0.000 0.000 0.000 0.000 0.000 0.000 0.000 0.000 0.000 0.000
0.012 0.027 0.044 0.030 0.024 0.022 0.008 0.007 0.001 0.001 -0.006 -0.005 0.000 0.015 0.003 -0.022 0.000 0.000 0.000 0.003 0.010 0.006 0.000 -0.000 0.010 0.015 0.009 0.027 0.005 0.006 0.010 0.018 0.002 0.085 0.021 0.017 0.012 0.019 0.006 0.015 0.012 0.117 0.023 0.044 0.051 0.053 0.051 0.028 0.015 0.037 0.039 0.023 0.024 0.017 0.009 0.005 0.000 0.000 0.000 0.000 0.000 0.000 0.000 0.000 0.000 0.000 0.000 0.000 0.000 0.000 0.000 0.000 0.000 0.000 0.000 0.000 0.000
0.012 0.030 0.046 0.037 0.021 0.023 0.016 -0.000 -0.001 -0.005 0.000 0.000 0.000 0.000 -0.000 0.000 -0.009 0.002 -0.000 -0.009 0.004 0.003 0.000 0.000 0.012 0.015 0.006 0.028 0.006 0.007 0.011 0.016 0.002 0.090 0.019 0.017 0.010 0.016 0.010 0.014 0.013 0.128 0.043 0.013 0.069 0.033 0.061 0.026 0.014 0.042 0.034 0.030 0.023 0.010 0.009 0.001 0.000 0.000 0.000 0.000 0.000 0.000 0.000 0.000 0.000 0.000 0.000 0.000 0.000 0.000 0.000 0.000 0.000 0.000 0.000 0.000 0.000
0.022 0.018 0.051 0.060 0.004 0.043 0.002 0.003 -0.023 -0.014 0.000 0.000 0.000 0.000 0.000 0.000 0.000 0.001 0.000 0.000 -0.007 -0.003 -0.000 0.000 0.022 0.005 0.007 0.033 0.008 0.007 0.009 0.013 0.006 0.086 0.016 0.030 0.002 0.006 0.012 0.013 0.025 0.123 0.039 0.013 0.068 0.036 0.068 0.022 0.013 0.053 0.033 0.017 0.021 0.010 0.008 0.001 0.000 0.000 0.000 0.000 0.000 0.000 0.000 0.000 0.000 0.000 0.000 0.000 0.000 0.000 0.000 0.000 0.000 0.000 0.000 0.000 0.000
0.031 0.029 0.032 0.041 0.005 0.040 0.007 0.014 -0.017 -0.013 -0.009 -0.013 0.000 0.000 0.000 0.000 0.000 0.001 0.000 0.012 0.000 -0.000 0.002 -0.007 0.009 0.002 0.027 0.020 0.010 0.006 0.006 0.015 0.005 0.082 0.016 0.029 0.000 0.007 0.017 0.014 0.040 0.082 0.021 0.075 0.052 0.068 0.036 0.022 0.051 0.021 0.025 0.014 0.018 0.010 0.009 0.001 0.000 0.000 0.000 0.000 0.000 0.000 0.000 0.000 0.000 0.000 0.000 0.000 0.000 0.000 0.000 0.000 0.000 0.000 0.000 0.000 0.000
0.044 0.032 0.015 0.042 0.012 0.024 0.025 0.037 -0.002 -0.003 -0.019 -0.028 -0.017 0.003 -0.025 0.000 0.000 0.017 -0.000 -0.004 0.000 0.000 0.017 0.002 0.008 0.005 0.025 0.005 0.012 0.000 0.004 0.018 0.002 0.078 0.019 0.027 0.000 0.014 0.013 0.013 0.059 0.060 0.022 0.073 0.050 0.090 0.028 0.021 0.067 0.013 0.017 0.016 0.018 0.005 0.003 0.002 0.000 0.000 0.000 0.000 0.000 0.000 0.000 0.000 0.000 0.000 0.000 0.000 0.000 0.000 0.000 0.000 0.000 0.000 0.000 0.000 0.000
0.072 0.022 0.007 0.072 0.000 0.014 0.046 0.024 0.005 0.004 -0.012 -0.001 0.000 -0.007 -0.097 0.000 0.000 0.024 0.000 0.004 0.005 0.001 0.001 0.001 0.008 0.006 0.022 0.005 0.011 0.001 0.004 0.040 0.007 0.042 0.022 0.026 0.005 0.018 0.013 0.014 0.073 0.033 0.024 0.077 0.055 0.116 0.010 0.044 0.039 0.021 0.014 0.016 0.012 0.008 0.000 0.000 0.000 0.000 0.000 0.000 0.000 0.000 0.000 0.000 0.000 0.000 0.000 0.000 0.000 0.000 0.000 0.000 0.000 0.000 0.000 0.000 0.000
0.050 0.024 0.004 0.071 0.000 0.010 0.060 0.018 0.007 0.008 0.000 -0.025 0.000 0.001 0.000 -0.043 -0.026 -0.011 0.000 0.005 0.006 0.002 0.010 0.000 0.003 0.012 0.011 0.005 0.011 0.001 0.007 0.035 0.014 0.016 0.025 0.027 0.020 0.016 0.012 0.021 0.073 0.034 0.013 0.064 0.078 0.115 0.010 0.050 0.030 0.028 0.011 0.015 0.009 0.007 0.000 0.000 0.000 0.000 0.000 0.000 0.000 0.000 0.000 0.000 0.000 0.000 0.000 0.000 0.000 0.000 0.000 0.000 0.000 0.000 0.000 0.000 0.000
