Data/res-0330.wd
ncols         433
nrows         491
xllcorner     1194560.000000
yllcorner     -584471.000000
cellsize      25.000000
NODATA_value  -9999.000000
[rows 374 to 407 of 491, columns 0 to 76 of 433]
0.000 0.000 0.000 0.000 0.000 0.000 0.000 0.040 0.000 0.000 0.000 0.000 0.015 0.000 0.000 0.000 0.000 0.000 0.001 0.038 0.000 0.000 0.000 0.000 0.000 0.000 0.000 0.000 0.000 0.000 0.000 0.000 0.000 0.000 0.001 0.001 0.043 0.001 0.001 0.001 0.001 0.047 0.010 0.001 0.001 0.001 0.001 0.001 0.001 0.001 0.001 0.062 0.001 0.001 0.085 0.001 0.067 0.108 0.225 0.069 0.001 0.001 0.255 0.178 0.014 0.001 0.001 0.129 0.145 0.023 0.001 0.001 0.001 0.045 0.149 0.159 0.265
0.000 0.000 0.000 0.000 0.000 0.000 0.000 0.016 0.006 0.011 0.032 0.000 0.006 0.000 0.000 0.000 0.000 0.000 0.000 0.027 0.004 0.000 0.000 0.000 0.000 0.000 0.000 0.000 0.000 0.000 0.000 0.000 0.000 0.001 0.015 0.030 0.030 0.023 0.011 0.005 0.001 0.001 0.001 0.001 0.001 0.038 0.001 0.001 0.001 0.001 0.001 0.042 0.143 0.089 0.120 0.006 0.090 0.003 0.234 0.174 0.012 0.240 0.334 0.109 0.001 0.001 0.001 0.001 0.054 0.152 0.001 0.001 0.001 0.001 0.010 0.206 0.239
0.000 0.000 0.000 0.000 0.000 0.000 0.000 0.000 0.090 0.135 0.137 0.070 0.069 0.058 0.006 0.014 0.001 0.001 0.001 0.002 0.093 0.001 0.000 0.000 0.000 0.000 0.000 0.000 0.000 0.000 0.000 0.000 0.000 0.001 0.001 0.003 0.001 0.001 0.001 0.001 0.001 0.001 0.051 0.001 0.001 0.111 0.181 0.227 0.201 0.117 0.136 0.160 0.287 0.351 0.269 0.234 0.340 0.303 0.282 0.412 0.337 0.118 0.001 0.001 0.047 0.172 0.111 0.001 0.017 0.169 0.072 0.031 0.001 0.013 0.001 0.239 0.143
0.000 0.000 0.000 0.000 0.000 0.000 0.000 0.000 0.092 0.000 0.000 0.024 0.146 0.075 0.000 0.001 0.069 0.050 0.000 0.000 0.085 0.000 0.000 0.000 0.000 0.009 0.001 0.000 0.000 0.000 0.000 0.000 0.004 0.104 0.067 0.083 0.034 0.001 0.001 0.001 0.000 0.001 0.001 0.001 0.001 0.008 0.041 0.040 0.001 0.029 0.124 0.094 0.048 0.052 0.250 0.359 0.045 0.064 0.116 0.233 0.243 0.001 0.017 0.001 0.009 0.011 0.031 0.118 0.187 0.019 0.001 0.020 0.077 0.099 0.205 0.264 0.107
0.000 0.000 0.000 0.000 0.000 0.000 0.000 0.000 0.000 0.000 0.000 0.000 0.000 0.071 0.072 0.031 0.000 0.001 0.000 0.000 0.079 0.004 0.000 0.000 0.000 0.000 0.001 0.001 0.001 0.001 0.001 0.003 0.093 0.001 0.004 0.001 0.001 0.001 0.001 0.061 0.045 0.001 0.000 0.001 0.001 0.001 0.001 0.001 0.002 0.089 0.241 0.001 0.050 0.001 0.211 0.197 0.050 0.001 0.001 0.156 0.336 0.242 0.127 0.001 0.001 0.001 0.002 0.245 0.064 0.001 0.004 0.001 0.083 0.069 0.088 0.190 0.140
0.000 0.000 0.000 0.000 0.000 0.000 0.000 0.000 0.000 0.000 0.000 0.000 0.000 0.000 0.000 0.000 0.000 0.051 0.000 0.000 0.022 0.024 0.000 0.053 0.130 0.078 0.038 0.024 0.037 0.001 0.007 0.085 0.001 0.001 0.001 0.001 0.001 0.001 0.001 0.001 0.001 0.051 0.001 0.011 0.001 0.001 0.015 0.001 0.001 0.001 0.213 0.053 0.019 0.021 0.078 0.239 0.069 0.001 0.027 0.039 0.077 0.222 0.493 0.121 0.053 0.005 0.183 0.062 0.057 0.112 0.147 0.176 0.135 0.048 0.240 0.089 0.049
0.000 0.000 0.000 0.000 0.000 0.000 0.000 0.000 0.000 0.000 0.000 0.000 0.000 0.000 0.000 0.000 0.039 0.062 0.117 0.001 0.001 0.071 0.021 0.160 0.095 0.032 0.001 0.001 0.001 0.001 0.043 0.001 0.034 0.001 0.001 0.018 0.063 0.031 0.111 0.016 0.001 0.001 0.001 0.001 0.156 0.131 0.173 0.149 0.128 0.012 0.251 0.001 0.001 0.001 0.001 0.115 0.001 0.001 0.003 0.001 0.004 0.357 1.165 0.449 0.265 0.157 0.075 0.001 0.001 0.021 0.084 0.099 0.166 0.073 0.179 0.047 0.590
0.000 0.000 0.000 0.000 0.000 0.000 0.000 0.000 0.000 0.000 0.000 0.000 0.000 0.000 0.000 0.000 0.000 0.000 0.048 0.137 0.101 0.167 0.213 0.080 0.000 0.001 0.000 0.000 0.000 0.001 0.050 0.043 0.001 0.001 0.001 0.017 0.001 0.001 0.012 0.000 0.000 0.000 0.000 0.001 0.001 0.001 0.001 0.001 0.108 0.199 0.282 0.001 0.001 0.001 0.001 0.001 0.044 0.001 0.006 0.210 1.306 1.359 1.288 1.564 0.905 0.134 0.214 0.412 0.001 0.001 0.001 0.039 0.099 0.189 0.476 1.351 1.799
0.000 0.000 0.000 0.000 0.000 0.000 0.000 0.000 0.000 0.000 0.000 0.000 0.000 0.000 0.000 0.000 0.000 0.000 0.000 0.000 0.001 0.112 0.010 0.020 0.000 0.000 0.000 0.000 0.000 0.052 0.004 0.001 0.001 0.026 0.001 0.001 0.001 0.047 0.000 0.000 0.000 0.000 0.000 0.001 0.001 0.001 0.001 0.038 0.003 0.303 0.178 0.028 0.001 0.001 0.001 0.001 0.001 0.001 0.069 1.507 0.964 0.240 0.051 0.163 1.238 1.437 1.337 1.399 0.428 0.098 0.090 0.023 0.247 0.504 1.001 1.633 0.416
0.000 0.000 0.000 0.000 0.000 0.000 0.000 0.000 0.000 0.000 0.000 0.000 0.000 0.000 0.000 0.000 0.000 0.000 0.000 0.001 0.116 0.000 0.000 0.001 0.001 0.000 0.000 0.000 0.054 0.020 0.001 0.001 0.010 0.002 0.001 0.021 0.001 0.000 0.000 0.000 0.000 0.000 0.001 0.001 0.001 0.107 0.094 0.001 0.090 0.206 0.344 0.249 0.001 0.081 0.001 0.001 0.001 0.001 0.700 1.091 0.222 0.023 0.001 0.026 0.010 0.023 0.024 1.029 1.289 0.235 0.239 1.099 1.709 1.659 1.651 0.293 0.150
0.000 0.000 0.000 0.000 0.000 0.000 0.000 0.000 0.000 0.000 0.000 0.000 0.000 0.000 0.000 0.000 0.000 0.000 0.019 0.098 0.007 0.000 0.000 0.000 0.001 0.001 0.001 0.016 0.003 0.001 0.001 0.001 0.053 0.001 0.001 0.001 0.001 0.000 0.000 0.000 0.000 0.000 0.000 0.001 0.001 0.001 0.020 0.073 0.163 0.001 0.005 0.236 0.331 0.154 0.001 0.010 0.001 0.001 0.402 1.431 0.127 0.001 0.001 0.013 0.001 0.001 0.002 0.001 0.990 1.454 1.385 1.428 0.335 0.389 0.358 0.236 0.117
0.000 0.000 0.000 0.000 0.000 0.000 0.000 0.000 0.000 0.000 0.000 0.000 0.000 0.000 0.000 0.000 0.000 0.001 0.013 0.000 0.000 0.000 0.000 0.000 0.000 0.001 0.001 0.094 0.016 0.001 0.035 0.055 0.001 0.001 0.001 0.001 0.001 0.052 0.001 0.000 0.023 0.000 0.000 0.001 0.085 0.001 0.001 0.038 0.054 0.001 0.001 0.083 0.121 0.298 0.143 0.160 0.151 0.084 1.122 1.182 0.167 0.092 0.054 0.001 0.001 0.001 0.001 0.003 0.062 0.223 0.424 0.300 0.215 0.080 0.215 0.184 0.246
0.000 0.000 0.000 0.000 0.000 0.000 0.000 0.000 0.000 0.000 0.000 0.000 0.000 0.000 0.000 0.000 0.001 0.001 0.000 0.000 0.000 0.000 0.000 0.000 0.000 0.001 0.060 0.144 0.135 0.001 0.001 0.001 0.001 0.001 0.001 0.001 0.001 0.000 0.001 0.001 0.057 0.001 0.001 0.058 0.001 0.001 0.001 0.096 0.004 0.001 0.026 0.093 0.052 0.590 0.001 0.001 0.053 0.111 1.442 0.258 0.032 0.001 0.053 0.198 0.180 0.185 0.209 0.166 0.086 0.102 0.126 0.160 0.347 0.053 0.062 0.033 0.054
0.000 0.000 0.000 0.000 0.000 0.000 0.000 0.000 0.000 0.000 0.000 0.000 0.000 0.000 0.000 0.000 0.006 0.000 0.000 0.000 0.000 0.000 0.000 0.000 0.000 0.092 0.067 0.001 0.001 0.001 0.001 0.001 0.001 0.000 0.001 0.000 0.000 0.001 0.001 0.000 0.000 0.000 0.001 0.010 0.001 0.002 0.059 0.124 0.098 0.001 0.001 0.017 0.198 0.955 1.578 1.075 0.236 0.269 1.528 0.265 0.001 0.001 0.118 0.001 0.001 0.001 0.001 0.001 0.024 0.109 0.118 0.079 0.391 0.360 0.239 0.291 0.332
0.000 0.000 0.000 0.000 0.000 0.000 0.000 0.000 0.000 0.000 0.000 0.000 0.000 0.000 0.000 0.000 0.000 0.000 0.000 0.000 0.000 0.000 0.000 0.023 0.070 0.076 0.001 0.058 0.001 0.001 0.048 0.001 0.001 0.001 0.001 0.001 0.001 0.001 0.000 0.000 0.000 0.000 0.001 0.001 0.001 0.001 0.001 0.004 0.024 0.059 0.001 0.133 0.437 1.451 0.515 1.517 1.085 1.471 0.764 0.197 0.016 0.001 0.124 0.003 0.001 0.035 0.155 0.234 0.235 0.132 0.008 0.178 0.399 0.141 0.248 0.279 0.105
0.000 0.000 0.000 0.000 0.000 0.000 0.000 0.000 0.000 0.000 0.000 0.000 0.000 0.000 0.000 0.000 0.000 0.000 0.000 0.000 0.000 0.000 0.000 0.001 0.009 0.066 0.001 0.001 0.011 0.106 0.017 0.001 0.010 0.055 0.004 0.000 0.000 0.000 0.000 0.000 0.001 0.061 0.001 0.001 0.113 0.060 0.001 0.005 0.001 0.030 0.323 1.477 1.542 1.246 0.118 0.062 0.477 0.166 0.272 0.133 0.163 0.022 0.179 0.001 0.117 0.138 0.137 0.011 0.029 0.152 0.302 0.338 0.144 0.135 0.087 0.074 0.105
0.000 0.000 0.000 0.000 0.000 0.000 0.000 0.000 0.000 0.000 0.000 0.000 0.000 0.000 0.000 0.000 0.000 0.000 0.000 0.000 0.000 0.000 0.166 0.122 0.025 0.001 0.001 0.001 0.001 0.078 0.001 0.001 0.001 0.001 0.000 0.000 0.000 0.007 0.001 0.004 0.006 0.000 0.000 0.001 0.001 0.008 0.002 0.038 0.001 0.235 1.655 0.905 0.130 0.002 0.001 0.037 0.156 0.238 0.084 0.012 0.039 0.223 0.152 0.050 0.023 0.001 0.051 0.110 0.079 0.339 0.213 0.228 0.164 0.212 0.473 0.409 0.298
0.000 0.000 0.000 0.000 0.000 0.000 0.000 0.000 0.000 0.000 0.000 0.000 0.000 0.000 0.000 0.000 0.000 0.000 0.000 0.000 0.001 0.047 0.227 0.001 0.001 0.001 0.001 0.000 0.001 0.074 0.000 0.000 0.000 0.000 0.000 0.001 0.033 0.001 0.000 0.000 0.000 0.000 0.001 0.001 0.001 0.001 0.141 0.221 0.205 0.231 1.705 0.899 0.108 0.001 0.006 0.204 0.269 0.198 0.001 0.001 0.021 0.174 0.001 0.001 0.001 0.012 0.001 0.001 0.304 0.090 0.047 0.063 0.103 0.447 0.298 0.352 0.550
0.000 0.000 0.000 0.000 0.000 0.000 0.000 0.000 0.000 0.000 0.000 0.000 0.000 0.000 0.000 0.000 0.000 0.000 0.000 0.000 0.001 0.001 0.097 0.001 0.001 0.001 0.001 0.000 0.001 0.076 0.001 0.027 0.020 0.001 0.106 0.006 0.000 0.000 0.000 0.000 0.000 0.001 0.001 0.009 0.114 0.187 0.124 0.085 0.023 0.001 0.466 1.447 0.306 0.158 0.264 0.284 0.050 0.100 0.107 0.138 0.181 0.001 0.001 0.030 0.107 0.142 0.285 0.316 0.220 0.153 0.389 0.385 0.438 0.337 0.058 0.149 0.178
0.000 0.000 0.000 0.000 0.000 0.000 0.000 0.000 0.000 0.000 0.000 0.000 0.000 0.000 0.000 0.000 0.000 0.000 0.000 0.000 0.001 0.123 0.077 0.001 0.001 0.001 0.001 0.001 0.063 0.000 0.000 0.001 0.121 0.017 0.001 0.001 0.043 0.019 0.001 0.001 0.001 0.001 0.001 0.001 0.001 0.078 0.001 0.058 0.001 0.001 0.116 1.728 0.356 0.357 0.038 0.013 0.145 0.032 0.039 0.219 0.032 0.001 0.001 0.031 0.365 0.399 0.450 0.171 0.144 0.368 0.128 0.089 0.170 0.011 0.105 0.121 0.131
0.000 0.000 0.000 0.000 0.000 0.000 0.000 0.000 0.000 0.000 0.000 0.000 0.000 0.000 0.000 0.000 0.000 0.000 0.001 0.001 0.001 0.184 0.001 0.001 0.001 0.001 0.051 0.001 0.001 0.001 0.022 0.001 0.001 0.000 0.000 0.000 0.013 0.000 0.000 0.000 0.000 0.001 0.001 0.001 0.002 0.001 0.096 0.001 0.001 0.035 0.103 1.714 0.273 0.108 0.195 0.059 0.126 0.001 0.001 0.151 0.024 0.111 0.190 0.386 0.264 0.001 0.054 0.328 0.454 0.189 0.001 0.071 0.038 0.082 0.009 0.038 0.223
0.000 0.000 0.000 0.000 0.000 0.000 0.000 0.000 0.000 0.000 0.000 0.000 0.000 0.000 0.000 0.000 0.000 0.000 0.001 0.001 0.108 0.004 0.001 0.001 0.001 0.001 0.052 0.001 0.001 0.001 0.001 0.001 0.000 0.000 0.000 0.000 0.000 0.000 0.000 0.000 0.000 0.001 0.027 0.054 0.055 0.001 0.064 0.008 0.001 0.019 0.194 1.662 0.276 0.018 0.115 0.001 0.001 0.009 0.054 0.198 0.036 0.292 0.343 0.113 0.001 0.022 0.191 0.166 0.094 0.169 0.001 0.001 0.039 0.134 0.099 0.104 0.106
0.000 0.000 0.000 0.000 0.000 0.000 0.000 0.000 0.000 0.000 0.000 0.000 0.000 0.000 0.000 0.000 0.001 0.000 0.001 0.001 0.049 0.001 0.001 0.001 0.001 0.062 0.001 0.001 0.001 0.000 0.040 0.000 0.000 0.000 0.000 0.000 0.000 0.000 0.000 0.000 0.001 0.011 0.001 0.001 0.066 0.001 0.001 0.001 0.001 0.001 0.199 1.664 0.241 0.050 0.072 0.024 0.120 0.153 0.112 0.010 0.007 0.377 0.001 0.066 0.140 0.177 0.198 0.014 0.049 0.315 0.145 0.227 0.283 0.061 0.001 0.073 0.223
0.000 0.000 0.000 0.000 0.000 0.000 0.000 0.000 0.000 0.000 0.000 0.000 0.000 0.000 0.000 0.001 0.066 0.001 0.001 0.001 0.020 0.001 0.001 0.001 0.001 0.022 0.005 0.001 0.001 0.001 0.000 0.000 0.000 0.000 0.000 0.000 0.000 0.000 0.000 0.001 0.001 0.001 0.001 0.001 0.119 0.167 0.001 0.001 0.002 0.043 0.482 1.600 0.253 0.055 0.007 0.174 0.001 0.080 0.056 0.095 0.324 0.080 0.001 0.144 0.061 0.003 0.106 0.001 0.183 0.069 0.286 0.127 0.061 0.056 0.026 0.133 0.333
0.000 0.000 0.000 0.000 0.000 0.000 0.000 0.000 0.000 0.000 0.000 0.000 0.000 0.000 0.000 0.000 0.067 0.001 0.001 0.041 0.033 0.001 0.001 0.001 0.001 0.045 0.006 0.001 0.001 0.001 0.000 0.000 0.000 0.000 0.000 0.000 0.000 0.000 0.001 0.001 0.001 0.001 0.086 0.001 0.001 0.181 0.165 0.001 0.071 0.132 1.180 1.272 0.175 0.005 0.001 0.251 0.095 0.001 0.001 0.038 0.294 0.012 0.028 0.113 0.001 0.001 0.009 0.027 0.244 0.049 0.241 0.116 0.006 0.084 0.078 0.307 0.052
0.000 0.000 0.000 0.000 0.000 0.000 0.000 0.000 0.000 0.000 0.000 0.000 0.000 0.000 0.000 0.001 0.001 0.001 0.001 0.001 0.116 0.007 0.001 0.001 0.001 0.081 0.001 0.001 0.004 0.001 0.001 0.000 0.000 0.000 0.000 0.000 0.000 0.000 0.001 0.079 0.001 0.001 0.162 0.123 0.001 0.001 0.075 0.169 0.195 0.330 1.623 0.428 0.081 0.001 0.053 0.238 0.001 0.001 0.002 0.001 0.283 0.001 0.001 0.001 0.001 0.003 0.064 0.225 0.095 0.093 0.144 0.002 0.069 0.334 0.369 0.285 0.024
0.000 0.000 0.000 0.000 0.000 0.000 0.000 0.000 0.000 0.000 0.000 0.000 0.001 0.000 0.000 0.097 0.002 0.001 0.001 0.001 0.001 0.056 0.005 0.001 0.001 0.079 0.001 0.000 0.081 0.001 0.019 0.000 0.000 0.000 0.000 0.000 0.000 0.001 0.001 0.001 0.001 0.001 0.001 0.087 0.143 0.103 0.232 0.191 0.307 1.360 1.311 0.181 0.050 0.001 0.099 0.177 0.001 0.097 0.011 0.145 0.296 0.002 0.001 0.080 0.160 0.218 0.202 0.002 0.014 0.128 0.058 0.192 0.285 0.117 0.089 0.142 0.142
0.000 0.000 0.000 0.000 0.000 0.000 0.000 0.000 0.000 0.000 0.001 0.001 0.057 0.153 0.098 0.099 0.005 0.001 0.001 0.001 0.001 0.001 0.077 0.001 0.001 0.023 0.001 0.002 0.042 0.001 0.001 0.051 0.000 0.000 0.000 0.000 0.001 0.001 0.001 0.041 0.044 0.001 0.016 0.001 0.171 0.227 0.158 0.230 1.025 1.548 0.068 0.001 0.001 0.131 0.536 0.429 0.337 0.383 0.417 0.433 0.050 0.001 0.151 0.073 0.078 0.014 0.077 0.004 0.064 0.039 0.250 0.252 0.068 0.096 0.164 0.076 0.007
0.000 0.000 0.000 0.000 0.000 0.000 0.000 0.000 0.000 0.000 0.001 0.173 0.035 0.001 0.001 0.001 0.042 0.000 0.001 0.019 0.001 0.027 0.102 0.001 0.001 0.086 0.001 0.001 0.001 0.001 0.001 0.001 0.001 0.001 0.001 0.001 0.001 0.037 0.001 0.001 0.179 0.202 0.169 0.189 0.081 0.152 0.196 0.974 1.844 0.479 0.178 0.305 0.448 0.456 0.029 0.056 0.341 0.163 0.001 0.223 0.137 0.189 0.127 0.001 0.001 0.001 0.039 0.017 0.095 0.306 0.182 0.014 0.051 0.190 0.072 0.074 0.049
0.000 0.000 0.000 0.000 0.000 0.000 0.000 0.001 0.000 0.000 0.001 0.012 0.000 0.000 0.001 0.111 0.001 0.001 0.018 0.014 0.001 0.082 0.004 0.001 0.069 0.001 0.001 0.001 0.001 0.001 0.001 0.001 0.068 0.075 0.001 0.001 0.001 0.001 0.054 0.122 0.081 0.001 0.002 0.051 0.346 1.233 1.508 1.566 0.477 0.344 0.315 0.172 0.003 0.001 0.015 0.186 0.067 0.042 0.001 0.223 0.023 0.015 0.140 0.114 0.034 0.001 0.033 0.156 0.373 0.373 0.306 0.168 0.279 0.270 0.070 0.022 0.224
0.000 0.000 0.000 0.000 0.000 0.000 0.000 0.001 0.161 0.056 0.001 0.001 0.001 0.001 0.001 0.114 0.001 0.001 0.012 0.001 0.001 0.144 0.001 0.001 0.001 0.001 0.001 0.001 0.001 0.001 0.001 0.001 0.001 0.001 0.002 0.001 0.001 0.001 0.061 0.046 0.001 0.001 0.032 1.158 1.716 1.126 0.260 0.205 0.438 0.237 0.216 0.181 0.184 0.149 0.213 0.044 0.002 0.001 0.225 0.243 0.002 0.053 0.001 0.058 0.213 0.258 0.320 0.265 0.189 0.039 0.212 0.271 0.082 0.019 0.123 0.179 0.239
0.000 0.000 0.000 0.000 0.000 0.000 0.000 0.141 0.070 0.001 0.001 0.044 0.104 0.001 0.001 0.001 0.001 0.001 0.001 0.001 0.165 0.007 0.001 0.001 0.058 0.001 0.001 0.001 0.001 0.098 0.086 0.072 0.020 0.001 0.057 0.006 0.079 0.028 0.082 0.077 0.001 0.011 0.903 1.529 0.290 0.006 0.125 0.459 0.277 0.256 0.056 0.192 0.066 0.167 0.019 0.054 0.098 0.203 0.273 0.057 0.006 0.104 0.013 0.002 0.004 0.115 0.138 0.004 0.054 0.018 0.069 0.026 0.027 0.047 0.111 0.162 0.001
0.000 0.000 0.000 0.021 0.000 0.000 0.011 0.148 0.000 0.000 0.000 0.000 0.086 0.001 0.005 0.001 0.001 0.052 0.052 0.001 0.175 0.001 0.001 0.092 0.001 0.001 0.001 0.012 0.032 0.001 0.001 0.001 0.071 0.001 0.001 0.001 0.001 0.100 0.237 0.181 0.194 0.230 1.439 0.518 0.148 0.072 0.252 0.470 0.204 0.158 0.079 0.161 0.003 0.146 0.072 0.015 0.139 0.289 0.052 0.009 0.119 0.010 0.136 0.125 0.046 0.214 0.144 0.075 0.072 0.089 0.115 0.134 0.085 0.084 0.175 0.173 0.128
0.000 0.000 0.000 0.001 0.043 0.001 0.001 0.122 0.000 0.062 0.001 0.000 0.001 0.001 0.079 0.001 0.001 0.001 0.001 0.003 0.190 0.001 0.001 0.038 0.001 0.044 0.031 0.001 0.001 0.096 0.077 0.015 0.002 0.038 0.001 0.081 0.278 0.134 0.004 0.001 0.040 0.133 1.168 1.116 0.270 0.151 0.075 0.232 0.319 0.109 0.016 0.051 0.012 0.108 0.070 0.275 0.246 0.155 0.094 0.023 0.013 0.036 0.023 0.050 0.226 0.123 0.122 0.116 0.302 0.313 0.312 0.278 0.231 0.221 0.052 0.001 0.120
