Data/res-0210.wd
ncols         433
nrows         491
xllcorner     1194560.000000
yllcorner     -584471.000000
cellsize      25.000000
NODATA_value  -9999.000000
[rows 238 to 271 of 491, columns 154 to 230 of 433]
0.000 0.004 0.021 0.021 0.050 0.050 0.061 0.071 0.086 0.079 0.072 0.111 0.128 0.100 0.198 0.251 0.304 0.162 0.156 0.116 0.234 0.221 0.102 0.053 0.043 0.140 0.015 0.003 0.007 0.005 0.017 0.018 0.038 0.317 0.166 0.022 0.001 0.011 0.133 0.179 0.414 0.054 0.020 0.023 0.076 0.366 0.121 0.002 0.019 0.044 0.120 0.118 0.111 0.089 0.120 0.103 0.014 0.013 0.042 0.238 0.261 0.298 0.232 0.189 0.156 0.142 0.187 0.220 0.231 0.518 0.435 0.347 0.193 0.235 0.157 0.100 0.113
0.000 0.003 0.008 0.020 0.050 0.057 0.072 0.068 0.061 0.092 0.112 0.117 0.189 0.269 0.270 0.261 0.179 0.140 0.201 0.170 0.197 0.097 0.071 0.106 0.163 0.174 0.051 0.016 0.016 0.013 0.015 0.106 0.063 0.362 0.364 0.042 0.002 0.009 0.038 0.137 0.391 0.038 0.013 0.009 0.070 0.112 0.261 0.031 0.104 0.205 0.025 0.000 0.000 0.000 0.000 0.030 0.016 0.008 0.034 0.104 0.100 0.108 0.134 0.149 0.156 0.157 0.246 0.179 0.266 0.300 0.296 0.472 0.420 0.464 0.296 0.109 0.165
0.055 0.009 0.007 0.008 0.023 0.050 0.032 0.046 0.060 0.134 0.161 0.244 0.202 0.297 0.252 0.228 0.209 0.156 0.164 0.174 0.132 0.108 0.194 0.119 0.029 0.030 0.132 0.018 0.014 0.117 0.183 0.185 0.143 0.174 0.249 0.233 0.009 0.074 0.154 0.248 0.423 0.000 0.019 0.011 0.039 0.011 0.284 0.181 0.101 0.001 0.000 0.000 0.058 0.075 0.035 0.019 0.012 0.022 0.050 0.035 0.051 0.086 0.085 0.138 0.137 0.224 0.220 0.153 0.371 0.192 0.208 0.208 0.252 0.261 0.304 0.390 0.143
0.281 0.001 0.001 0.004 0.029 0.035 0.055 0.047 0.030 0.077 0.157 0.223 0.317 0.287 0.201 0.121 0.151 0.132 0.271 0.153 0.098 0.078 0.230 0.109 0.041 0.012 0.030 0.060 0.049 0.137 0.317 0.088 0.020 0.080 0.082 0.378 0.066 0.040 0.018 0.139 0.511 0.085 0.033 0.009 0.030 0.001 0.115 0.312 0.083 0.024 0.000 0.058 0.036 0.016 0.012 0.006 0.091 0.065 0.013 0.029 0.080 0.107 0.141 0.149 0.193 0.253 0.150 0.223 0.301 0.130 0.128 0.145 0.130 0.202 0.077 0.157 0.317
0.700 0.000 0.000 0.000 0.005 0.027 0.083 0.053 0.039 0.079 0.155 0.171 0.268 0.190 0.181 0.152 0.145 0.138 0.284 0.162 0.154 0.100 0.234 0.126 0.162 0.047 0.002 0.003 0.085 0.071 0.226 0.008 0.037 0.020 0.018 0.307 0.172 0.080 0.089 0.367 0.347 0.080 0.200 0.075 0.025 0.018 0.023 0.294 0.214 0.042 0.036 0.148 0.003 0.010 0.033 0.251 0.394 0.313 0.125 0.207 0.317 0.227 0.286 0.324 0.283 0.282 0.279 0.357 0.164 0.148 0.133 0.136 0.112 0.135 0.057 0.053 0.195
1.207 0.000 0.000 0.000 0.003 0.008 0.107 0.159 0.136 0.156 0.104 0.179 0.276 0.122 0.200 0.157 0.206 0.241 0.336 0.181 0.161 0.202 0.085 0.085 0.092 0.029 0.013 0.013 0.113 0.109 0.128 0.172 0.130 0.025 0.001 0.073 0.342 0.077 0.337 0.543 0.117 0.022 0.087 0.096 0.025 0.010 0.044 0.311 0.216 0.259 0.290 0.265 0.066 0.054 0.247 0.149 0.007 0.196 0.356 0.241 0.173 0.416 0.370 0.364 0.392 0.373 0.319 0.183 0.180 0.171 0.171 0.114 0.106 0.099 0.051 0.079 0.113
0.979 0.000 0.000 0.015 0.048 0.088 0.098 0.141 0.142 0.199 0.207 0.217 0.283 0.167 0.220 0.090 0.148 0.254 0.171 0.250 0.147 0.099 0.060 0.074 0.024 0.016 0.005 0.008 0.049 0.273 0.075 0.037 0.270 0.050 0.049 0.067 0.337 0.185 0.569 0.229 0.084 0.015 0.022 0.083 0.144 0.010 0.024 0.181 0.388 0.081 0.002 0.057 0.173 0.337 0.170 0.000 0.000 0.001 0.064 0.247 0.085 0.133 0.280 0.193 0.196 0.180 0.243 0.248 0.173 0.157 0.123 0.107 0.101 0.123 0.269 0.288 0.302
0.546 0.081 0.078 0.102 0.121 0.090 0.108 0.122 0.151 0.194 0.166 0.243 0.312 0.240 0.236 0.116 0.188 0.234 0.175 0.192 0.207 0.141 0.096 0.120 0.027 0.071 0.017 0.022 0.167 0.179 0.209 0.018 0.124 0.180 0.055 0.142 0.329 0.567 0.363 0.026 0.110 0.061 0.033 0.056 0.074 0.107 0.014 0.098 0.354 0.067 0.000 0.000 0.001 0.042 0.097 0.098 0.052 0.053 0.021 0.135 0.188 0.084 0.132 0.227 0.324 0.353 0.515 0.324 0.233 0.185 0.152 0.151 0.090 0.167 0.309 0.014 0.000
0.830 0.663 0.173 0.150 0.098 0.117 0.136 0.167 0.151 0.115 0.132 0.258 0.218 0.200 0.217 0.151 0.278 0.214 0.159 0.277 0.316 0.295 0.282 0.245 0.205 0.249 0.246 0.184 0.137 0.057 0.242 0.183 0.058 0.200 0.208 0.083 0.271 0.520 0.134 0.000 0.003 0.037 0.075 0.010 0.028 0.046 0.182 0.354 0.119 0.055 0.001 0.001 0.001 0.001 0.138 0.111 0.059 0.033 0.049 0.033 0.131 0.164 0.139 0.144 0.198 0.236 0.495 0.256 0.141 0.191 0.130 0.142 0.092 0.273 0.162 0.000 0.001
0.058 0.194 0.602 0.111 0.122 0.102 0.116 0.138 0.154 0.191 0.220 0.290 0.189 0.172 0.307 0.296 0.356 0.327 0.311 0.287 0.157 0.135 0.149 0.078 0.087 0.032 0.079 0.114 0.065 0.056 0.089 0.277 0.049 0.135 0.224 0.255 0.533 0.295 0.129 0.016 0.014 0.016 0.009 0.014 0.029 0.203 0.263 0.363 0.064 0.000 0.106 0.001 0.018 0.103 0.230 0.121 0.119 0.048 0.060 0.140 0.087 0.109 0.157 0.145 0.164 0.230 0.290 0.496 0.455 0.407 0.261 0.321 0.322 0.409 0.230 0.147 0.160
0.016 0.052 0.392 0.271 0.082 0.099 0.114 0.125 0.131 0.200 0.257 0.229 0.225 0.189 0.320 0.282 0.209 0.168 0.178 0.185 0.154 0.097 0.089 0.112 0.061 0.070 0.108 0.145 0.201 0.066 0.050 0.122 0.320 0.265 0.189 0.356 0.621 0.326 0.180 0.099 0.107 0.145 0.106 0.085 0.091 0.098 0.026 0.366 0.101 0.086 0.151 0.134 0.161 0.089 0.125 0.209 0.264 0.241 0.286 0.153 0.121 0.315 0.184 0.212 0.269 0.259 0.182 0.234 0.263 0.310 0.324 0.192 0.134 0.233 0.192 0.039 0.035
0.008 0.043 0.088 0.541 0.077 0.073 0.093 0.101 0.128 0.151 0.116 0.221 0.204 0.238 0.320 0.223 0.192 0.107 0.218 0.166 0.151 0.099 0.064 0.059 0.009 0.062 0.007 0.120 0.164 0.102 0.041 0.083 0.152 0.420 0.374 0.485 0.547 0.172 0.148 0.107 0.044 0.028 0.034 0.023 0.026 0.018 0.009 0.348 0.244 0.186 0.034 0.061 0.063 0.062 0.014 0.014 0.079 0.307 0.414 0.251 0.482 0.286 0.259 0.203 0.177 0.235 0.151 0.182 0.156 0.175 0.281 0.119 0.088 0.067 0.218 0.169 0.064
0.007 0.046 0.076 0.511 0.060 0.060 0.092 0.107 0.155 0.140 0.119 0.180 0.162 0.284 0.230 0.223 0.153 0.077 0.155 0.108 0.160 0.088 0.035 0.045 0.032 0.176 0.015 0.068 0.032 0.114 0.198 0.067 0.101 0.265 0.115 0.331 0.475 0.076 0.044 0.097 0.103 0.069 0.083 0.028 0.043 0.002 0.026 0.441 0.174 0.037 0.054 0.084 0.000 0.010 0.004 0.038 0.052 0.115 0.397 0.514 0.511 0.235 0.200 0.176 0.164 0.163 0.153 0.226 0.164 0.121 0.272 0.159 0.052 0.025 0.011 0.083 0.036
0.010 0.028 0.066 0.252 0.403 0.067 0.058 0.130 0.114 0.113 0.202 0.228 0.192 0.202 0.187 0.183 0.116 0.074 0.190 0.120 0.212 0.078 0.059 0.086 0.081 0.105 0.069 0.036 0.125 0.043 0.040 0.208 0.083 0.192 0.130 0.305 0.490 0.083 0.065 0.090 0.068 0.056 0.093 0.035 0.090 0.181 0.146 0.429 0.127 0.057 0.001 0.014 0.121 0.065 0.087 0.007 0.015 0.193 0.379 0.292 0.485 0.332 0.220 0.238 0.177 0.165 0.189 0.238 0.178 0.140 0.249 0.075 0.061 0.022 0.010 0.059 0.097
0.006 0.022 0.069 0.097 0.133 0.303 0.293 0.314 0.275 0.259 0.211 0.260 0.227 0.237 0.213 0.184 0.146 0.203 0.195 0.234 0.204 0.184 0.120 0.044 0.080 0.168 0.214 0.122 0.078 0.128 0.060 0.057 0.259 0.057 0.077 0.150 0.498 0.079 0.098 0.201 0.058 0.030 0.017 0.055 0.120 0.401 0.392 0.346 0.037 0.001 0.001 0.000 0.132 0.000 0.000 0.020 0.251 0.251 0.160 0.219 0.461 0.566 0.490 0.268 0.253 0.191 0.272 0.227 0.228 0.229 0.133 0.120 0.053 0.117 0.000 0.000 0.122
0.010 0.030 0.090 0.064 0.073 0.079 0.058 0.067 0.053 0.045 0.063 0.106 0.168 0.172 0.145 0.142 0.153 0.156 0.215 0.213 0.116 0.112 0.079 0.057 0.155 0.116 0.112 0.227 0.112 0.085 0.195 0.140 0.307 0.089 0.101 0.172 0.511 0.160 0.109 0.079 0.043 0.111 0.024 0.034 0.123 0.422 0.158 0.053 0.208 0.105 0.001 0.001 0.117 0.000 0.047 0.243 0.105 0.114 0.121 0.197 0.413 0.400 0.591 0.507 0.508 0.353 0.527 0.447 0.302 0.186 0.109 0.089 0.216 0.258 0.190 0.093 0.180
0.007 0.059 0.115 0.094 0.092 0.117 0.083 0.099 0.093 0.105 0.113 0.155 0.159 0.125 0.128 0.172 0.163 0.181 0.136 0.128 0.189 0.183 0.185 0.188 0.066 0.046 0.071 0.098 0.131 0.088 0.053 0.126 0.285 0.223 0.265 0.234 0.543 0.133 0.135 0.088 0.012 0.010 0.045 0.012 0.328 0.314 0.038 0.001 0.000 0.165 0.222 0.268 0.279 0.268 0.213 0.101 0.176 0.117 0.155 0.375 0.272 0.291 0.514 0.407 0.399 0.591 0.396 0.179 0.209 0.199 0.096 0.113 0.231 0.000 0.001 0.011 0.108
0.042 0.103 0.096 0.097 0.123 0.145 0.121 0.119 0.121 0.134 0.171 0.192 0.233 0.208 0.149 0.206 0.168 0.137 0.219 0.259 0.222 0.128 0.151 0.053 0.053 0.111 0.066 0.075 0.192 0.034 0.078 0.120 0.138 0.403 0.417 0.493 0.460 0.056 0.043 0.108 0.026 0.022 0.141 0.158 0.111 0.342 0.095 0.027 0.000 0.010 0.024 0.022 0.017 0.208 0.237 0.309 0.312 0.329 0.383 0.286 0.197 0.211 0.385 0.470 0.237 0.422 0.449 0.265 0.111 0.127 0.091 0.114 0.192 0.016 0.060 0.000 0.170
0.121 0.151 0.119 0.222 0.174 0.162 0.145 0.189 0.210 0.220 0.269 0.222 0.237 0.211 0.232 0.195 0.176 0.196 0.226 0.149 0.119 0.102 0.078 0.074 0.069 0.151 0.097 0.098 0.222 0.070 0.171 0.229 0.264 0.189 0.246 0.197 0.415 0.090 0.055 0.032 0.051 0.066 0.298 0.197 0.025 0.245 0.136 0.000 0.000 0.008 0.064 0.018 0.066 0.022 0.186 0.109 0.106 0.118 0.137 0.178 0.209 0.216 0.266 0.448 0.339 0.271 0.480 0.234 0.195 0.203 0.168 0.185 0.067 0.065 0.123 0.131 0.045
0.163 0.097 0.111 0.118 0.130 0.152 0.123 0.140 0.271 0.191 0.166 0.159 0.257 0.131 0.286 0.243 0.277 0.184 0.154 0.166 0.155 0.095 0.041 0.113 0.086 0.146 0.103 0.083 0.235 0.214 0.275 0.189 0.166 0.228 0.204 0.247 0.408 0.115 0.080 0.061 0.093 0.155 0.256 0.074 0.000 0.237 0.183 0.082 0.016 0.116 0.021 0.007 0.027 0.053 0.204 0.152 0.145 0.140 0.164 0.154 0.184 0.281 0.258 0.299 0.392 0.187 0.474 0.581 0.585 0.361 0.207 0.022 0.004 0.021 0.129 0.024 0.098
0.182 0.125 0.076 0.094 0.090 0.149 0.093 0.229 0.300 0.235 0.158 0.207 0.253 0.180 0.206 0.232 0.161 0.257 0.231 0.194 0.169 0.147 0.062 0.054 0.051 0.071 0.100 0.058 0.186 0.099 0.065 0.091 0.223 0.204 0.269 0.253 0.459 0.234 0.111 0.068 0.038 0.034 0.105 0.221 0.022 0.158 0.309 0.034 0.125 0.098 0.008 0.026 0.019 0.120 0.087 0.218 0.179 0.201 0.265 0.248 0.216 0.216 0.237 0.345 0.482 0.418 0.370 0.235 0.454 0.388 0.101 0.066 0.083 0.019 0.189 0.161 0.141
0.079 0.117 0.147 0.140 0.126 0.153 0.248 0.252 0.178 0.275 0.212 0.223 0.315 0.172 0.168 0.192 0.242 0.127 0.118 0.177 0.052 0.115 0.083 0.038 0.054 0.109 0.060 0.021 0.073 0.103 0.124 0.316 0.255 0.121 0.079 0.297 0.402 0.115 0.144 0.136 0.028 0.069 0.025 0.199 0.008 0.025 0.244 0.151 0.068 0.008 0.111 0.026 0.083 0.132 0.069 0.085 0.271 0.252 0.196 0.309 0.307 0.284 0.278 0.229 0.384 0.501 0.192 0.109 0.160 0.552 0.568 0.481 0.210 0.199 0.213 0.278 0.114
0.033 0.042 0.077 0.082 0.164 0.179 0.213 0.201 0.145 0.239 0.266 0.253 0.331 0.313 0.197 0.233 0.299 0.210 0.209 0.117 0.038 0.031 0.091 0.043 0.090 0.104 0.053 0.063 0.121 0.192 0.315 0.165 0.083 0.215 0.123 0.285 0.431 0.150 0.047 0.020 0.083 0.090 0.028 0.159 0.244 0.321 0.268 0.307 0.178 0.242 0.078 0.070 0.086 0.064 0.105 0.195 0.264 0.162 0.135 0.208 0.196 0.192 0.207 0.220 0.311 0.447 0.202 0.186 0.158 0.119 0.106 0.138 0.458 0.207 0.042 0.052 0.026
0.072 0.106 0.094 0.124 0.194 0.155 0.188 0.190 0.251 0.305 0.273 0.251 0.279 0.310 0.365 0.285 0.302 0.197 0.243 0.105 0.080 0.028 0.090 0.157 0.143 0.112 0.145 0.173 0.145 0.178 0.294 0.065 0.079 0.121 0.221 0.277 0.359 0.191 0.074 0.089 0.117 0.022 0.050 0.243 0.255 0.069 0.010 0.320 0.145 0.061 0.041 0.154 0.038 0.099 0.295 0.131 0.147 0.179 0.229 0.232 0.169 0.166 0.203 0.299 0.290 0.384 0.329 0.150 0.065 0.056 0.085 0.191 0.480 0.171 0.160 0.426 0.322
0.047 0.056 0.060 0.072 0.195 0.202 0.227 0.239 0.253 0.314 0.214 0.236 0.253 0.258 0.253 0.192 0.232 0.227 0.208 0.234 0.178 0.062 0.056 0.229 0.090 0.057 0.046 0.042 0.180 0.304 0.203 0.086 0.090 0.171 0.079 0.257 0.316 0.052 0.041 0.041 0.110 0.075 0.070 0.417 0.223 0.001 0.001 0.181 0.314 0.085 0.187 0.165 0.098 0.232 0.127 0.132 0.107 0.192 0.136 0.162 0.188 0.189 0.276 0.196 0.163 0.160 0.364 0.172 0.112 0.025 0.099 0.013 0.284 0.647 0.483 0.361 0.647
0.050 0.033 0.057 0.117 0.117 0.113 0.185 0.204 0.231 0.201 0.215 0.311 0.285 0.222 0.235 0.184 0.149 0.226 0.171 0.073 0.074 0.135 0.153 0.211 0.192 0.106 0.148 0.100 0.355 0.161 0.158 0.064 0.064 0.186 0.173 0.244 0.281 0.061 0.019 0.001 0.002 0.187 0.369 0.202 0.094 0.000 0.029 0.061 0.117 0.242 0.287 0.266 0.381 0.271 0.278 0.211 0.150 0.165 0.152 0.219 0.164 0.223 0.295 0.186 0.168 0.141 0.321 0.309 0.209 0.157 0.000 0.021 0.120 0.286 0.188 0.029 0.099
0.016 0.025 0.079 0.091 0.105 0.088 0.124 0.164 0.160 0.207 0.299 0.187 0.302 0.221 0.247 0.154 0.138 0.259 0.144 0.062 0.088 0.046 0.087 0.039 0.218 0.272 0.340 0.286 0.214 0.218 0.103 0.042 0.178 0.227 0.286 0.402 0.312 0.104 0.016 0.066 0.001 0.072 0.378 0.223 0.122 0.047 0.073 0.081 0.016 0.039 0.040 0.264 0.379 0.122 0.121 0.178 0.256 0.226 0.178 0.151 0.139 0.307 0.210 0.179 0.200 0.137 0.381 0.160 0.135 0.080 0.015 0.009 0.025 0.141 0.284 0.101 0.043
0.012 0.031 0.052 0.065 0.085 0.105 0.097 0.145 0.134 0.187 0.249 0.192 0.210 0.267 0.190 0.181 0.250 0.251 0.137 0.067 0.060 0.038 0.086 0.128 0.175 0.003 0.176 0.075 0.102 0.200 0.061 0.088 0.092 0.131 0.167 0.366 0.281 0.119 0.075 0.072 0.117 0.328 0.233 0.072 0.009 0.019 0.023 0.018 0.005 0.030 0.023 0.204 0.421 0.202 0.148 0.128 0.164 0.144 0.189 0.260 0.289 0.183 0.110 0.138 0.114 0.103 0.382 0.291 0.190 0.073 0.154 0.015 0.014 0.051 0.249 0.296 0.206
0.077 0.023 0.038 0.035 0.073 0.086 0.117 0.178 0.207 0.186 0.146 0.196 0.227 0.226 0.159 0.191 0.248 0.172 0.195 0.100 0.032 0.055 0.058 0.191 0.220 0.068 0.224 0.040 0.161 0.109 0.076 0.063 0.069 0.226 0.328 0.465 0.195 0.116 0.227 0.244 0.313 0.311 0.299 0.204 0.218 0.172 0.047 0.084 0.059 0.046 0.059 0.083 0.281 0.504 0.278 0.182 0.216 0.257 0.403 0.301 0.188 0.182 0.167 0.117 0.129 0.110 0.153 0.442 0.068 0.152 0.042 0.052 0.070 0.046 0.105 0.190 0.369
2.089 1.821 0.503 0.016 0.049 0.106 0.147 0.184 0.166 0.135 0.152 0.222 0.168 0.149 0.144 0.187 0.189 0.140 0.163 0.158 0.114 0.103 0.068 0.147 0.230 0.121 0.142 0.127 0.171 0.190 0.080 0.074 0.099 0.235 0.272 0.399 0.431 0.376 0.360 0.444 0.200 0.100 0.327 0.065 0.112 0.021 0.018 0.010 0.009 0.017 0.028 0.101 0.092 0.367 0.497 0.408 0.300 0.254 0.179 0.125 0.157 0.124 0.087 0.081 0.079 0.104 0.127 0.382 0.274 0.082 0.047 0.087 0.000 0.018 0.094 0.034 0.213
0.401 1.274 2.044 0.319 0.062 0.076 0.085 0.138 0.147 0.131 0.137 0.173 0.162 0.172 0.218 0.238 0.186 0.069 0.042 0.109 0.112 0.058 0.080 0.193 0.160 0.066 0.134 0.139 0.127 0.133 0.106 0.070 0.182 0.285 0.198 0.299 0.209 0.241 0.328 0.236 0.161 0.097 0.332 0.071 0.066 0.124 0.121 0.102 0.103 0.077 0.093 0.046 0.057 0.200 0.539 0.216 0.168 0.138 0.136 0.127 0.148 0.109 0.080 0.073 0.143 0.117 0.083 0.140 0.384 0.223 0.138 0.033 0.058 0.029 0.088 0.011 0.090
0.004 0.128 1.394 1.486 0.072 0.058 0.092 0.121 0.142 0.143 0.197 0.210 0.143 0.176 0.163 0.137 0.231 0.213 0.071 0.079 0.130 0.040 0.073 0.081 0.185 0.130 0.138 0.093 0.172 0.111 0.048 0.180 0.245 0.101 0.298 0.150 0.136 0.222 0.373 0.121 0.147 0.103 0.161 0.253 0.063 0.134 0.000 0.000 0.034 0.026 0.067 0.001 0.104 0.253 0.510 0.176 0.136 0.183 0.223 0.147 0.202 0.127 0.153 0.135 0.104 0.062 0.096 0.089 0.215 0.372 0.180 0.121 0.020 0.047 0.102 0.074 0.216
0.001 0.053 0.673 1.869 0.041 0.048 0.074 0.106 0.136 0.124 0.170 0.163 0.149 0.182 0.145 0.161 0.255 0.137 0.029 0.141 0.145 0.067 0.115 0.065 0.066 0.179 0.137 0.193 0.122 0.157 0.183 0.184 0.071 0.143 0.257 0.076 0.148 0.237 0.384 0.084 0.061 0.104 0.035 0.293 0.108 0.021 0.017 0.086 0.019 0.086 0.050 0.079 0.144 0.293 0.536 0.373 0.215 0.201 0.176 0.147 0.191 0.116 0.142 0.127 0.143 0.117 0.052 0.044 0.150 0.489 0.128 0.058 0.145 0.111 0.026 0.128 0.096
0.030 0.029 0.492 2.051 0.084 0.075 0.078 0.087 0.114 0.130 0.133 0.117 0.145 0.129 0.130 0.188 0.197 0.193 0.083 0.111 0.189 0.134 0.098 0.090 0.038 0.167 0.045 0.102 0.225 0.059 0.139 0.178 0.072 0.265 0.178 0.074 0.082 0.127 0.358 0.181 0.213 0.036 0.024 0.238 0.207 0.037 0.114 0.057 0.057 0.035 0.122 0.168 0.085 0.168 0.433 0.562 0.514 0.230 0.314 0.250 0.183 0.163 0.136 0.125 0.092 0.097 0.295 0.269 0.282 0.301 0.128 0.064 0.048 0.185 0.165 0.130 0.041
