Data/res-0210.Qx
ncols         434
nrows         491
xllcorner     1194547.500000
yllcorner     -584471.000000
cellsize      25.000000
NODATA_value  -9999.000000
[rows 204 to 237 of 491, columns 76 to 151 of 434]
-0.028 -0.031 -0.025 -0.011 -0.007 -0.006 -0.008 0.002 -0.005 -0.001 -0.002 -0.001 0.008 -0.001 -0.003 -0.006 -0.045 -0.025 -0.016 -0.008 -0.007 -0.006 -0.014 -0.021 -0.003 -0.017 -0.005 0.007 0.004 0.016 0.040 0.000 0.002 0.017 0.023 0.004 0.002 0.002 0.001 0.001 0.000 0.000 0.000 0.000 0.000 0.000 0.000 0.000 0.000 0.000 0.000 -0.000 -0.000 -0.000 -0.000 0.000 0.000 -0.001 -0.000 0.000 0.000 0.000 0.000 0.000 0.000 0.000 0.000 0.000 0.000 0.000 0.000 0.000 0.000 0.000 0.000 0.000
-0.008 -0.006 -0.004 -0.002 -0.000 -0.007 -0.007 0.000 0.005 -0.001 -0.001 -0.000 0.000 0.001 -0.021 -0.020 -0.007 -0.008 -0.007 -0.003 0.005 0.000 -0.021 -0.016 0.002 -0.003 -0.005 -0.000 0.001 0.013 0.034 0.016 0.002 0.006 0.032 0.006 0.001 0.001 0.002 0.001 0.001 0.000 0.001 0.000 0.000 0.000 0.000 0.000 0.000 0.000 -0.001 -0.001 -0.001 -0.001 0.000 0.000 -0.002 -0.001 -0.000 0.000 0.000 0.000 0.000 0.000 0.000 0.000 0.000 0.000 0.000 0.000 0.000 0.000 0.000 0.000 0.000 0.000
-0.013 -0.001 -0.001 0.001 -0.007 -0.005 -0.000 0.000 0.005 0.010 -0.001 -0.005 -0.007 -0.005 -0.001 -0.001 0.001 -0.005 -0.000 -0.007 -0.003 -0.016 -0.007 -0.003 -0.001 0.009 0.000 -0.011 -0.003 0.001 0.011 0.032 0.001 0.004 0.021 0.018 0.002 0.002 0.002 0.002 0.002 0.002 0.001 0.001 0.001 0.000 0.000 0.000 0.000 0.000 -0.001 -0.000 -0.000 0.000 0.000 0.000 -0.002 0.000 0.000 0.000 0.000 0.000 0.000 0.000 0.000 0.000 0.000 0.000 0.000 0.000 0.000 0.000 0.000 0.000 0.000 0.000
-0.001 0.000 -0.006 -0.002 -0.009 -0.001 0.001 -0.007 0.001 0.005 0.005 -0.005 -0.006 -0.001 0.002 -0.001 -0.007 -0.008 -0.033 -0.043 -0.033 0.009 0.007 0.002 -0.015 0.008 0.025 -0.004 0.004 -0.002 0.005 0.022 -0.003 0.000 0.011 0.029 0.026 0.012 0.011 0.011 0.014 0.004 0.005 0.005 0.003 0.000 0.000 0.000 0.000 -0.001 -0.000 0.000 0.000 0.000 0.000 -0.000 -0.001 0.000 0.000 0.000 0.000 0.000 0.000 0.000 0.000 0.000 0.000 0.000 0.000 0.000 0.000 0.000 0.000 0.000 0.000 0.000
-0.005 -0.005 -0.013 -0.017 -0.014 0.001 -0.002 -0.004 -0.000 0.001 0.003 -0.007 -0.014 -0.017 -0.002 0.001 -0.004 -0.009 -0.004 -0.001 -0.000 0.000 0.010 0.007 0.003 0.001 0.017 -0.003 -0.006 0.004 0.004 0.012 0.010 0.007 0.012 0.020 0.028 0.039 0.037 0.037 0.029 0.039 0.031 0.001 0.002 0.003 0.003 0.003 0.003 -0.001 -0.000 0.000 0.000 -0.000 -0.000 -0.000 -0.000 0.001 0.000 0.000 0.000 0.000 0.000 0.000 0.000 0.000 0.000 0.000 0.000 0.000 0.000 0.000 0.000 0.000 0.000 0.000
-0.005 -0.012 -0.011 -0.017 -0.003 -0.000 -0.010 -0.005 -0.007 -0.004 -0.006 0.007 -0.005 -0.002 -0.002 0.004 0.008 -0.004 0.003 0.011 -0.002 -0.004 0.003 0.010 0.015 0.009 0.011 -0.005 -0.000 0.002 0.003 -0.001 0.003 0.019 0.018 0.014 0.008 0.009 0.008 0.005 0.000 0.000 0.003 0.018 0.016 0.019 0.014 0.010 0.005 -0.001 -0.001 -0.001 -0.001 -0.000 -0.000 -0.001 0.000 0.001 0.001 0.001 0.000 0.000 0.000 0.000 0.000 0.000 0.000 0.000 0.000 0.000 0.000 0.000 0.000 0.000 0.000 0.000
-0.004 -0.008 -0.002 -0.013 -0.015 -0.016 -0.004 -0.005 -0.007 -0.011 -0.012 -0.005 -0.006 -0.005 -0.002 0.000 0.009 0.022 -0.001 0.006 -0.004 -0.026 -0.021 -0.030 0.000 0.014 0.017 0.049 0.031 0.016 -0.017 -0.013 0.027 0.028 0.023 0.015 0.018 0.010 0.009 0.007 0.007 0.005 0.008 0.015 0.015 0.012 0.009 0.006 0.007 0.000 0.000 0.000 -0.000 -0.000 -0.000 -0.000 0.002 0.002 0.001 0.001 0.001 0.000 0.000 0.000 0.000 0.000 0.000 0.000 0.000 0.000 0.000 0.000 0.000 0.000 0.000 0.000
0.007 -0.004 -0.013 -0.003 -0.002 -0.003 -0.002 -0.021 -0.037 -0.052 -0.054 -0.058 -0.037 -0.031 -0.030 -0.031 -0.019 -0.008 0.029 0.004 0.003 -0.014 -0.013 -0.003 0.001 0.014 0.004 0.028 0.009 0.008 0.009 0.013 0.032 0.030 0.017 0.018 0.023 0.025 0.021 0.022 0.020 0.017 0.015 0.017 0.011 0.009 0.006 0.003 0.005 0.004 0.000 0.000 0.000 0.000 -0.000 0.001 0.001 0.001 0.002 0.001 0.002 -0.000 0.000 0.000 0.000 0.000 0.000 0.000 0.000 0.000 0.000 0.000 0.000 0.000 0.000 0.000
-0.015 -0.000 -0.000 -0.006 -0.010 -0.016 -0.023 -0.066 -0.041 -0.017 -0.000 0.000 -0.000 -0.000 -0.004 -0.007 -0.011 -0.004 -0.001 0.011 0.003 -0.006 -0.010 0.001 -0.013 -0.016 0.004 0.012 0.011 0.011 0.019 0.033 0.040 0.029 0.013 0.012 0.016 0.018 0.019 0.019 0.024 0.027 0.024 0.021 0.015 0.009 0.005 0.001 0.001 0.010 0.006 0.000 0.000 0.000 0.000 0.000 0.001 0.001 0.000 0.001 0.001 -0.000 0.000 0.000 0.000 0.000 0.000 0.000 0.000 0.000 0.000 0.000 0.000 0.000 0.000 0.000
-0.003 -0.003 -0.012 -0.008 -0.024 -0.032 -0.035 -0.001 -0.001 -0.001 0.000 0.003 -0.010 -0.020 -0.037 -0.033 -0.020 -0.013 -0.016 -0.003 0.002 -0.002 -0.010 -0.009 -0.007 -0.004 0.004 -0.005 0.024 0.036 0.018 0.014 0.018 0.033 0.074 0.032 0.020 0.021 0.026 0.030 0.023 0.021 0.023 0.022 0.019 0.012 0.014 0.001 0.002 0.004 0.005 0.008 0.002 0.000 0.000 0.000 0.000 0.000 0.000 0.000 0.000 0.000 0.000 0.000 0.000 0.000 0.000 0.000 0.000 0.000 0.000 0.000 0.000 0.000 0.000 0.000
-0.004 -0.010 -0.024 -0.008 -0.019 -0.034 -0.041 -0.038 -0.048 -0.042 -0.023 -0.017 -0.014 -0.014 -0.001 -0.000 -0.013 -0.019 -0.023 -0.024 -0.024 0.005 -0.008 -0.014 -0.007 -0.010 -0.019 0.003 0.016 0.020 0.037 0.043 0.026 0.018 0.014 0.026 0.025 0.019 0.015 0.015 0.025 0.024 0.020 0.017 0.020 0.013 0.014 0.021 0.011 0.005 0.006 0.005 0.009 0.008 0.000 0.000 0.000 0.000 0.000 0.000 0.001 0.004 0.001 0.001 0.000 0.000 0.000 0.000 0.000 0.000 0.000 0.000 0.000 0.000 0.000 0.000
-0.009 -0.014 -0.001 -0.002 -0.026 -0.007 -0.021 -0.038 -0.033 -0.063 -0.081 -0.086 -0.080 -0.070 -0.049 -0.032 -0.020 -0.019 -0.007 -0.006 -0.011 -0.006 -0.014 -0.040 -0.039 -0.016 0.006 0.021 0.020 0.024 0.034 0.032 0.020 0.028 0.026 0.015 0.026 0.028 0.037 0.039 0.036 0.022 0.022 0.022 0.014 0.015 0.015 0.014 0.018 0.002 0.003 0.003 0.003 0.004 0.009 0.001 0.000 0.000 0.000 0.000 0.000 0.000 0.001 0.001 0.002 0.002 0.000 0.000 0.000 0.000 0.000 0.000 0.000 0.000 0.000 0.000
-0.001 -0.001 0.003 -0.002 -0.003 -0.002 -0.016 -0.000 -0.002 -0.001 -0.002 -0.012 -0.005 -0.006 -0.026 -0.056 -0.031 -0.010 -0.005 -0.004 -0.032 -0.067 -0.036 0.006 0.000 0.000 0.004 0.011 0.033 0.041 0.044 0.048 0.071 0.076 0.073 0.092 0.042 0.037 0.020 0.019 0.021 0.022 0.016 0.015 0.015 0.015 0.012 0.011 0.010 0.012 0.001 0.002 0.003 0.007 0.012 0.024 0.024 0.014 0.011 0.006 0.003 0.003 0.000 0.000 0.000 0.000 0.001 0.001 0.000 0.000 0.000 0.000 0.000 0.000 0.000 0.000
0.008 -0.000 -0.003 -0.005 0.005 -0.011 -0.014 0.002 -0.010 -0.003 -0.005 -0.004 -0.008 -0.007 -0.018 -0.029 -0.066 -0.082 -0.109 -0.128 -0.069 -0.014 -0.004 0.000 -0.000 0.002 0.009 0.022 0.037 0.043 0.063 0.047 0.049 0.048 0.049 0.044 0.042 0.042 0.024 0.015 0.013 0.023 0.024 0.024 0.028 0.014 0.016 0.028 0.017 0.022 0.027 0.019 0.018 0.028 0.026 0.015 0.017 0.028 0.015 0.003 0.000 0.000 0.001 0.001 0.000 0.000 0.000 0.000 0.000 0.000 0.000 0.000 0.000 0.000 0.000 0.000
0.015 0.011 -0.002 -0.028 -0.000 -0.019 -0.003 0.000 -0.009 -0.004 -0.008 -0.002 -0.000 -0.000 -0.027 -0.068 -0.053 -0.048 -0.044 -0.019 -0.002 -0.001 -0.011 -0.028 -0.011 0.006 0.013 0.012 0.016 0.015 0.013 0.023 0.027 0.033 0.027 0.034 0.089 0.087 0.081 0.091 0.049 0.047 0.020 0.020 0.025 0.010 0.012 0.012 0.017 0.016 0.026 0.024 0.011 0.003 0.003 0.008 0.005 0.004 0.019 0.010 0.011 0.010 0.014 0.015 0.000 0.000 0.000 -0.000 0.000 0.000 0.000 0.000 0.000 0.000 0.000 0.000
0.015 0.011 0.006 -0.003 0.004 -0.003 -0.007 -0.025 -0.002 -0.001 -0.005 -0.003 -0.022 -0.041 -0.053 -0.010 -0.010 -0.016 -0.045 -0.042 -0.057 -0.060 -0.034 -0.012 -0.002 -0.001 0.001 0.005 0.006 0.015 0.012 0.026 0.022 0.022 0.016 0.013 0.017 0.009 0.004 0.002 0.021 0.022 0.007 0.004 0.012 0.007 0.011 0.020 0.019 0.000 0.001 -0.002 0.002 0.000 0.000 0.000 0.002 0.001 0.000 0.018 0.018 0.007 0.003 0.003 0.018 0.000 0.000 0.001 0.001 0.000 0.000 0.001 0.002 0.001 0.001 0.000
0.013 0.015 0.015 0.000 0.003 0.009 -0.009 -0.000 -0.000 -0.002 -0.003 -0.002 -0.020 -0.068 -0.020 -0.004 0.000 -0.065 -0.019 -0.016 -0.005 -0.002 -0.002 -0.001 -0.001 -0.000 0.001 0.004 0.003 0.003 0.015 0.025 0.040 0.032 0.020 0.004 0.007 0.009 0.030 0.013 0.011 0.007 0.010 0.001 0.001 0.003 0.003 0.004 -0.001 0.000 0.000 -0.008 0.000 0.000 0.000 0.000 0.000 0.001 0.002 0.008 0.004 0.003 0.000 0.000 0.000 0.015 0.004 0.001 0.001 0.002 0.003 0.002 0.002 0.002 0.001 0.000
0.069 0.065 0.043 0.047 0.010 0.000 0.000 0.007 0.001 -0.019 -0.006 -0.003 -0.060 -0.008 -0.002 0.000 -0.073 -0.008 -0.000 0.000 0.000 0.000 0.000 0.000 0.000 0.000 0.000 0.000 0.000 0.000 0.000 0.010 0.014 0.013 0.025 0.053 0.046 0.005 0.008 0.006 0.008 0.013 0.022 0.013 0.006 0.014 0.000 0.000 -0.013 0.016 0.001 -0.000 0.000 0.000 0.000 0.000 0.000 0.000 0.000 -0.000 0.003 0.013 0.001 -0.000 -0.001 0.000 0.007 0.009 0.006 0.005 0.003 0.003 0.002 0.003 0.004 0.005
0.053 0.062 0.059 0.065 0.000 0.028 0.065 0.037 0.001 0.000 0.000 0.000 -0.002 -0.000 0.000 0.000 -0.018 -0.000 0.000 0.000 0.000 0.000 0.000 0.000 0.000 0.000 0.000 0.000 0.000 0.000 0.000 0.001 0.001 0.007 0.021 0.029 0.029 0.026 0.014 0.003 0.001 -0.000 0.014 0.004 0.004 0.024 -0.000 -0.000 0.001 0.005 -0.009 -0.000 0.000 0.000 0.000 0.000 0.000 0.000 0.000 -0.003 0.000 0.000 0.001 -0.001 -0.001 -0.000 0.001 0.001 0.002 0.002 0.003 0.001 0.000 0.000 0.000 0.000
0.022 0.024 0.048 0.022 0.002 0.009 0.011 -0.011 0.021 0.001 0.000 -0.020 -0.001 0.001 0.000 -0.099 -0.002 0.000 0.000 0.000 0.000 0.000 0.000 0.000 0.000 0.000 0.000 0.000 0.000 0.000 0.000 0.000 0.000 0.004 0.011 0.019 0.014 0.028 0.011 0.014 0.007 -0.007 -0.001 0.006 0.005 0.010 -0.000 -0.007 -0.000 0.001 -0.005 -0.000 0.000 0.000 0.000 0.000 0.000 0.000 0.000 -0.001 0.000 0.000 -0.001 -0.002 -0.001 0.000 0.000 0.000 0.000 0.000 0.000 0.001 0.001 0.000 0.000 0.000
0.030 0.039 0.057 0.017 0.082 0.098 0.036 0.001 0.006 0.015 -0.039 -0.049 0.008 0.003 -0.039 -0.003 0.000 0.000 0.000 0.000 0.000 0.000 0.000 0.000 0.000 0.000 0.000 0.000 0.000 0.000 0.000 0.000 0.000 0.005 0.005 0.017 0.018 0.034 0.003 0.008 0.010 -0.002 0.002 0.012 0.009 0.002 0.031 -0.011 -0.000 0.003 -0.001 -0.000 0.000 0.000 0.000 0.000 0.000 0.000 0.000 -0.000 0.000 -0.003 -0.001 0.000 0.000 0.000 0.000 -0.002 0.000 0.000 -0.000 0.000 0.000 0.000 0.000 0.000
0.009 0.010 0.012 -0.006 0.004 0.005 0.078 0.044 0.033 0.023 -0.028 -0.008 0.003 0.001 -0.066 -0.001 0.000 0.000 0.000 0.000 0.000 0.000 0.000 0.000 0.000 0.000 0.000 0.000 0.000 0.000 0.000 0.000 0.000 0.002 0.004 0.014 0.018 0.026 0.065 0.022 0.007 0.000 0.004 0.011 0.004 -0.004 0.004 -0.002 -0.000 0.000 0.000 -0.000 0.000 0.000 0.000 0.000 0.000 0.000 -0.001 0.001 -0.001 0.000 -0.001 0.000 0.000 0.000 -0.004 -0.002 -0.001 -0.001 -0.000 -0.000 -0.000 0.000 0.000 0.000
0.030 0.025 0.022 0.002 0.001 0.006 0.005 0.072 0.063 0.014 -0.002 -0.002 0.001 -0.028 -0.000 0.000 0.000 0.000 0.000 0.000 0.000 0.000 0.000 0.000 0.000 0.000 0.000 0.000 0.000 0.000 0.000 0.000 -0.001 0.002 0.002 0.004 0.005 0.009 0.013 0.019 0.022 0.015 0.010 0.012 -0.007 -0.003 0.001 0.026 -0.001 0.000 0.012 0.007 0.008 0.008 0.000 0.000 0.000 -0.000 0.000 0.000 -0.001 -0.017 -0.001 0.000 0.000 0.000 0.000 0.000 0.000 -0.000 -0.000 -0.001 -0.000 -0.000 0.000 0.000
0.093 0.082 0.094 0.114 0.140 0.115 0.039 0.029 0.020 -0.021 -0.000 0.002 -0.003 -0.025 0.000 0.000 0.000 0.000 0.000 0.000 0.000 0.000 0.000 0.000 0.000 0.000 0.000 0.000 0.000 0.000 0.000 0.000 -0.000 0.000 0.000 0.002 0.004 0.005 0.011 0.007 0.012 0.019 0.001 0.006 0.015 -0.002 0.001 0.009 -0.009 -0.010 0.012 0.000 0.000 0.000 0.004 0.004 0.004 -0.000 0.000 -0.001 -0.000 -0.004 -0.003 -0.001 -0.002 -0.003 0.000 0.000 0.000 0.000 -0.000 -0.000 -0.000 0.000 0.000 0.000
0.056 0.048 0.056 0.063 0.071 0.097 0.178 0.047 0.023 0.029 0.003 0.001 -0.044 -0.034 -0.004 0.000 0.000 0.000 0.000 0.000 0.000 0.000 0.000 0.000 0.000 0.000 0.000 0.000 0.000 0.000 0.000 -0.000 -0.000 0.000 0.002 0.001 0.007 0.006 0.008 0.020 0.021 -0.001 0.000 0.002 0.002 -0.000 0.000 0.003 -0.000 -0.001 0.003 0.010 0.000 0.000 0.004 0.004 0.003 0.002 0.000 -0.004 -0.006 -0.000 -0.000 -0.000 -0.001 -0.004 0.000 0.000 0.000 -0.000 0.000 -0.000 0.000 0.000 0.000 0.000
0.067 0.012 0.009 0.033 0.022 0.021 0.011 0.164 0.038 0.052 0.030 0.006 -0.015 -0.005 -0.000 0.000 0.000 0.000 0.000 0.000 0.000 0.000 0.000 0.000 0.000 0.000 0.000 0.000 0.000 0.000 0.000 0.000 0.000 -0.001 0.000 -0.000 0.000 0.009 0.009 -0.000 0.004 0.001 0.010 -0.001 -0.001 -0.000 -0.000 -0.000 0.000 -0.001 0.001 0.016 0.000 0.000 0.000 0.000 0.000 0.003 -0.011 -0.016 -0.011 -0.000 0.000 -0.000 0.000 0.000 0.000 0.000 0.000 0.000 0.000 -0.000 0.000 0.000 0.000 0.000
0.051 0.121 0.073 0.093 0.037 0.034 0.039 0.056 0.057 0.046 0.009 0.006 -0.002 -0.003 0.000 0.000 0.000 0.000 0.000 0.000 0.000 0.000 0.000 0.000 0.000 0.000 0.000 0.000 0.000 0.000 0.000 0.000 0.000 -0.002 -0.003 -0.000 0.000 0.004 0.008 0.005 0.001 0.002 0.001 0.005 0.002 -0.001 -0.000 -0.020 0.038 0.003 0.003 0.003 0.001 0.000 0.000 0.000 0.000 0.004 0.000 0.000 0.000 0.003 -0.000 0.000 0.000 0.000 0.000 0.000 0.000 0.000 0.000 0.000 0.000 0.000 0.000 0.000
0.067 0.069 0.114 0.162 0.099 0.079 0.163 0.220 0.313 0.098 0.032 0.004 -0.009 -0.003 0.000 0.000 0.000 0.000 0.000 0.000 0.000 0.000 0.000 0.000 0.000 0.000 0.000 0.000 0.000 0.000 -0.000 0.000 0.000 0.002 -0.003 -0.000 0.000 0.002 0.004 0.005 0.012 0.018 -0.001 -0.000 0.001 0.000 -0.005 -0.001 0.000 0.039 0.001 0.001 0.015 0.004 0.000 0.000 0.000 0.000 0.005 0.000 0.000 0.000 -0.001 -0.003 -0.003 0.000 0.000 0.000 0.000 -0.000 -0.000 0.000 0.000 0.000 0.000 -0.001
0.072 0.091 0.074 0.067 0.136 0.216 0.121 0.092 0.151 0.022 0.024 -0.007 -0.017 -0.003 0.000 0.000 0.000 0.000 0.000 0.000 0.000 0.000 0.000 0.000 0.000 0.000 0.000 0.000 0.000 0.000 -0.000 0.000 0.000 0.000 -0.000 0.000 -0.000 0.000 -0.001 0.005 0.008 0.008 0.003 0.001 -0.038 0.019 -0.007 -0.000 0.000 0.000 0.023 0.001 0.004 0.007 0.008 0.002 0.001 0.000 0.003 0.000 0.000 -0.001 0.001 -0.002 -0.002 -0.000 -0.000 -0.000 -0.000 -0.000 -0.000 0.000 0.000 0.000 0.000 -0.107
0.056 0.067 0.093 0.097 0.151 0.095 0.083 0.055 0.038 0.078 0.105 -0.009 -0.002 -0.001 0.000 0.000 0.000 0.000 0.000 0.000 0.000 0.000 0.000 0.000 0.000 0.000 0.000 0.000 0.000 -0.000 -0.000 -0.000 0.000 -0.001 -0.000 0.001 -0.000 -0.000 -0.012 0.005 0.003 0.001 0.005 0.003 -0.000 0.000 0.000 -0.000 0.000 0.000 0.006 0.015 0.017 -0.000 0.001 0.003 -0.000 -0.004 0.003 0.013 0.004 -0.000 0.000 -0.000 0.000 0.000 0.000 0.000 0.000 0.000 0.000 0.000 0.000 0.000 0.000 -0.181
0.046 0.036 0.040 0.092 0.091 0.071 0.054 0.065 0.032 0.183 0.211 0.061 0.021 -0.002 0.000 0.000 0.000 0.000 0.000 0.000 0.000 0.000 0.000 0.000 0.000 0.000 0.000 0.000 0.000 -0.000 0.000 0.000 0.000 -0.000 -0.000 0.000 -0.001 -0.001 0.004 -0.002 0.003 -0.005 -0.002 0.002 0.005 -0.015 -0.005 0.002 0.001 -0.003 0.002 0.007 0.011 0.029 0.000 0.003 -0.002 -0.000 0.000 0.005 0.003 0.002 -0.005 0.000 0.000 0.000 -0.000 -0.000 0.000 0.000 -0.000 0.000 0.000 0.000 0.000 0.221
0.025 0.030 0.031 0.026 0.041 0.060 0.033 0.031 0.023 0.108 0.226 0.028 0.008 -0.000 0.000 0.000 0.000 0.000 0.000 0.000 0.000 0.000 0.000 0.000 0.000 0.000 0.000 0.000 0.000 0.000 0.000 0.000 -0.002 -0.001 0.000 0.000 0.001 -0.010 0.003 -0.004 -0.027 0.022 -0.000 -0.020 0.009 -0.002 -0.005 0.004 -0.001 -0.002 -0.006 0.005 0.011 0.015 0.035 0.022 0.020 -0.001 -0.004 -0.000 -0.001 0.002 0.000 0.000 0.000 0.000 0.000 0.000 0.000 0.000 0.000 0.000 0.000 0.000 0.000 0.067
0.010 0.010 0.009 0.008 0.024 0.026 0.042 0.035 0.007 0.063 0.051 0.437 0.087 0.030 0.000 0.000 0.000 0.000 0.000 0.000 0.000 0.000 0.000 0.000 0.000 0.000 0.000 0.000 -0.000 -0.000 0.000 0.000 0.000 -0.002 0.004 0.001 -0.004 -0.002 -0.001 0.008 -0.009 0.000 0.038 -0.024 -0.010 -0.048 -0.031 -0.020 -0.013 -0.009 0.000 0.000 0.000 0.004 0.012 0.022 0.018 0.009 -0.001 -0.001 -0.001 -0.001 0.002 0.000 0.000 0.000 0.000 0.000 0.000 0.000 0.000 0.000 0.000 0.000 0.000 0.001
0.000 0.000 0.000 0.000 0.000 0.000 0.039 0.076 0.100 0.198 0.141 0.143 0.110 0.053 0.006 0.000 0.000 0.000 0.000 0.000 0.000 0.000 0.000 0.000 0.000 0.000 0.000 0.000 0.000 0.000 0.000 -0.000 0.000 0.000 0.000 0.001 -0.002 0.004 -0.012 -0.060 -0.007 -0.003 -0.000 -0.072 -0.064 0.003 0.000 0.000 0.000 0.000 0.000 0.000 0.000 0.000 0.000 0.000 0.005 0.016 0.004 -0.003 -0.001 -0.001 0.004 -0.000 0.000 0.000 0.000 0.000 0.000 0.000 0.000 0.000 0.000 0.000 0.000 0.000
