Data/res-0290.Qy
ncols         433
nrows         492
xllcorner     1194560.000000
yllcorner     -584483.500000
cellsize      25.000000
NODATA_value  -9999.000000
[rows 374 to 407 of 492, columns 76 to 151 of 433]
0.546 0.151 0.163 0.071 0.078 0.114 0.493 0.066 -0.029 0.024 0.018 0.023 0.066 -0.033 0.026 0.017 0.001 -0.169 0.004 0.021 0.011 -0.050 -0.001 -0.010 -0.054 -0.011 0.000 0.014 0.000 0.001 0.000 0.000 0.000 0.000 0.000 0.000 0.007 0.030 0.053 0.051 0.263 0.034 0.009 0.039 0.081 0.079 0.104 0.131 0.183 0.176 0.446 0.167 0.220 0.339 0.427 0.655 0.326 0.237 0.505 0.356 0.813 0.192 0.310 0.094 0.007 0.037 0.069 0.004 0.000 0.000 0.019 0.013 0.012 -0.001 0.019 0.082
0.473 0.162 0.204 0.295 0.130 0.092 0.169 0.106 0.141 0.079 -0.010 -0.036 -0.024 -0.170 -0.099 -0.005 -0.001 -0.121 -0.011 0.010 0.026 0.011 -0.082 -0.006 -0.023 -0.069 0.001 0.005 0.000 0.003 0.000 0.000 0.001 0.002 0.003 0.002 0.004 0.021 0.034 0.026 0.258 0.087 0.006 0.057 0.109 0.089 0.088 0.165 0.211 0.172 0.456 0.190 0.163 0.452 0.399 0.585 0.297 0.234 0.586 0.502 0.542 0.286 0.213 0.106 0.001 0.006 0.089 0.003 0.000 0.000 0.020 0.022 0.047 -0.000 0.018 0.049
0.299 0.175 0.214 0.289 0.164 0.119 0.169 0.139 0.144 0.077 0.059 0.022 0.011 -0.024 -0.054 -0.042 -0.067 -0.237 -0.194 -0.106 -0.016 -0.006 0.022 0.021 -0.043 -0.071 -0.150 -0.018 -0.003 0.002 0.002 0.007 -0.000 -0.001 0.003 0.007 0.010 0.003 0.000 0.000 0.146 0.194 0.058 0.066 0.152 0.090 0.130 0.231 0.223 0.293 0.347 0.294 0.278 0.382 0.483 0.254 0.256 0.435 0.389 0.871 0.313 0.146 0.180 0.102 0.003 0.003 0.089 0.003 0.000 0.018 0.011 0.055 0.069 0.009 0.025 0.035
0.260 0.191 0.378 0.198 0.096 0.093 0.225 0.203 0.057 0.049 0.035 -0.010 -0.032 -0.009 0.018 -0.037 -0.016 -0.097 -0.498 -0.054 -0.027 -0.030 0.083 -0.065 -0.066 -0.081 -0.204 -0.040 0.002 0.001 0.001 0.005 0.001 0.010 0.002 0.000 0.005 0.000 0.000 0.000 0.098 0.241 0.057 0.101 0.171 0.140 0.366 0.219 0.241 0.251 0.199 0.286 0.295 0.473 0.328 0.266 0.252 0.507 0.340 0.838 0.273 0.159 0.110 0.118 0.019 0.057 0.021 -0.014 -0.000 0.120 0.020 0.001 0.017 0.020 0.010 0.060
0.235 0.336 0.325 0.211 0.370 0.167 0.151 0.098 0.043 -0.017 -0.248 -0.058 -0.013 -0.037 -0.005 -0.100 -0.011 -0.077 -0.168 -0.295 -0.027 0.058 -0.057 -0.079 -0.075 -0.116 -0.257 -0.057 0.001 0.000 0.000 0.014 0.009 0.000 0.000 0.000 0.000 0.000 0.000 0.000 0.083 0.292 0.085 0.131 0.148 0.375 0.217 0.216 0.266 0.200 0.192 0.295 0.337 0.508 0.264 0.265 0.212 0.570 0.387 0.740 0.215 0.179 0.064 0.083 0.276 0.002 -0.000 0.090 0.001 -0.078 -0.050 0.000 0.011 0.024 0.004 0.095
0.205 0.471 0.565 0.098 0.156 0.117 0.100 0.082 0.026 -0.000 -0.068 0.057 -0.057 -0.120 -0.146 -0.219 -0.006 -0.020 -0.074 -0.002 -0.153 -0.360 -0.044 -0.116 -0.058 -0.072 -0.301 -0.114 -0.040 -0.015 0.000 0.010 0.005 0.000 0.000 0.000 0.000 0.000 0.000 0.000 0.179 0.559 0.112 0.126 0.139 0.197 0.197 0.187 0.242 0.202 0.254 0.300 0.517 0.425 0.307 0.285 0.333 0.514 0.760 0.158 0.129 0.174 0.044 0.042 0.222 0.001 0.000 0.094 0.018 0.001 -0.000 -0.000 0.005 0.002 -0.004 0.071
0.141 0.555 0.542 0.149 0.148 0.116 0.150 0.096 0.034 0.077 -0.085 -0.076 -0.077 -0.191 -0.032 -0.032 -0.179 -0.083 -0.063 -0.015 -0.036 -0.099 -0.438 -0.139 -0.145 -0.091 -0.205 -0.228 -0.051 -0.076 -0.005 -0.016 -0.003 -0.000 0.000 0.000 0.000 0.000 0.000 0.142 0.480 0.259 0.130 0.184 0.152 0.189 0.250 0.219 0.195 0.199 0.258 0.511 0.298 0.374 0.300 0.282 0.411 0.766 0.668 0.106 0.049 0.525 0.034 -0.042 -0.233 -0.020 -0.003 0.024 0.014 0.004 0.004 0.001 0.005 0.005 0.074 0.115
1.048 0.418 0.225 0.026 0.052 0.084 1.806 5.870 -0.078 -7.227 -0.322 -0.091 -0.062 -0.181 -0.024 -0.041 -0.094 -0.100 -0.141 -0.024 -0.035 -0.068 -0.076 -0.334 -0.226 -0.146 -0.173 -0.174 -0.252 -0.049 -0.064 -0.076 -0.011 -0.001 -0.001 0.000 0.000 0.127 0.261 0.496 0.080 0.208 0.087 0.126 0.141 0.213 0.232 0.208 0.192 0.200 0.398 0.417 0.304 0.363 0.299 0.329 0.561 1.602 0.595 7.344 1.109 0.058 0.020 -8.472 -0.593 -0.021 -0.156 0.003 -0.007 -0.002 0.000 0.000 0.005 0.096 0.059 0.125
0.068 -2.120 2.673 1.446 0.278 0.116 0.014 -0.089 -0.983 -7.745 -0.168 -0.034 -0.044 -0.056 -0.291 -0.053 -0.068 -0.097 -0.087 -0.084 -0.033 -0.035 -0.083 -0.251 -0.328 -0.187 -0.193 -0.131 -0.318 -0.029 -0.038 -0.046 -0.010 0.035 0.021 0.053 0.114 0.683 0.082 0.010 0.036 0.103 0.074 0.131 0.173 0.231 0.188 0.214 0.251 0.258 0.341 0.379 0.306 0.411 0.586 0.532 0.920 9.208 0.592 0.192 0.103 0.014 -0.064 -0.036 -0.779 -8.312 -0.260 -0.071 -0.063 -0.085 -0.021 0.006 0.009 0.150 0.185 0.151
0.377 0.424 0.359 0.215 0.288 0.045 -0.103 -0.112 -0.590 -8.586 -0.093 -0.014 -0.076 -0.026 -0.035 -0.243 -0.059 -0.001 -0.040 -0.067 -0.286 -0.032 -0.060 -0.114 -0.446 -0.161 -0.149 -0.129 -0.138 -0.200 -0.078 -0.003 0.056 0.035 0.073 0.289 0.425 -0.017 -0.003 0.017 0.128 0.152 0.084 0.103 0.137 0.160 0.161 0.301 0.176 0.267 0.365 0.411 0.488 0.310 0.901 8.239 1.526 0.773 0.319 0.207 0.054 0.018 0.044 -0.002 -0.002 -0.025 -0.142 -0.935 -7.333 -1.016 -0.204 -0.040 0.002 0.127 0.774 7.113
0.341 0.323 0.488 0.263 0.221 0.137 0.098 0.109 -0.049 -0.698 -1.306 -7.932 -0.237 -0.065 -0.004 -0.016 -0.193 -0.074 -0.051 -0.058 -0.117 -0.230 -0.053 -0.119 -0.396 -0.186 -0.082 -0.105 -0.086 -0.054 -0.102 -0.030 0.055 0.109 0.373 0.111 0.113 0.041 0.092 0.067 0.122 0.069 0.039 0.058 0.048 0.133 0.130 0.191 0.177 0.357 0.324 0.400 0.714 7.848 2.546 0.290 0.612 0.409 0.193 0.084 0.071 0.004 0.000 0.000 -0.000 0.042 0.083 -0.017 -0.178 -0.047 -0.103 -8.500 0.022 0.383 6.407 0.385
0.242 0.307 0.393 0.304 0.175 0.127 0.158 0.258 0.236 0.187 0.050 -0.084 -8.408 -2.167 -0.300 -0.008 -0.117 -0.076 -0.106 -0.045 -0.054 -0.109 -0.291 -0.112 -0.139 -0.096 -0.281 -0.166 -0.054 -0.028 -0.074 0.021 0.342 0.108 0.095 0.059 0.141 0.070 0.024 0.012 0.025 0.004 0.016 0.021 0.019 0.118 0.094 0.158 0.163 0.445 0.360 0.249 7.886 2.472 0.993 0.595 0.325 0.232 0.182 0.068 0.002 0.003 0.000 0.000 0.000 0.243 -0.014 -0.045 -0.056 -0.119 -0.214 -0.052 -0.235 -0.329 -0.082 -0.054
0.209 0.214 0.276 0.242 0.192 0.279 0.222 0.249 0.203 0.257 0.272 -0.006 0.002 -0.015 -0.034 -11.279 -0.298 -0.057 -0.075 -0.053 -0.064 -0.153 -0.151 -0.159 -0.244 -0.081 -0.144 -0.351 -0.050 -0.012 0.311 0.174 0.000 0.007 0.025 0.067 0.079 0.018 0.001 0.000 -0.000 0.000 -0.000 0.004 0.010 0.113 0.103 0.173 0.241 0.319 0.396 8.487 2.392 0.405 0.569 0.522 0.323 0.173 0.135 -0.022 -0.003 -0.001 0.000 0.000 0.018 0.243 -0.001 -0.029 -0.035 -0.065 -0.089 -0.078 -0.075 -0.319 -0.125 -0.032
0.236 0.296 0.295 0.429 0.120 0.167 0.177 0.217 0.225 0.235 0.156 0.036 0.123 0.000 -0.401 -10.938 -0.476 -0.034 -0.034 -0.078 -0.049 -0.098 -0.136 -0.133 -0.147 -0.067 -0.074 -0.117 -0.233 -0.052 0.052 0.092 0.009 0.014 0.000 0.000 0.002 0.000 0.000 0.000 -0.000 0.000 0.000 0.009 0.008 0.121 0.126 0.180 0.230 0.284 0.451 10.502 0.825 0.514 0.380 0.368 0.229 0.203 0.090 0.015 0.057 0.021 -0.002 -0.048 0.133 -0.030 -0.004 0.041 -0.018 -0.044 -0.024 -0.125 -0.084 -0.179 -0.093 -0.095
0.110 0.044 0.244 0.880 0.107 0.129 0.091 -0.054 0.014 0.097 0.080 0.026 0.042 0.000 -0.553 -10.662 -0.059 -0.093 -0.118 -0.086 -0.056 -0.114 -0.133 -0.178 -0.210 -0.089 -0.063 -0.060 -0.240 -0.049 -0.081 -0.053 -0.006 -0.002 0.000 0.000 0.002 0.000 0.000 0.000 0.000 0.000 0.000 0.011 0.007 0.143 0.140 0.190 0.212 0.408 0.996 10.133 0.894 0.372 0.412 0.380 0.105 0.117 0.057 0.025 0.043 -0.012 0.001 0.026 0.112 0.002 0.109 0.002 -0.091 -0.095 -0.027 -0.069 -0.092 -0.102 -0.122 -0.104
0.240 0.447 0.174 0.250 0.170 0.165 0.147 0.254 0.024 -0.037 0.195 0.060 -0.031 -0.009 0.047 -0.321 -0.034 -0.031 -9.348 -0.562 -1.463 -0.367 -0.092 -0.098 -0.120 -0.224 -0.083 -0.051 -0.034 -0.304 -0.296 -0.121 -0.004 -0.017 -0.002 0.001 -0.000 0.000 0.000 0.000 0.000 0.000 0.018 0.015 0.011 0.194 0.106 0.248 0.334 0.378 11.103 0.576 0.470 0.243 0.351 0.322 0.127 0.192 0.082 0.040 0.082 -0.000 0.005 0.010 -0.090 -0.003 0.134 -0.005 -0.020 -0.025 -0.037 -0.135 -0.103 -0.087 -0.121 -0.063
0.340 0.306 0.222 0.258 0.199 0.446 0.046 0.022 0.087 0.069 0.031 -0.076 -0.044 -0.014 0.128 0.017 -0.067 -0.072 -0.007 -0.168 -10.360 -0.913 -0.074 -0.109 -0.226 -0.078 -0.065 -0.068 -0.203 -0.243 -0.749 -0.242 -0.113 -0.055 -0.000 0.000 0.000 0.000 -0.000 0.021 0.009 0.006 0.063 0.060 0.133 0.119 0.086 0.236 0.545 9.212 2.301 0.493 0.309 0.227 0.367 0.337 0.132 0.123 0.058 0.031 0.030 0.000 0.276 -0.004 -0.000 -0.041 -0.071 -0.036 -0.041 -0.022 -0.030 -0.060 -0.031 -0.131 -0.086 -0.064
0.078 0.189 0.298 0.294 0.265 0.133 0.079 0.190 0.006 0.006 -0.043 -0.065 -0.045 0.028 0.012 -0.005 -0.008 -0.079 -0.011 -0.020 -0.025 -0.181 -0.199 -11.233 -0.119 -0.081 -0.099 -0.098 -0.129 -0.258 -0.886 -0.302 -0.150 -0.070 -0.000 0.000 0.000 0.000 0.032 0.063 0.033 0.051 0.086 0.183 0.135 0.098 0.287 0.484 1.054 10.150 0.385 0.440 0.302 0.322 0.472 0.115 0.136 0.176 0.083 0.109 0.090 -0.090 -0.000 -0.023 0.000 0.013 -0.009 0.035 0.137 -0.010 -0.015 -0.060 -0.115 -0.148 -0.193 -0.095
0.101 -0.007 0.123 0.268 0.172 0.115 0.110 -0.002 -0.020 -0.003 -0.100 -0.009 0.180 0.052 -0.012 -0.107 -0.014 -0.045 -0.037 -0.037 -0.115 -0.110 -0.204 -0.181 -11.034 -0.179 -0.013 1.301 -1.204 -0.381 -1.150 -0.515 -0.199 -0.111 -0.031 -0.009 0.000 0.000 0.049 0.131 0.069 0.064 0.206 0.440 0.170 0.166 1.401 9.712 0.377 0.154 0.505 0.348 0.266 0.249 0.425 0.108 0.111 0.531 0.201 -0.017 -0.103 -0.366 0.000 0.008 0.165 0.089 0.285 -0.022 -0.057 -0.030 -0.105 -0.073 -0.094 -0.059 -0.144 0.043
0.251 0.646 0.061 0.017 -0.183 0.145 0.210 0.742 0.203 -0.284 -1.005 0.005 -0.133 -0.024 -0.004 0.022 -0.089 -0.082 -0.050 -0.025 -0.036 -0.080 -0.117 -0.336 -0.149 -0.832 0.237 0.458 0.015 -10.488 -1.238 -0.683 -0.769 -0.088 -0.048 -0.002 -0.032 0.004 0.192 0.071 0.074 0.088 0.171 0.883 9.005 2.317 0.230 0.120 0.189 0.210 0.405 0.878 0.114 0.040 0.377 0.295 0.000 -0.027 0.102 0.021 -0.000 0.138 0.208 -0.001 -0.044 -0.201 -0.066 -0.050 -0.016 -0.033 -0.083 -0.045 -0.111 -0.034 0.158 -0.008
0.304 0.441 0.138 0.138 0.273 0.639 0.612 0.132 0.019 -0.037 -0.392 -1.395 -0.159 -0.128 -0.015 -0.029 0.003 0.110 -0.281 -0.019 0.058 -0.199 -0.046 0.131 0.031 0.009 -0.109 -0.697 -0.227 -8.628 -0.310 2.105 -4.049 -1.553 -0.215 -0.167 -0.120 -0.061 0.002 0.011 0.082 0.406 1.593 6.453 3.698 0.723 0.121 0.091 0.148 0.198 0.880 0.288 0.178 0.201 0.219 0.046 0.030 0.035 -0.031 -0.012 0.002 0.390 -0.021 0.002 0.003 -0.194 -0.015 0.059 0.029 -0.054 0.090 -0.039 -0.048 -0.122 -0.035 -0.072
0.477 0.201 0.179 0.336 0.260 0.634 0.589 0.082 -0.003 0.051 0.084 0.001 0.061 -0.066 -0.147 -0.476 -0.582 -0.171 -0.153 -0.141 -0.166 -0.187 -0.154 -0.099 -0.046 -0.025 -0.089 -0.055 -0.234 0.070 0.048 0.104 0.051 0.053 0.012 -12.348 -0.455 -0.060 0.810 9.763 0.791 0.753 0.106 0.128 -0.082 -0.010 -0.073 0.126 0.273 0.491 0.259 0.275 0.080 0.166 0.090 -0.002 -0.007 0.023 0.048 0.009 0.017 0.432 -0.001 -0.003 -0.028 -0.099 -0.224 0.019 0.199 0.030 -0.124 -0.077 -0.047 -0.121 -0.018 0.197
0.293 0.202 0.305 0.374 0.641 0.372 0.347 0.284 0.166 0.052 0.076 0.116 0.074 -0.013 -0.092 -0.211 -0.867 -0.408 -0.225 -0.236 -0.210 -0.184 -0.099 -0.175 -0.223 -0.016 -0.023 -0.010 0.081 0.086 -0.037 0.008 -0.043 -0.016 -0.053 0.002 -0.001 -0.010 -0.042 -0.137 0.038 0.021 0.163 0.099 -0.096 0.211 0.151 0.151 0.057 0.101 0.118 0.053 0.042 0.085 0.003 0.009 0.008 0.018 0.020 0.039 0.205 0.061 0.002 0.001 0.011 0.053 0.063 0.020 -0.009 -0.007 -0.069 0.057 -0.043 -0.048 -0.060 -0.076
0.472 0.410 0.620 0.098 0.330 0.372 0.193 0.267 0.202 0.190 0.199 0.091 0.007 -0.004 -0.096 -0.167 -0.259 -0.377 -0.239 -0.669 -0.513 -0.370 -0.060 -0.039 -0.098 -0.133 0.055 0.280 0.075 0.061 -0.008 -0.490 -0.064 -0.020 -0.124 0.005 0.030 0.066 0.230 0.037 0.008 0.327 0.088 0.036 -0.021 -0.197 0.126 0.072 0.068 0.097 0.188 0.089 0.159 0.073 0.011 0.033 0.023 0.044 -0.003 -0.047 -0.184 -0.067 -0.016 0.075 0.032 0.182 0.009 -0.049 -0.039 -0.019 0.048 0.023 0.004 -0.013 -0.139 -0.088
0.286 0.366 0.441 0.153 0.512 0.196 0.136 0.396 0.263 0.146 0.000 0.000 0.000 0.000 0.000 -0.000 -0.220 -0.433 -0.282 -0.380 -0.245 -0.201 -0.117 -0.101 -0.085 -0.163 -0.090 -0.025 0.044 0.107 0.017 -0.114 -0.216 -0.162 -0.123 0.030 0.199 0.051 -0.057 -0.051 0.064 0.504 -0.010 0.034 0.205 0.032 -0.285 0.076 0.116 0.098 0.009 0.076 0.212 -0.009 -0.015 -0.072 0.039 0.045 -0.057 -0.049 -0.256 0.025 0.331 0.011 -0.065 -0.086 -0.003 -0.035 -0.016 -0.005 0.004 0.031 0.001 -0.015 -0.035 -0.028
0.197 0.389 0.469 0.164 0.342 0.141 0.110 0.623 0.080 0.000 0.000 0.000 0.000 0.000 0.000 0.000 0.000 -0.223 -0.101 -0.337 -0.161 -0.210 -0.471 -0.098 -0.117 -0.181 -0.071 -0.003 0.023 -0.001 0.022 0.075 -0.350 -0.054 -0.018 0.183 -0.042 0.010 0.046 0.294 0.141 0.051 0.040 0.032 0.198 0.037 0.060 0.158 0.008 0.001 -0.138 0.030 -0.042 -0.036 0.083 -0.032 -0.105 -0.076 -0.056 -0.025 0.178 -0.066 -0.029 -0.018 -0.016 0.004 -0.034 -0.039 -0.059 -0.049 -0.024 -0.043 -0.001 0.011 0.050 -0.006
0.152 0.494 0.352 0.224 0.350 0.100 0.242 0.302 0.000 0.000 0.000 0.000 0.000 0.000 0.000 0.000 0.000 -0.070 -0.105 -0.169 -0.159 -0.156 -0.316 0.057 0.014 -0.033 -0.033 -0.039 -0.107 -0.079 -0.066 -0.022 -0.470 -0.001 0.405 -0.109 -0.125 0.160 0.123 0.156 0.496 0.128 0.002 -0.038 -0.187 -0.021 0.164 -0.067 -0.006 0.009 0.010 -0.281 -0.006 -0.010 -0.026 -0.066 -0.145 -0.034 0.030 0.160 0.037 -0.081 -0.085 -0.045 0.008 0.140 -0.022 -0.080 -0.007 -0.019 -0.310 -0.015 0.071 0.105 -0.032 -0.087
0.155 0.567 0.186 0.087 0.107 0.091 0.354 0.079 0.000 0.000 0.000 0.000 0.000 0.000 0.000 0.000 0.000 0.037 0.010 -0.128 -0.111 -0.129 -0.006 -0.131 -0.075 -0.133 -0.077 0.014 0.033 0.005 -0.006 0.023 0.287 0.007 -0.322 -0.076 0.242 -0.138 -0.014 0.037 0.624 0.012 0.044 0.064 0.076 0.118 -0.024 -0.335 -0.095 0.025 0.047 -0.115 -0.146 -0.145 -0.109 -0.103 -0.031 0.017 -0.010 -0.000 -0.061 -0.014 -0.075 -0.031 0.046 -0.021 -0.067 -0.146 0.000 0.045 0.038 -0.004 -0.039 -0.053 -0.127 -0.055
0.147 0.746 0.057 0.037 0.066 0.087 0.233 0.024 0.000 0.000 0.000 0.000 0.000 0.000 0.000 0.000 0.000 0.127 0.062 0.041 -0.087 -0.061 -0.069 -0.169 -0.090 -0.084 -0.095 -0.094 -0.001 0.014 0.051 0.803 0.324 -0.009 -0.106 -0.266 0.179 -0.006 -0.099 -0.121 0.260 -0.011 -0.044 0.059 0.120 0.193 0.014 -0.062 -0.168 -0.099 -0.137 -0.245 -0.188 -0.259 -0.075 -0.076 -0.041 -0.156 -0.062 -0.000 -0.032 -0.003 0.040 0.042 -0.108 -0.000 0.015 -0.033 -0.077 0.007 -0.033 -0.017 -0.020 -0.027 -0.038 0.105
0.133 0.566 0.105 0.109 0.048 0.107 0.085 -0.076 -0.002 0.000 0.000 0.000 0.000 0.000 0.000 0.007 0.048 0.203 0.211 0.008 -0.053 -0.181 -0.040 -0.038 -0.092 0.010 0.415 0.108 -0.020 -0.063 0.005 0.165 0.096 0.002 0.005 0.301 0.088 0.004 0.008 0.212 -0.055 -0.104 -0.028 -0.017 0.055 0.143 0.045 0.058 -0.323 -0.312 -0.099 -0.289 -0.207 -0.201 -0.137 -0.026 -0.016 -0.017 -0.263 -0.026 0.063 -0.029 -0.061 -0.014 -0.118 -0.040 -0.019 0.002 0.354 -0.038 0.004 0.086 -0.069 -0.104 0.179 -0.047
0.628 0.027 0.067 0.133 0.054 0.116 -0.033 -0.075 -0.111 0.000 0.000 0.000 0.008 0.037 0.042 0.047 0.028 0.256 0.133 0.019 0.015 -0.014 -0.005 0.195 0.205 0.077 -0.009 -0.031 -0.043 0.021 0.305 -0.044 -0.229 -0.019 0.063 0.572 -0.027 -0.009 0.179 0.305 0.161 0.217 0.120 0.074 0.076 0.077 0.027 -0.017 -0.180 -0.402 -0.932 -0.236 -0.464 -0.190 -0.360 -0.063 -0.022 0.003 0.013 -0.010 -0.059 -0.043 -0.079 -0.016 -0.034 0.043 0.542 0.095 -0.039 -0.066 -0.047 -0.039 -0.069 -0.136 0.014 -0.028
0.135 0.044 0.035 0.018 0.054 0.059 -0.008 -0.033 -0.009 -0.061 0.044 0.038 0.039 0.168 0.077 0.080 0.106 0.012 -0.076 0.021 0.089 0.089 0.097 0.271 0.080 -0.002 0.021 0.005 0.205 0.009 0.038 0.045 -0.031 0.058 0.321 0.161 0.025 0.083 0.324 0.245 0.349 0.246 0.166 0.058 0.064 0.072 0.045 -0.045 -0.104 -0.414 -0.425 -0.593 -0.577 0.038 0.054 -0.769 -0.548 -0.191 -0.011 0.006 0.106 0.044 0.006 0.066 0.246 0.115 0.008 -0.066 -0.115 -0.098 -0.071 -0.095 -0.066 -0.119 0.011 -0.013
0.146 0.052 0.021 0.081 0.061 -0.102 -0.004 -0.037 0.004 0.053 0.041 0.116 0.035 0.048 0.072 0.155 0.144 0.020 -0.019 -0.079 0.050 0.182 0.298 0.124 0.102 0.033 0.160 0.030 -0.100 -0.015 0.182 -0.034 0.000 0.020 0.588 0.014 0.018 0.107 0.497 0.199 0.393 0.227 0.073 0.026 0.037 0.053 0.051 -0.000 -0.000 -0.199 -0.373 -0.115 0.051 -0.098 -0.132 -0.180 -0.123 -0.298 -0.085 -0.128 -0.418 -0.004 -0.085 -0.265 -0.194 -0.312 -0.181 -0.085 -0.126 -0.174 -0.043 -0.038 -0.040 -0.108 -0.032 -0.013
0.035 0.081 0.188 0.034 -0.036 -0.240 -0.015 -0.017 0.058 0.021 0.047 0.062 0.026 0.034 0.037 0.216 0.073 0.030 0.252 0.110 0.025 0.039 0.104 0.160 0.173 0.218 0.019 0.051 0.011 -0.015 -0.104 -0.129 0.001 0.460 0.334 0.085 -0.004 0.091 0.476 0.216 0.291 0.198 0.029 0.011 0.013 0.025 0.010 0.000 -0.004 -0.052 -0.096 -0.008 0.075 -0.050 -0.080 -0.088 -0.097 -0.179 -0.201 -0.168 -0.075 -0.553 -0.143 -0.313 -0.291 -0.206 -0.168 -0.166 -0.200 -0.242 -0.051 -0.025 -0.057 -0.132 -0.005 -0.014
