Data/res-0419.Qx
ncols         434
nrows         491
xllcorner     1194547.500000
yllcorner     -584471.000000
cellsize      25.000000
NODATA_value  -9999.000000
[rows 272 to 305 of 491, columns 304 to 379 of 434]
-0.005 -0.006 0.002 -0.005 -0.006 -0.001 -0.006 -0.004 -0.006 -0.007 0.001 0.003 -0.002 -0.005 -0.001 0.001 0.002 -0.003 0.004 -0.001 0.003 -0.004 0.004 0.006 -0.001 -0.000 0.006 0.000 0.002 0.002 0.001 0.001 0.005 -0.000 -0.003 0.010 -0.002 -0.001 0.006 0.004 0.003 0.003 0.003 0.001 0.001 0.008 0.002 0.002 0.002 -0.001 0.009 -0.003 0.002 0.002 0.001 -0.000 -0.000 0.000 -0.000 0.000 -0.000 0.000 0.000 0.000 0.000 0.000 0.000 0.000 0.000 0.000 0.000 0.000 0.000 0.000 0.000 0.000
-0.006 -0.006 -0.007 0.003 -0.012 -0.004 -0.004 -0.002 -0.004 -0.003 0.003 -0.015 0.008 -0.004 -0.002 -0.004 0.005 -0.006 0.005 0.003 0.001 -0.002 0.001 0.003 0.004 -0.004 0.001 0.002 0.004 -0.001 0.010 -0.005 0.004 0.000 0.006 -0.004 0.005 0.007 0.005 -0.008 0.003 0.001 0.004 0.002 0.006 0.002 -0.003 0.006 0.003 -0.000 0.006 0.000 -0.001 0.003 0.000 0.000 0.000 -0.000 0.001 -0.001 0.000 0.000 -0.000 0.000 0.000 0.000 0.000 0.000 0.000 0.000 0.000 0.000 0.000 0.000 0.000 0.000
0.004 -0.013 -0.002 -0.004 -0.006 -0.002 -0.010 0.001 -0.009 -0.003 -0.004 -0.006 -0.001 -0.000 0.002 -0.003 0.003 -0.003 -0.000 -0.001 -0.000 0.007 0.000 -0.001 -0.001 0.006 -0.003 -0.002 0.009 -0.005 0.006 -0.002 0.000 0.004 -0.006 0.008 0.001 -0.003 0.006 0.003 0.003 0.006 0.000 0.002 0.001 0.002 -0.001 0.010 -0.000 0.000 0.004 0.000 0.000 0.004 0.001 -0.000 -0.000 0.001 0.000 -0.000 0.000 -0.000 0.000 -0.000 0.000 0.000 0.000 0.000 0.000 0.000 0.000 0.000 0.000 0.000 0.000 0.000
-0.006 -0.001 -0.013 0.000 -0.005 -0.009 -0.005 -0.001 -0.006 -0.006 0.000 0.002 -0.010 0.001 -0.001 -0.003 0.001 0.001 -0.003 0.000 -0.001 0.001 0.000 -0.002 0.008 -0.005 0.003 0.003 -0.003 0.005 -0.000 0.000 0.001 0.004 0.001 0.001 0.003 -0.000 -0.001 0.002 0.005 0.001 0.003 0.002 0.001 0.004 0.003 -0.006 0.009 -0.001 0.007 -0.001 0.002 0.003 -0.004 0.003 0.001 0.000 0.000 -0.000 -0.000 0.000 -0.000 -0.000 0.000 -0.000 0.000 0.000 0.000 0.000 0.000 0.000 0.000 0.000 0.000 0.000
-0.010 -0.001 -0.007 -0.009 -0.008 0.001 -0.012 -0.002 -0.002 -0.005 -0.004 -0.007 -0.002 0.002 -0.002 -0.001 -0.004 0.002 -0.001 0.004 -0.005 -0.002 0.003 -0.003 0.000 -0.001 0.004 -0.004 0.004 0.001 -0.003 0.007 -0.000 0.002 -0.003 0.002 0.003 0.006 -0.007 0.006 0.001 0.002 0.002 0.003 0.001 0.001 0.003 0.002 -0.003 0.007 0.001 -0.001 0.002 -0.003 0.006 0.001 -0.001 -0.000 0.000 -0.000 0.001 -0.000 -0.001 0.000 -0.001 -0.000 -0.001 0.000 -0.000 0.000 0.000 0.000 0.000 0.000 0.000 0.000
-0.008 -0.005 -0.009 -0.001 -0.009 -0.010 -0.001 -0.008 -0.002 -0.007 -0.002 -0.002 -0.004 -0.004 -0.002 -0.003 0.002 -0.005 0.003 -0.004 0.002 0.002 -0.005 0.003 -0.003 0.002 0.002 -0.001 -0.000 0.001 0.002 -0.005 0.003 0.000 -0.002 0.002 0.005 0.001 -0.007 0.009 0.005 -0.004 0.006 -0.002 -0.003 0.007 0.005 -0.008 0.010 0.003 -0.004 0.003 -0.001 0.002 -0.001 0.001 0.004 -0.003 0.002 -0.001 -0.002 0.001 -0.001 0.000 -0.001 -0.000 -0.001 -0.000 -0.000 0.000 0.000 0.000 0.000 0.000 0.000 0.000
-0.003 -0.015 -0.000 -0.005 -0.012 -0.006 -0.007 -0.001 -0.007 0.001 -0.012 0.002 -0.000 -0.005 -0.006 0.004 -0.006 0.001 -0.001 -0.003 0.002 -0.003 0.000 -0.002 0.001 -0.001 -0.005 0.004 -0.001 0.004 -0.005 0.004 0.001 -0.001 0.006 -0.008 0.005 0.001 0.003 -0.000 0.000 -0.002 0.002 0.007 -0.000 0.001 -0.001 0.004 -0.002 0.002 -0.002 0.003 0.003 0.000 0.002 -0.001 0.001 -0.002 0.002 -0.001 -0.002 0.002 -0.002 0.001 -0.001 -0.002 -0.002 0.001 -0.001 -0.000 -0.000 0.000 0.000 0.000 0.000 0.000
-0.009 -0.004 -0.009 -0.005 -0.010 0.001 -0.005 -0.010 -0.002 -0.004 -0.005 -0.003 -0.006 -0.001 -0.001 -0.006 -0.001 -0.002 -0.000 -0.000 0.001 -0.006 -0.003 0.002 -0.002 -0.000 0.002 0.004 -0.003 -0.001 0.002 0.001 -0.003 0.003 -0.001 0.003 0.001 -0.004 0.004 0.001 0.001 0.000 -0.001 0.003 0.002 -0.001 0.001 0.004 0.001 -0.005 0.008 -0.003 -0.000 0.005 -0.005 -0.002 0.004 -0.002 -0.003 0.003 -0.001 -0.003 0.001 -0.001 -0.001 -0.002 0.001 -0.000 -0.002 -0.001 -0.000 -0.000 -0.000 -0.000 0.000 0.000
-0.012 -0.005 -0.003 -0.010 -0.007 -0.001 -0.007 -0.001 -0.009 -0.006 0.004 -0.012 0.001 -0.003 -0.001 -0.007 0.008 -0.009 -0.002 -0.003 -0.001 -0.001 0.002 -0.003 0.003 -0.003 -0.004 0.000 0.000 0.001 -0.002 0.003 0.003 -0.005 -0.002 0.001 0.003 -0.002 -0.000 0.001 0.003 0.001 0.001 -0.003 -0.001 0.000 0.003 0.001 0.002 -0.002 0.005 -0.001 -0.001 -0.003 0.003 -0.002 0.005 -0.003 0.000 -0.002 0.000 0.000 -0.001 -0.002 0.000 0.001 -0.001 -0.003 -0.000 -0.000 -0.001 -0.000 -0.001 -0.000 0.000 0.000
-0.006 -0.005 -0.013 0.001 -0.013 0.002 -0.010 -0.005 -0.006 -0.003 -0.003 -0.003 -0.006 0.001 -0.007 -0.002 -0.002 0.000 -0.007 0.007 -0.004 0.001 -0.005 -0.001 -0.002 -0.003 0.001 0.003 -0.003 -0.003 -0.002 0.005 -0.006 0.002 0.007 -0.005 0.000 -0.003 0.002 0.001 -0.003 0.003 -0.005 0.011 -0.002 0.006 -0.010 0.006 -0.000 -0.002 0.000 0.004 -0.004 0.003 -0.006 0.005 -0.003 -0.000 0.001 0.002 -0.005 -0.000 0.001 -0.002 -0.001 -0.000 -0.002 0.000 -0.001 -0.001 -0.001 -0.002 -0.001 -0.001 -0.001 -0.001
-0.005 -0.003 -0.012 -0.006 -0.001 -0.008 -0.007 -0.007 -0.002 -0.009 -0.001 -0.004 -0.001 -0.004 -0.001 -0.004 -0.004 -0.000 -0.001 -0.003 -0.005 -0.001 0.002 -0.003 -0.007 0.003 0.001 -0.004 -0.001 -0.003 0.004 -0.006 0.004 -0.002 -0.004 0.002 0.002 -0.004 0.004 0.001 -0.003 0.008 -0.002 -0.006 -0.000 -0.000 0.003 0.001 -0.007 0.008 -0.003 0.002 0.000 0.000 -0.003 0.002 -0.001 -0.000 -0.002 -0.004 0.004 -0.003 -0.001 -0.000 -0.002 0.000 -0.000 -0.002 -0.001 -0.002 -0.001 0.000 -0.002 -0.001 -0.001 -0.001
-0.004 -0.008 -0.006 -0.005 -0.006 -0.008 -0.007 -0.004 -0.005 -0.004 -0.003 -0.004 -0.006 -0.003 -0.002 -0.005 -0.004 -0.002 0.002 -0.011 0.003 -0.005 -0.002 0.001 -0.007 0.003 -0.005 0.003 -0.002 0.001 -0.002 -0.002 -0.002 0.005 -0.006 -0.001 0.002 0.000 -0.003 -0.000 0.004 -0.008 0.004 -0.002 0.008 -0.002 -0.004 0.004 -0.004 -0.001 0.002 0.000 -0.003 -0.001 0.000 0.003 -0.008 0.005 -0.003 -0.004 0.001 -0.001 -0.002 -0.002 0.001 -0.002 -0.000 -0.002 -0.003 0.001 -0.002 -0.001 -0.001 -0.001 -0.003 -0.001
-0.003 -0.008 -0.009 -0.007 -0.005 -0.007 -0.004 -0.008 -0.003 -0.007 -0.001 -0.003 -0.008 0.001 -0.007 -0.007 0.009 -0.011 -0.001 -0.006 0.001 0.000 -0.006 -0.003 -0.002 0.003 -0.006 -0.002 0.004 -0.011 0.003 -0.006 0.002 -0.001 -0.004 0.003 -0.000 -0.004 0.003 -0.001 -0.003 0.006 -0.004 -0.004 0.001 0.002 -0.007 0.006 0.003 -0.008 0.003 -0.001 -0.004 0.002 -0.004 -0.002 0.004 -0.004 -0.003 -0.000 -0.001 -0.002 0.001 -0.003 -0.002 -0.002 -0.002 -0.000 -0.004 -0.001 -0.002 -0.002 -0.001 -0.002 -0.002 -0.000
-0.006 -0.006 -0.008 -0.002 -0.011 0.001 -0.011 -0.007 0.001 -0.003 -0.015 0.004 -0.004 -0.005 -0.003 -0.004 -0.005 -0.005 0.005 -0.006 -0.006 -0.001 0.001 -0.004 -0.001 -0.001 -0.009 0.002 0.001 -0.001 -0.006 0.005 -0.004 -0.003 -0.000 -0.000 -0.004 0.000 0.002 -0.004 0.000 0.000 -0.003 0.003 -0.006 0.006 -0.003 -0.004 -0.002 -0.001 0.004 -0.005 0.003 0.001 -0.002 0.002 -0.006 -0.002 0.002 -0.003 -0.001 -0.003 -0.002 -0.001 -0.000 -0.002 -0.001 -0.001 -0.000 -0.001 -0.001 -0.001 -0.001 -0.001 -0.002 -0.001
-0.010 -0.004 -0.009 -0.008 -0.004 -0.004 -0.008 -0.008 -0.005 -0.005 -0.002 -0.003 -0.005 -0.006 0.004 -0.012 0.000 0.000 -0.011 0.003 -0.006 0.000 -0.001 -0.004 -0.005 -0.002 0.002 -0.005 -0.003 -0.002 0.000 -0.004 0.004 -0.005 -0.003 0.002 -0.004 0.000 -0.000 -0.005 0.003 -0.004 0.007 -0.012 0.005 -0.004 -0.001 0.001 -0.002 -0.003 0.000 0.005 -0.011 0.001 0.000 -0.003 0.001 -0.003 -0.004 -0.000 -0.003 0.001 -0.001 -0.003 -0.001 -0.001 -0.001 -0.000 -0.001 -0.001 -0.001 -0.001 -0.002 -0.001 -0.000 -0.001
-0.000 -0.009 -0.008 -0.004 -0.006 -0.004 -0.010 -0.006 -0.003 -0.006 -0.007 -0.006 -0.001 -0.008 -0.001 -0.002 -0.005 -0.003 -0.004 -0.001 -0.007 0.001 -0.006 -0.005 0.000 -0.003 0.001 -0.004 -0.001 -0.004 -0.001 -0.001 -0.008 0.002 0.001 -0.003 0.000 0.002 -0.004 -0.001 -0.001 0.000 -0.006 0.001 0.000 -0.005 0.005 -0.009 -0.001 0.007 -0.008 -0.001 0.003 -0.002 -0.003 0.002 -0.009 -0.001 0.003 -0.004 -0.001 -0.002 -0.004 -0.000 -0.001 -0.007 0.004 -0.003 -0.002 -0.001 -0.002 -0.003 -0.001 -0.001 -0.003 0.000
-0.007 -0.003 -0.012 -0.002 -0.010 -0.009 -0.004 -0.004 -0.005 -0.004 -0.009 0.005 -0.012 -0.002 -0.006 -0.003 -0.000 -0.013 0.008 -0.009 -0.004 0.000 -0.005 -0.004 -0.001 -0.004 -0.003 -0.004 0.000 -0.003 -0.002 -0.002 0.000 -0.002 -0.004 -0.002 -0.004 -0.001 -0.002 0.002 -0.007 -0.001 -0.001 0.002 -0.007 0.005 -0.012 0.007 0.000 -0.001 -0.005 -0.003 -0.000 -0.003 0.002 -0.005 -0.002 0.002 -0.003 -0.005 -0.001 -0.004 -0.001 -0.003 0.000 -0.000 -0.003 -0.000 -0.002 -0.003 -0.001 -0.002 -0.001 -0.001 -0.002 -0.001
-0.009 -0.011 0.004 -0.011 -0.008 -0.004 -0.009 -0.004 -0.006 -0.004 -0.002 -0.010 -0.002 -0.007 -0.001 -0.006 -0.005 -0.001 -0.006 -0.005 0.003 -0.008 -0.001 0.002 -0.007 -0.007 0.003 -0.006 0.001 -0.009 0.003 -0.008 0.002 -0.002 -0.001 -0.004 0.004 -0.003 -0.009 0.008 -0.005 -0.004 -0.001 -0.001 0.002 -0.008 0.005 -0.001 -0.007 0.001 -0.006 0.003 -0.006 -0.004 0.004 -0.005 0.001 -0.001 -0.010 0.002 0.001 -0.003 -0.002 -0.001 -0.005 -0.001 -0.001 -0.003 -0.003 -0.001 0.000 -0.002 -0.002 -0.004 -0.000 -0.003
-0.008 -0.014 0.002 -0.005 -0.008 -0.006 -0.005 -0.010 -0.002 -0.009 -0.003 -0.005 -0.006 -0.001 -0.003 -0.007 -0.007 -0.002 -0.001 -0.006 -0.003 -0.004 -0.001 -0.008 -0.000 -0.004 -0.003 0.001 -0.004 -0.004 -0.005 0.004 -0.003 -0.005 -0.006 0.000 -0.004 0.002 -0.006 -0.002 0.001 0.001 -0.008 0.004 -0.008 0.003 -0.006 0.001 -0.002 -0.008 0.005 -0.005 -0.001 -0.000 0.001 -0.008 -0.005 0.002 0.001 -0.003 -0.003 -0.006 0.000 -0.001 -0.004 0.000 -0.005 -0.000 -0.002 -0.004 -0.002 -0.004 -0.002 -0.002 -0.001 -0.002
-0.008 -0.008 -0.006 -0.009 -0.007 -0.006 -0.005 -0.002 -0.009 -0.006 -0.003 -0.008 0.000 -0.011 -0.000 -0.005 -0.002 -0.009 -0.001 -0.008 -0.001 -0.000 -0.008 -0.002 -0.004 -0.003 -0.002 -0.008 0.001 -0.004 -0.002 -0.005 -0.007 0.003 -0.004 0.004 -0.009 -0.004 0.002 0.003 -0.011 0.001 -0.003 0.000 0.001 -0.011 0.009 -0.009 -0.003 0.005 -0.009 -0.004 -0.000 0.002 -0.012 0.006 -0.005 -0.006 0.000 -0.006 0.000 -0.004 -0.002 -0.002 -0.002 -0.002 -0.002 -0.004 -0.002 -0.002 -0.001 -0.001 -0.002 -0.000 -0.003 -0.001
-0.016 -0.004 -0.003 -0.005 -0.009 -0.006 -0.009 -0.003 -0.011 -0.003 -0.003 -0.003 -0.013 0.002 -0.007 -0.005 -0.005 -0.002 -0.005 -0.002 -0.005 -0.003 -0.008 -0.002 -0.005 -0.005 -0.002 0.001 -0.007 -0.002 -0.007 0.003 -0.004 -0.004 -0.003 -0.006 0.003 -0.002 -0.003 -0.005 -0.002 -0.001 0.002 -0.007 -0.002 -0.003 -0.000 -0.002 -0.001 -0.007 0.004 -0.014 0.007 -0.007 0.003 -0.006 -0.002 -0.002 -0.006 -0.002 0.000 -0.005 -0.001 -0.006 0.002 -0.005 -0.004 -0.001 -0.002 -0.003 -0.001 -0.001 -0.001 -0.002 -0.001 -0.000
-0.007 -0.003 -0.014 -0.001 -0.013 -0.010 0.003 -0.010 -0.007 -0.011 -0.001 -0.009 0.003 -0.009 -0.002 -0.010 -0.001 -0.006 -0.009 0.004 -0.014 -0.000 -0.003 -0.003 -0.004 -0.004 -0.006 -0.004 -0.002 -0.005 0.001 -0.006 -0.004 -0.001 -0.007 0.002 -0.004 -0.002 -0.004 0.005 -0.007 -0.007 0.003 -0.012 0.007 -0.006 -0.005 0.006 -0.008 -0.002 -0.008 0.006 -0.006 -0.001 -0.006 -0.004 -0.001 -0.000 -0.006 0.004 -0.009 0.000 -0.002 -0.001 -0.005 -0.004 0.000 -0.003 -0.003 -0.001 -0.001 -0.003 -0.004 -0.002 -0.002 -0.004
-0.005 -0.012 -0.006 -0.010 -0.003 -0.011 -0.004 -0.008 -0.005 -0.004 -0.006 -0.007 -0.008 0.000 -0.012 0.002 -0.009 -0.003 -0.006 -0.005 -0.002 -0.012 0.006 -0.010 -0.001 -0.006 -0.004 -0.005 -0.003 -0.001 -0.006 -0.001 -0.003 -0.003 -0.002 -0.003 -0.002 -0.004 0.001 -0.011 0.006 -0.007 -0.003 0.004 -0.008 -0.002 0.001 -0.005 -0.006 0.001 -0.003 -0.001 -0.012 0.006 -0.003 -0.007 0.006 -0.009 0.000 -0.007 0.001 -0.001 -0.004 -0.004 0.002 -0.004 -0.003 -0.000 -0.003 -0.002 -0.002 -0.001 -0.001 -0.001 -0.002 -0.003
-0.008 -0.008 -0.008 -0.005 -0.005 -0.010 -0.007 -0.006 -0.007 -0.002 -0.003 -0.007 -0.005 -0.007 -0.005 -0.006 -0.001 -0.010 -0.003 -0.003 -0.003 -0.003 -0.008 -0.005 -0.005 0.001 -0.008 -0.001 -0.003 -0.004 -0.010 0.001 -0.008 0.000 -0.000 -0.006 -0.003 0.001 -0.006 -0.002 -0.002 -0.002 -0.004 -0.003 0.001 -0.005 0.001 -0.009 -0.006 -0.000 -0.001 -0.004 -0.002 -0.005 0.001 -0.008 0.003 -0.007 -0.001 -0.003 -0.001 -0.005 -0.001 -0.004 0.002 -0.005 -0.000 -0.001 -0.002 -0.000 -0.001 -0.001 -0.001 -0.003 -0.001 -0.002
-0.004 -0.016 -0.005 -0.011 -0.004 -0.008 -0.005 -0.007 -0.005 -0.010 -0.007 -0.004 -0.007 -0.002 -0.005 -0.004 -0.008 -0.004 -0.002 -0.003 -0.008 -0.005 -0.007 0.001 -0.005 -0.007 -0.000 -0.004 -0.005 -0.003 -0.005 0.002 -0.009 -0.008 0.001 -0.002 -0.005 -0.004 -0.003 -0.003 0.000 -0.003 -0.002 -0.005 -0.007 -0.001 -0.008 0.002 0.004 -0.010 -0.005 0.003 -0.004 -0.007 0.002 -0.007 -0.003 0.001 -0.004 -0.004 0.001 -0.004 -0.001 -0.004 -0.000 -0.002 -0.003 -0.004 -0.000 -0.004 -0.000 -0.002 -0.001 -0.001 -0.000 -0.002
-0.012 -0.006 -0.001 -0.012 -0.005 -0.012 -0.004 -0.007 -0.005 -0.004 -0.006 -0.010 -0.001 -0.004 -0.012 -0.003 -0.006 0.001 -0.015 -0.004 -0.004 -0.001 -0.007 -0.007 0.001 -0.006 -0.005 -0.010 0.002 -0.003 -0.010 -0.001 0.000 -0.003 -0.009 -0.000 -0.003 -0.005 -0.003 -0.004 -0.000 -0.003 -0.007 0.001 -0.004 -0.009 0.007 -0.010 -0.013 0.006 -0.000 -0.006 0.002 -0.005 -0.007 0.001 -0.004 -0.003 -0.003 0.001 -0.004 -0.002 -0.001 -0.002 -0.002 -0.001 -0.002 -0.001 -0.003 -0.004 -0.002 -0.003 -0.003 -0.000 -0.004 -0.003
-0.008 -0.008 -0.010 -0.008 -0.003 -0.008 -0.006 -0.007 -0.008 -0.007 -0.001 -0.008 -0.008 -0.003 -0.012 0.005 -0.012 -0.006 -0.002 -0.006 -0.006 -0.005 -0.007 -0.001 -0.012 0.003 -0.008 -0.004 -0.002 -0.005 -0.004 -0.005 -0.003 -0.007 -0.003 -0.001 -0.005 -0.007 0.003 -0.009 -0.000 -0.007 -0.003 -0.005 0.004 -0.007 -0.005 -0.001 0.000 -0.005 -0.006 -0.001 -0.003 -0.009 0.000 -0.001 -0.003 -0.004 -0.003 -0.002 -0.001 -0.006 0.001 -0.002 -0.002 0.000 -0.002 -0.001 -0.001 -0.000 -0.002 -0.002 -0.001 -0.002 -0.002 -0.003
-0.006 -0.011 -0.007 -0.007 -0.012 -0.000 -0.008 -0.009 -0.005 -0.004 -0.008 -0.004 -0.007 -0.003 -0.008 -0.007 -0.007 0.001 -0.012 0.000 -0.010 -0.003 -0.005 -0.008 -0.001 -0.008 -0.002 -0.005 -0.003 -0.007 -0.003 -0.006 -0.005 -0.004 -0.003 0.000 -0.010 -0.003 0.001 -0.006 -0.007 0.007 -0.012 -0.002 -0.006 0.002 -0.012 0.001 -0.005 -0.007 0.002 -0.004 0.001 -0.009 -0.003 -0.000 -0.004 -0.002 -0.003 -0.002 -0.005 0.002 -0.004 -0.003 -0.000 -0.003 -0.001 -0.003 -0.001 -0.002 -0.002 -0.001 -0.001 -0.002 -0.001 -0.002
-0.001 -0.013 -0.009 -0.004 -0.007 -0.010 -0.006 -0.008 -0.005 -0.009 -0.003 -0.008 -0.006 -0.006 -0.007 -0.004 -0.007 -0.004 -0.005 -0.008 -0.003 -0.004 -0.013 0.004 -0.011 -0.003 -0.004 -0.004 -0.005 -0.005 -0.008 -0.004 -0.002 -0.003 -0.004 -0.006 0.005 -0.013 0.001 -0.006 -0.001 -0.007 -0.001 -0.010 0.001 -0.005 -0.003 -0.005 -0.002 -0.006 -0.003 0.002 -0.011 0.000 -0.007 0.001 -0.003 -0.004 -0.000 -0.001 -0.004 0.000 -0.002 -0.002 -0.001 -0.002 -0.000 -0.002 -0.001 -0.002 -0.001 -0.002 -0.001 -0.001 -0.003 0.000
-0.004 -0.008 -0.010 -0.007 -0.008 -0.005 -0.008 -0.007 -0.008 -0.005 -0.004 -0.009 -0.008 -0.006 -0.003 -0.005 -0.005 -0.009 -0.011 0.000 -0.006 -0.007 -0.004 -0.005 -0.003 -0.008 -0.001 -0.010 -0.001 -0.005 -0.006 -0.000 -0.006 -0.004 -0.007 -0.003 -0.003 -0.006 0.002 -0.008 -0.005 -0.004 -0.003 0.002 -0.011 -0.007 -0.004 0.002 -0.005 -0.005 -0.008 0.001 -0.010 0.004 -0.007 -0.004 -0.000 -0.003 -0.003 -0.002 -0.000 -0.001 -0.000 -0.001 -0.002 0.000 -0.003 -0.001 -0.001 -0.002 -0.002 -0.001 -0.001 -0.001 -0.002 -0.002
-0.013 -0.005 -0.008 -0.006 -0.008 -0.003 -0.012 -0.004 -0.008 -0.009 -0.001 -0.007 -0.009 -0.004 -0.011 -0.010 0.001 -0.003 -0.010 -0.004 -0.007 -0.005 -0.008 -0.005 -0.002 -0.010 -0.006 -0.005 -0.002 -0.009 -0.000 -0.007 -0.003 -0.006 -0.004 -0.001 -0.006 -0.003 -0.001 -0.010 -0.003 -0.006 -0.004 -0.003 -0.005 -0.005 -0.007 0.002 -0.009 -0.003 -0.003 -0.005 -0.001 -0.005 0.000 -0.004 -0.004 -0.002 -0.003 -0.002 -0.002 -0.003 -0.001 -0.001 -0.001 -0.001 -0.001 -0.002 -0.002 -0.001 -0.001 -0.003 -0.003 -0.000 -0.005 -0.001
-0.016 -0.002 -0.012 -0.010 -0.004 -0.009 -0.004 -0.009 -0.005 -0.006 -0.007 -0.007 -0.010 -0.002 -0.007 -0.011 -0.002 -0.008 -0.002 -0.012 -0.004 -0.008 0.001 -0.014 -0.000 -0.007 -0.005 -0.005 -0.003 -0.008 -0.003 -0.007 -0.000 -0.008 -0.001 -0.008 -0.002 -0.007 -0.004 -0.005 -0.002 -0.003 -0.004 -0.009 -0.001 -0.002 0.000 -0.012 -0.003 -0.009 -0.006 0.001 -0.003 -0.000 -0.006 -0.002 -0.002 -0.006 -0.001 -0.003 -0.000 -0.003 -0.001 -0.001 -0.002 -0.002 0.000 -0.002 -0.002 -0.002 -0.001 -0.002 -0.003 -0.001 -0.001 -0.001
-0.000 -0.018 0.001 -0.009 -0.008 -0.012 -0.005 -0.008 -0.004 -0.008 -0.010 -0.006 -0.006 -0.006 -0.008 -0.002 -0.012 -0.006 -0.006 -0.004 -0.012 -0.001 -0.005 -0.008 -0.003 -0.006 -0.005 -0.008 -0.006 -0.004 -0.006 -0.003 -0.005 -0.005 -0.003 -0.004 -0.007 -0.000 -0.008 -0.004 -0.001 -0.009 0.002 -0.016 0.005 -0.010 -0.002 -0.006 -0.007 0.001 -0.003 -0.003 -0.011 -0.002 -0.002 -0.002 -0.005 -0.000 -0.002 -0.005 -0.002 -0.002 -0.005 -0.001 -0.001 -0.003 -0.002 -0.003 -0.003 -0.001 -0.002 -0.001 -0.000 -0.003 -0.002 -0.001
-0.010 -0.002 -0.013 -0.006 -0.012 -0.001 -0.013 -0.005 -0.011 -0.003 -0.008 -0.003 -0.008 -0.009 -0.008 -0.002 -0.011 -0.004 -0.006 -0.005 -0.008 -0.005 -0.005 -0.008 -0.004 -0.011 -0.002 -0.008 0.002 -0.009 0.001 -0.009 -0.007 -0.006 -0.006 0.002 -0.008 -0.005 -0.004 -0.003 -0.008 -0.002 -0.007 -0.000 -0.005 -0.008 -0.004 0.003 -0.011 -0.006 -0.001 -0.006 -0.005 0.001 -0.006 -0.004 -0.002 -0.005 -0.003 -0.001 -0.005 -0.000 -0.004 -0.004 -0.003 -0.004 -0.002 -0.001 -0.003 -0.002 -0.003 -0.001 -0.005 -0.001 -0.003 -0.000
