Data/res-0210.Qx
ncols         434
nrows         491
xllcorner     1194547.500000
yllcorner     -584471.000000
cellsize      25.000000
NODATA_value  -9999.000000
[rows 272 to 305 of 491, columns 228 to 303 of 434]
0.038 0.025 0.022 0.044 0.011 0.015 0.063 0.057 0.052 0.060 0.130 0.160 0.175 0.227 0.293 0.310 0.306 0.169 0.152 0.138 0.102 0.085 0.068 0.062 0.060 0.057 0.055 0.070 0.068 0.072 0.105 0.084 0.058 0.029 0.030 0.024 0.020 0.021 0.027 0.027 0.025 0.024 0.021 0.033 0.034 0.026 0.023 0.028 0.059 0.009 0.013 0.016 0.015 0.014 0.012 0.013 0.013 0.025 0.018 0.021 0.034 0.025 0.023 0.017 0.004 0.007 0.004 0.006 0.001 0.001 0.001 -0.002 0.003 -0.004 -0.002 -0.002
0.034 0.032 0.029 0.032 0.041 0.067 0.023 0.011 0.047 0.051 0.066 0.100 0.083 0.071 0.085 0.073 0.091 0.246 0.273 0.222 0.103 0.087 0.096 0.102 0.091 0.088 0.081 0.057 0.051 0.044 0.043 0.044 0.046 0.051 0.040 0.035 0.036 0.036 0.025 0.020 0.039 0.035 0.030 0.021 0.019 0.013 0.012 0.013 0.010 0.048 0.005 0.006 0.023 0.041 0.020 0.013 0.014 0.038 0.056 0.030 0.028 0.032 0.014 0.009 0.005 0.004 0.003 0.006 0.001 0.002 0.002 -0.001 -0.000 -0.000 -0.004 0.001
0.116 0.087 0.079 0.066 0.038 0.000 0.000 0.028 0.054 0.046 0.043 0.006 0.008 0.027 0.022 0.022 0.017 0.018 0.022 0.095 0.226 0.192 0.108 0.088 0.075 0.059 0.041 0.034 0.035 0.046 0.046 0.042 0.039 0.035 0.041 0.035 0.034 0.036 0.043 0.065 0.039 0.036 0.036 0.014 0.011 0.006 0.008 0.010 0.015 0.045 0.010 0.013 0.021 0.014 0.023 0.024 0.017 0.018 0.017 0.039 0.041 0.025 0.013 0.009 0.007 0.003 0.004 0.001 0.002 0.002 -0.001 0.002 -0.004 0.003 -0.003 -0.004
0.424 0.155 0.016 0.016 0.040 0.006 0.005 0.049 0.069 0.118 0.099 0.051 0.034 0.022 0.025 0.024 0.033 0.040 0.040 0.043 0.048 0.097 0.199 0.158 0.057 0.057 0.051 0.048 0.041 0.034 0.031 0.036 0.037 0.038 0.026 0.025 0.037 0.048 0.045 0.018 0.017 0.017 0.035 0.056 0.035 0.054 0.030 0.014 0.009 0.003 0.029 0.020 0.017 0.018 0.038 0.020 0.017 0.017 0.017 0.019 0.016 0.010 0.010 0.007 0.004 0.005 0.003 0.004 0.001 0.002 -0.002 0.001 -0.003 -0.004 -0.005 -0.001
0.026 0.039 0.110 0.087 0.053 0.070 0.160 0.101 0.114 0.082 0.034 0.048 0.083 0.089 0.039 0.030 0.050 0.085 0.088 0.062 0.060 0.042 0.037 0.064 0.097 0.073 0.037 0.050 0.052 0.056 0.038 0.035 0.038 0.037 0.037 0.043 0.036 0.028 0.018 0.017 0.021 0.024 0.006 0.006 0.001 0.001 0.021 0.021 0.026 0.028 0.043 0.017 0.012 0.019 0.028 0.040 0.034 0.029 0.021 0.015 0.009 0.005 0.006 0.004 0.005 -0.000 0.003 0.002 0.004 -0.002 -0.001 -0.003 -0.004 -0.003 -0.007 -0.002
0.059 0.260 0.167 0.060 0.064 0.090 0.000 0.000 0.011 0.010 0.054 0.061 0.064 0.051 0.048 0.063 0.075 0.076 0.069 0.094 0.076 0.026 0.026 0.043 0.090 0.111 0.086 0.077 0.039 0.041 0.053 0.047 0.041 0.039 0.054 0.049 0.047 0.032 0.037 0.036 0.024 0.020 0.000 0.000 0.034 0.011 0.011 0.016 0.006 0.003 0.020 0.033 0.010 0.009 0.008 0.020 0.018 0.016 0.011 0.010 0.001 0.001 -0.000 -0.000 0.003 0.003 -0.000 0.000 -0.000 0.001 -0.006 -0.003 -0.005 -0.007 -0.006 -0.012
0.115 0.312 0.493 0.239 0.048 0.000 0.000 0.037 0.028 0.029 0.070 0.077 0.037 0.040 0.025 0.014 0.056 0.010 0.009 0.005 0.024 0.035 0.037 0.038 0.057 0.057 0.135 0.153 0.130 0.123 0.133 0.132 0.111 0.105 0.120 0.112 0.043 0.040 0.029 0.023 0.027 0.026 0.044 0.044 0.035 0.024 0.017 0.011 0.017 0.015 0.028 0.027 0.041 0.020 0.012 0.014 0.017 0.014 0.012 -0.005 -0.006 -0.003 -0.000 -0.000 -0.001 0.000 0.000 0.002 -0.003 -0.004 -0.005 -0.009 -0.006 -0.011 -0.010 -0.008
0.139 0.105 0.098 0.142 0.017 0.048 0.039 0.113 0.071 0.073 0.073 0.058 0.000 0.000 0.043 0.101 0.000 0.000 0.002 0.022 0.027 0.072 0.071 0.050 0.045 0.051 0.052 0.050 0.101 0.065 0.056 0.052 0.059 0.061 0.027 0.018 0.031 0.024 0.022 0.005 0.005 0.003 0.004 0.007 0.012 0.015 0.019 0.026 0.033 0.029 0.022 0.026 0.023 0.021 0.021 0.018 0.018 0.009 0.000 -0.002 -0.004 -0.003 -0.000 -0.003 0.002 0.001 -0.004 0.001 -0.006 -0.002 -0.006 -0.008 -0.012 -0.007 -0.014 -0.010
0.110 0.034 0.013 0.297 0.193 0.179 0.214 0.107 0.122 0.099 0.058 0.062 0.032 0.032 0.078 0.012 0.006 0.005 0.064 0.057 0.041 0.056 0.050 0.065 0.054 0.055 0.052 0.051 0.061 0.036 0.037 0.043 0.041 0.026 0.026 0.031 0.057 0.008 0.008 0.026 0.018 0.010 0.010 0.007 0.002 0.011 0.014 0.004 0.005 0.015 0.018 0.018 0.021 0.042 0.034 0.023 0.016 0.007 0.004 -0.001 -0.001 0.003 -0.004 -0.003 -0.000 -0.002 -0.001 -0.003 -0.003 -0.007 -0.008 -0.006 -0.011 -0.009 -0.015 -0.013
0.031 0.039 0.035 0.090 0.511 0.579 0.551 0.196 0.087 0.075 0.017 0.020 0.158 0.186 0.063 0.031 0.012 0.010 0.042 0.041 0.029 0.035 0.046 0.075 0.076 0.073 0.054 0.040 0.032 0.034 0.031 0.031 0.035 0.043 0.017 0.013 0.008 0.039 0.004 0.008 0.006 0.009 0.002 0.003 0.008 0.026 0.025 0.042 0.032 0.024 0.044 0.026 0.025 0.024 0.030 0.021 0.015 0.008 0.005 0.003 -0.000 -0.001 0.001 0.002 -0.004 -0.003 -0.002 -0.005 -0.005 -0.006 -0.006 -0.013 -0.010 -0.013 -0.008 -0.015
0.000 0.000 0.027 0.040 0.108 0.045 0.018 0.355 0.376 0.212 0.210 0.197 0.153 0.179 0.240 0.135 0.179 0.189 0.071 0.053 0.067 0.076 0.083 0.055 0.066 0.065 0.054 0.042 0.034 0.049 0.043 0.032 0.020 0.018 0.036 0.023 0.024 0.036 0.000 0.000 0.010 0.007 0.003 0.003 0.018 0.022 0.024 0.021 0.022 0.009 0.006 0.025 0.025 0.023 0.015 0.017 0.010 0.008 0.004 0.004 0.003 -0.001 -0.003 0.001 -0.003 -0.002 -0.003 -0.003 -0.009 -0.006 -0.010 -0.006 -0.016 -0.011 -0.015 -0.015
0.032 0.000 0.000 0.047 0.073 0.095 0.031 0.030 0.039 0.087 0.126 0.084 0.073 0.003 0.002 0.122 0.096 0.088 0.051 0.037 0.049 0.026 0.021 0.040 0.049 0.049 0.063 0.042 0.030 0.033 0.031 0.031 0.020 0.023 0.027 0.016 0.020 0.028 0.097 0.106 0.067 0.022 0.023 0.029 0.013 0.013 0.021 0.027 0.030 0.042 0.043 0.045 0.029 0.023 0.014 0.009 0.010 0.009 0.004 0.004 -0.000 -0.002 0.001 -0.004 -0.002 -0.001 -0.006 -0.005 -0.006 -0.006 -0.012 -0.013 -0.010 -0.013 -0.013 -0.009
0.111 0.194 0.194 0.129 0.039 0.019 0.002 0.007 0.005 0.051 0.051 0.018 0.010 0.000 0.000 0.017 0.012 0.005 0.039 0.053 0.050 0.050 0.058 0.058 0.050 0.040 0.054 0.055 0.034 0.041 0.031 0.027 0.033 0.023 0.021 0.027 0.027 0.037 0.048 0.054 0.093 0.147 0.100 0.001 0.001 0.007 0.010 0.018 0.025 0.027 0.015 0.015 0.023 0.017 0.010 0.009 0.008 0.007 0.001 0.003 0.002 -0.001 -0.001 -0.001 -0.004 -0.002 -0.003 -0.009 -0.006 -0.011 -0.011 -0.012 -0.012 -0.012 -0.010 -0.011
0.052 0.001 0.001 0.011 0.021 0.024 0.094 0.039 0.033 0.102 0.117 0.179 0.030 0.039 0.032 0.011 0.015 0.022 0.043 0.042 0.039 0.049 0.041 0.031 0.026 0.023 0.024 0.040 0.046 0.046 0.048 0.031 0.032 0.036 0.041 0.061 0.045 0.021 0.017 0.000 0.000 0.000 0.055 0.095 0.024 0.016 0.012 0.024 0.020 0.014 0.018 0.023 0.022 0.015 0.010 0.008 0.008 0.002 0.006 0.001 -0.000 0.003 -0.002 -0.002 -0.004 -0.003 -0.005 -0.008 -0.007 -0.011 -0.011 -0.011 -0.011 -0.011 -0.012 -0.010
0.047 0.053 0.053 0.048 0.045 0.050 0.052 0.023 0.019 0.028 0.043 0.071 0.131 0.037 0.043 0.063 0.049 0.019 0.020 0.021 0.034 0.021 0.024 0.035 0.031 0.046 0.045 0.053 0.047 0.040 0.039 0.036 0.045 0.025 0.020 0.022 0.046 0.041 0.036 0.020 0.016 0.014 0.012 0.045 0.115 0.113 0.109 0.009 0.009 0.019 0.017 0.013 0.012 0.013 0.008 0.007 0.004 0.005 0.004 0.004 -0.005 0.000 0.001 -0.003 -0.003 -0.007 -0.005 -0.007 -0.009 -0.012 -0.009 -0.011 -0.012 -0.012 -0.009 -0.011
0.037 0.030 0.009 0.008 0.026 0.042 0.079 0.077 0.070 0.009 0.001 0.000 0.050 0.072 0.035 0.040 0.050 0.017 0.023 0.035 0.056 0.078 0.042 0.035 0.048 0.053 0.052 0.036 0.060 0.052 0.052 0.061 0.052 0.038 0.038 0.047 0.046 0.010 0.009 0.021 0.025 0.007 0.007 0.027 0.027 0.015 0.008 0.067 0.067 0.050 0.019 0.013 0.011 0.006 0.009 0.005 0.005 0.002 0.001 0.002 0.002 0.001 -0.004 -0.002 -0.004 -0.002 -0.011 -0.010 -0.006 -0.012 -0.008 -0.011 -0.012 -0.012 -0.007 -0.017
0.000 0.000 0.020 0.021 0.008 0.007 0.001 0.045 0.138 0.112 0.077 0.053 0.093 0.142 0.149 0.133 0.158 0.191 0.192 0.185 0.173 0.100 0.079 0.060 0.051 0.038 0.035 0.024 0.023 0.023 0.026 0.026 0.019 0.031 0.027 0.012 0.010 0.066 0.003 0.000 0.000 0.002 0.003 0.001 0.001 0.017 0.026 0.025 0.016 0.015 0.026 0.013 0.010 0.004 0.009 0.004 0.007 0.002 0.002 0.001 -0.000 0.001 -0.006 0.001 -0.007 -0.004 -0.008 -0.004 -0.012 -0.006 -0.013 -0.008 -0.011 -0.012 -0.011 -0.015
0.007 0.004 0.000 0.000 0.001 0.001 -0.007 0.001 0.001 0.110 0.105 0.084 0.058 0.042 0.066 0.058 0.044 0.043 0.042 0.045 0.045 0.120 0.070 0.038 0.022 0.017 0.013 0.026 0.018 0.021 0.026 0.028 0.005 0.011 0.008 0.006 0.003 0.001 0.001 0.008 0.006 0.015 0.016 0.023 0.032 0.017 0.014 0.025 0.018 0.014 0.015 0.011 0.010 0.008 0.007 0.008 0.002 0.004 0.003 0.004 -0.003 -0.002 -0.002 -0.006 -0.005 -0.006 -0.005 -0.006 -0.010 -0.009 -0.009 -0.010 -0.012 -0.012 -0.008 -0.015
0.059 0.039 0.063 0.065 0.059 0.030 0.020 0.030 0.009 0.006 0.031 0.035 0.025 0.005 0.006 0.003 0.002 0.013 0.016 0.015 0.011 0.006 0.049 0.051 0.052 0.037 0.024 0.031 0.024 0.040 0.030 0.023 0.009 0.025 0.013 0.022 0.019 0.013 0.063 0.036 0.029 0.025 0.026 0.060 0.045 0.038 0.027 0.021 0.019 0.017 0.011 0.011 0.009 0.009 0.007 0.008 0.005 0.004 0.002 -0.001 0.001 -0.000 -0.006 -0.006 -0.001 -0.005 -0.006 -0.008 -0.007 -0.007 -0.009 -0.014 -0.008 -0.011 -0.014 -0.011
0.004 0.036 0.018 0.012 0.044 0.081 0.104 0.057 0.062 0.052 0.060 0.094 0.083 0.057 0.041 0.013 0.014 0.045 0.014 0.014 0.019 0.030 0.068 0.020 0.035 0.025 0.029 0.025 0.040 0.029 0.034 0.027 0.057 0.036 0.042 0.033 0.034 0.040 0.049 0.071 0.081 0.091 0.083 0.039 0.029 0.033 0.031 0.030 0.026 0.021 0.015 0.015 0.010 0.009 0.010 0.005 0.004 0.002 0.005 -0.002 0.002 -0.004 -0.003 -0.001 -0.006 -0.006 -0.008 -0.005 -0.011 -0.008 -0.010 -0.010 -0.007 -0.015 -0.010 -0.010
0.043 0.033 0.032 0.044 0.035 0.030 0.034 0.100 0.106 0.099 0.013 0.011 0.055 0.083 0.083 0.092 0.071 0.046 0.059 0.055 0.060 0.052 0.039 0.085 0.065 0.033 0.021 0.030 0.037 0.041 0.039 0.027 0.041 0.074 0.096 0.042 0.039 0.041 0.037 0.040 0.041 0.041 0.031 0.037 0.061 0.056 0.045 0.040 0.028 0.023 0.019 0.016 0.012 0.010 0.008 0.008 0.005 0.002 0.002 -0.001 -0.001 0.000 -0.006 -0.002 -0.004 -0.007 -0.007 -0.006 -0.008 -0.013 -0.009 -0.009 -0.013 -0.008 -0.011 -0.010
0.009 0.018 0.048 0.056 0.049 0.045 0.031 0.021 0.014 0.011 0.065 0.043 0.047 0.034 0.050 0.095 0.113 0.125 0.112 0.086 0.042 0.029 0.032 0.063 0.068 0.108 0.013 0.026 0.033 0.061 0.049 0.020 0.018 0.008 0.005 0.079 0.092 0.065 0.055 0.052 0.050 0.053 0.052 0.044 0.034 0.037 0.036 0.030 0.027 0.022 0.021 0.019 0.013 0.011 0.007 0.004 0.006 0.002 0.003 -0.003 -0.003 -0.003 -0.003 -0.002 -0.007 -0.004 -0.008 -0.006 -0.009 -0.011 -0.011 -0.011 -0.010 -0.014 -0.014 -0.012
0.079 0.054 0.021 0.005 0.004 0.010 0.021 0.028 0.042 0.037 0.054 0.049 0.057 0.127 0.050 0.017 0.013 0.008 0.017 0.022 0.031 0.033 0.034 0.033 0.035 0.028 0.095 0.057 0.031 0.028 0.025 0.025 0.009 0.017 0.017 0.023 0.024 0.051 0.027 0.019 0.014 0.016 0.034 0.035 0.029 0.026 0.036 0.026 0.029 0.020 0.018 0.017 0.015 0.011 0.007 0.007 0.000 0.003 0.001 -0.004 -0.003 -0.002 -0.005 -0.003 -0.004 -0.003 -0.011 -0.006 -0.011 -0.010 -0.013 -0.009 -0.018 -0.009 -0.016 -0.013
-0.008 0.000 0.000 0.000 0.000 0.000 0.000 0.016 0.012 0.030 0.051 0.083 0.106 0.109 0.064 0.040 0.033 0.028 0.036 0.043 0.062 0.055 0.059 0.041 0.043 0.041 0.067 0.101 0.089 0.054 0.035 0.074 0.065 0.064 0.085 0.075 0.077 0.078 0.073 0.074 0.060 0.046 0.037 0.033 0.023 0.026 0.034 0.031 0.027 0.020 0.018 0.015 0.011 0.012 0.003 0.010 0.002 0.000 -0.003 0.002 -0.006 -0.002 -0.002 -0.005 -0.005 -0.008 -0.009 -0.008 -0.016 -0.004 -0.015 -0.017 -0.007 -0.018 -0.016 -0.011
-0.003 0.000 0.000 0.000 0.006 0.002 0.002 0.009 0.030 0.039 0.056 0.045 0.037 0.023 0.109 0.108 0.084 0.062 0.047 0.035 0.027 0.032 0.025 0.029 0.028 0.031 0.042 0.037 0.070 0.037 0.036 0.051 0.075 0.034 0.020 0.013 0.001 0.000 0.014 0.013 0.012 0.016 0.016 0.016 0.022 0.036 0.039 0.028 0.026 0.018 0.015 0.015 0.012 0.009 0.005 0.005 0.002 -0.001 -0.000 -0.001 -0.007 -0.001 -0.005 -0.005 -0.007 -0.009 -0.007 -0.011 -0.013 -0.012 -0.010 -0.018 -0.012 -0.016 -0.014 -0.015
0.388 0.107 0.098 0.097 0.059 0.033 0.025 0.015 0.000 0.000 0.000 0.006 0.010 0.047 0.078 0.108 0.066 0.056 0.047 0.042 0.027 0.024 0.022 0.035 0.025 0.032 0.036 0.034 0.027 0.018 0.032 0.037 0.043 0.071 0.035 0.025 0.010 0.010 0.045 0.063 0.019 0.014 0.019 0.024 0.030 0.031 0.017 0.019 0.015 0.017 0.016 0.011 0.010 0.006 0.006 0.004 0.001 -0.001 -0.002 -0.007 0.002 -0.007 -0.002 -0.006 -0.007 -0.012 -0.007 -0.011 -0.013 -0.016 -0.013 -0.013 -0.015 -0.016 -0.017 -0.018
0.000 0.026 0.010 0.003 0.018 0.008 0.003 0.002 0.002 0.004 0.017 0.045 0.044 0.030 0.016 0.019 0.039 0.050 0.055 0.036 0.043 0.046 0.064 0.049 0.044 0.046 0.034 0.033 0.024 0.023 0.034 0.036 0.043 0.041 0.052 0.065 0.061 0.063 0.073 0.059 0.110 0.098 0.100 0.069 0.030 0.019 0.016 0.016 0.013 0.015 0.012 0.011 0.008 0.007 0.008 -0.002 0.000 0.000 -0.002 -0.004 -0.006 -0.004 -0.002 -0.012 -0.005 -0.011 -0.010 -0.013 -0.017 -0.009 -0.017 -0.020 -0.016 -0.016 -0.017 -0.017
0.000 0.005 0.026 0.002 0.010 0.027 0.026 0.022 0.030 0.048 0.044 0.019 0.007 0.006 0.021 0.030 0.034 0.031 0.035 0.061 0.063 0.034 0.026 0.032 0.042 0.038 0.037 0.035 0.033 0.056 0.059 0.057 0.039 0.042 0.018 0.016 0.035 0.045 0.036 0.025 0.017 0.001 0.001 0.018 0.036 0.026 0.021 0.017 0.016 0.014 0.012 0.012 0.005 0.006 0.003 0.003 -0.002 -0.006 -0.003 -0.001 -0.006 -0.007 -0.005 -0.005 -0.009 -0.012 -0.010 -0.018 -0.011 -0.020 -0.014 -0.015 -0.021 -0.020 -0.016 -0.021
-0.000 0.258 0.090 0.049 0.029 0.021 0.026 0.048 0.044 0.036 0.024 0.025 0.036 0.037 0.026 0.022 0.051 0.054 0.060 0.051 0.037 0.050 0.043 0.048 0.052 0.049 0.050 0.042 0.039 0.029 0.026 0.026 0.027 0.031 0.060 0.048 0.043 0.017 0.016 0.016 0.022 0.042 0.034 0.037 0.044 0.032 0.023 0.020 0.021 0.016 0.011 0.010 0.010 0.001 0.000 0.005 -0.003 -0.006 -0.001 -0.005 -0.005 -0.007 -0.009 -0.006 -0.011 -0.015 -0.012 -0.013 -0.017 -0.017 -0.017 -0.019 -0.018 -0.021 -0.019 -0.020
0.000 0.000 0.125 0.161 0.168 0.048 0.051 0.032 0.026 0.011 0.014 0.019 0.022 0.016 0.017 0.029 0.043 0.035 0.039 0.049 0.042 0.049 0.035 0.029 0.026 0.034 0.045 0.053 0.066 0.038 0.056 0.052 0.052 0.042 0.042 0.030 0.026 0.008 0.010 0.045 0.045 0.046 0.033 0.041 0.029 0.025 0.024 0.020 0.018 0.019 0.011 0.010 0.011 0.001 0.003 -0.002 -0.002 -0.001 -0.009 -0.001 -0.010 -0.007 -0.003 -0.013 -0.008 -0.016 -0.015 -0.015 -0.017 -0.015 -0.024 -0.019 -0.019 -0.018 -0.025 -0.017
0.000 0.000 0.017 0.046 0.066 0.213 0.011 0.018 0.026 0.025 0.003 0.003 0.003 0.013 0.018 0.020 0.020 0.022 0.021 0.020 0.027 0.027 0.032 0.038 0.044 0.064 0.050 0.047 0.051 0.096 0.078 0.041 0.045 0.042 0.037 0.035 0.038 0.056 0.048 0.032 0.037 0.032 0.034 0.023 0.024 0.022 0.024 0.017 0.019 0.018 0.014 0.011 0.007 0.004 0.003 -0.005 -0.003 -0.003 -0.005 -0.005 -0.005 -0.009 -0.010 -0.011 -0.015 -0.009 -0.018 -0.017 -0.018 -0.017 -0.023 -0.019 -0.019 -0.021 -0.025 -0.019
0.000 0.000 0.004 0.003 0.003 0.000 0.153 0.101 0.059 0.063 0.084 0.028 0.011 0.008 0.022 0.033 0.030 0.035 0.032 0.030 0.032 0.036 0.042 0.040 0.033 0.027 0.037 0.040 0.037 0.057 0.070 0.032 0.041 0.051 0.049 0.057 0.031 0.029 0.014 0.011 0.012 0.022 0.026 0.025 0.029 0.026 0.021 0.019 0.021 0.018 0.012 0.010 0.008 0.001 0.001 -0.001 -0.005 -0.004 -0.005 -0.005 -0.009 -0.007 -0.013 -0.008 -0.015 -0.019 -0.012 -0.021 -0.020 -0.019 -0.019 -0.024 -0.024 -0.019 -0.024 -0.023
0.000 0.000 0.003 0.000 0.001 0.006 0.075 0.123 0.000 0.000 0.000 0.056 0.069 0.065 0.058 0.044 0.034 0.041 0.041 0.042 0.042 0.050 0.042 0.033 0.036 0.031 0.027 0.028 0.029 0.048 0.046 0.135 0.112 0.084 0.067 0.067 0.029 0.039 0.053 0.054 0.040 0.042 0.045 0.039 0.034 0.027 0.025 0.022 0.017 0.015 0.012 0.008 0.007 0.001 -0.000 -0.001 -0.007 -0.003 -0.006 -0.008 -0.010 -0.007 -0.011 -0.014 -0.014 -0.018 -0.019 -0.021 -0.019 -0.021 -0.027 -0.018 -0.028 -0.023 -0.027 -0.024
-0.001 -0.005 0.013 0.008 0.010 0.036 0.022 0.020 0.168 0.044 0.012 0.009 0.016 0.021 0.017 0.017 0.034 0.030 0.023 0.024 0.027 0.025 0.035 0.049 0.062 0.049 0.051 0.045 0.026 0.034 0.043 0.048 0.071 0.096 0.042 0.052 0.109 0.099 0.087 0.085 0.100 0.071 0.053 0.042 0.036 0.029 0.024 0.021 0.016 0.015 0.010 0.007 0.001 0.002 0.002 -0.005 -0.006 -0.005 -0.006 -0.010 -0.008 -0.011 -0.012 -0.018 -0.019 -0.016 -0.021 -0.023 -0.020 -0.027 -0.022 -0.026 -0.028 -0.022 -0.027 -0.025
