Data/res-0030.Qy
ncols         433
nrows         492
xllcorner     1194560.000000
yllcorner     -584483.500000
cellsize      25.000000
NODATA_value  -9999.000000
[rows 297 to 329 of 492, columns 76 to 151 of 433]
0.000 0.000 0.000 0.000 0.000 0.000 0.000 0.000 0.000 0.000 0.000 0.000 0.000 0.000 0.000 0.000 0.000 0.000 0.000 0.000 0.000 0.000 0.000 0.000 0.000 0.000 0.002 0.014 0.017 0.000 0.028 0.004 0.039 0.005 -0.060 -0.047 0.000 0.000 0.000 0.000 0.000 0.000 0.000 0.024 -0.010 0.001 0.158 0.071 -0.028 -0.163 -0.003 0.033 -0.013 0.000 0.107 0.052 0.008 0.045 0.000 0.229 0.082 0.084 0.037 0.000 0.000 0.008 0.000 0.000 0.004 0.000 0.026 0.116 0.095 0.155 0.087 0.141
0.000 0.000 0.000 0.000 0.000 0.000 0.000 0.000 0.000 0.000 0.000 0.000 0.000 0.000 0.000 0.000 0.000 0.000 0.000 0.000 0.000 0.000 0.000 0.000 0.000 0.000 0.002 0.000 0.031 0.000 0.052 0.025 0.038 0.006 0.000 -0.145 -0.006 0.000 0.000 0.000 0.000 0.000 0.006 0.055 0.213 0.054 0.000 -0.005 -0.008 0.003 0.007 0.007 0.000 -0.045 -0.084 0.014 0.032 0.033 0.000 0.392 0.000 0.018 0.022 0.000 0.008 0.000 0.000 0.010 0.012 0.021 0.024 0.159 0.124 0.077 0.070 0.438
0.000 0.000 0.000 0.000 0.000 0.000 0.000 0.000 0.000 0.000 0.000 0.000 0.000 0.000 0.000 0.000 0.000 0.000 0.000 0.000 0.000 0.000 0.000 0.000 0.000 0.000 0.002 0.000 0.044 0.018 0.033 0.035 0.009 0.009 0.000 0.000 0.002 0.000 0.000 -0.153 -0.000 0.000 0.004 0.062 0.234 0.027 0.000 0.004 0.000 0.000 0.000 0.000 0.000 0.000 0.045 -0.112 0.010 0.051 0.281 0.075 0.000 0.031 0.000 0.000 0.008 0.000 0.045 0.000 0.000 0.006 0.024 0.198 0.140 0.056 0.121 0.341
0.000 0.000 0.000 0.000 0.000 0.000 0.000 0.000 0.000 0.000 0.000 0.000 0.000 0.000 0.000 0.000 0.000 0.000 0.000 0.000 0.000 0.000 -0.000 -0.000 -0.000 -0.000 0.033 0.003 0.046 0.004 0.022 0.027 0.004 0.000 0.012 0.000 0.002 0.000 0.000 0.025 0.000 0.000 0.000 0.000 0.126 0.023 0.000 0.003 0.000 0.000 0.000 0.000 -0.000 0.000 0.179 0.002 0.017 0.007 0.088 0.057 0.000 0.031 0.000 0.000 0.053 0.000 0.000 0.000 0.000 0.006 0.048 0.165 0.260 0.023 0.193 0.118
0.000 0.000 0.000 0.000 0.000 0.000 0.000 0.000 0.000 0.000 0.000 0.000 0.000 0.000 0.000 0.000 0.000 0.000 0.000 0.000 0.000 0.000 0.001 0.000 0.000 0.018 0.013 0.006 0.042 0.007 0.003 0.004 0.043 0.000 0.019 0.008 0.012 0.000 -0.011 0.012 0.000 0.000 0.000 0.000 0.123 0.026 0.000 0.002 0.012 0.034 0.078 0.007 0.001 0.008 0.042 0.013 0.000 0.036 0.000 0.068 0.064 0.015 0.002 0.054 0.002 0.000 0.000 0.000 0.000 0.047 0.059 0.098 0.295 0.020 0.168 0.084
0.000 0.000 0.000 0.000 0.000 0.000 0.000 0.000 0.000 0.000 0.000 0.000 0.000 0.000 0.000 0.000 0.000 0.000 0.000 0.000 0.000 0.000 0.000 0.000 0.000 0.027 0.001 0.011 0.040 0.008 0.003 0.005 0.023 0.036 0.021 0.000 0.000 0.000 0.000 0.000 0.000 0.000 0.000 -0.000 0.105 0.047 -0.001 0.000 0.015 0.085 0.023 0.009 0.003 0.032 0.001 0.027 0.000 0.036 0.000 0.081 0.089 0.014 0.020 0.000 0.000 0.000 0.059 0.009 0.000 0.020 0.049 0.068 0.342 0.003 0.092 0.086
0.000 0.000 0.000 0.000 0.000 0.000 0.000 0.000 0.000 0.000 0.000 0.000 0.000 0.000 0.000 0.000 0.000 0.000 0.000 0.000 0.000 0.000 0.000 0.000 0.000 0.027 0.001 0.009 0.041 0.013 0.000 0.001 0.015 0.025 0.040 0.000 0.000 0.000 0.000 0.000 0.000 0.007 0.226 -0.004 -0.027 -0.003 -0.014 -0.011 0.004 0.072 0.018 0.016 0.001 0.032 0.000 0.011 0.049 0.026 0.061 0.055 0.065 -0.000 0.000 0.000 0.000 0.000 0.060 0.009 0.001 0.028 0.062 0.098 0.290 0.002 0.065 0.460
0.000 0.000 0.000 0.000 0.000 0.000 0.000 0.000 0.000 0.000 0.000 0.000 0.000 0.000 0.000 0.000 0.000 0.000 0.000 0.000 0.000 0.000 0.000 0.000 0.000 0.020 0.011 0.004 0.027 0.028 0.000 0.001 0.001 0.052 0.027 -0.001 0.000 0.000 0.000 0.000 0.000 0.032 0.218 0.002 0.000 0.000 -0.049 0.001 0.015 0.027 0.039 0.026 0.034 0.097 0.029 0.029 0.004 0.005 0.016 0.000 0.059 0.000 0.000 0.000 0.000 0.022 0.036 0.008 0.018 0.018 0.065 0.120 0.328 0.063 0.367 0.053
0.000 0.000 0.000 0.000 0.000 0.000 0.000 0.000 0.000 0.000 0.000 0.000 0.000 0.000 0.000 0.000 0.000 0.000 0.000 0.000 0.000 0.000 0.000 0.000 0.000 0.000 0.000 0.000 0.002 0.060 0.028 0.000 0.000 0.176 0.000 -0.098 0.000 -0.000 0.000 0.000 0.000 0.006 0.243 0.002 0.000 0.000 0.030 -0.012 0.037 0.018 0.000 0.000 0.001 0.146 0.038 0.000 0.000 0.000 0.014 0.000 0.059 0.000 0.000 0.000 0.016 0.021 0.022 0.008 0.022 0.032 0.069 0.211 0.205 0.076 0.419 0.034
0.000 0.000 0.000 0.000 0.000 0.000 0.000 0.000 0.000 0.000 0.000 0.000 0.000 0.000 0.000 0.000 0.000 0.000 0.000 0.000 -0.000 -0.000 -0.000 0.000 -0.000 0.000 0.000 0.000 0.002 0.078 0.124 0.023 0.042 -0.002 -0.000 0.000 -0.032 -0.066 0.000 0.000 0.000 0.005 0.242 0.019 0.087 0.083 0.019 -0.012 -0.121 0.000 -0.000 0.000 0.001 0.149 0.035 0.000 0.000 0.000 0.005 0.015 0.053 0.000 0.000 0.000 0.000 0.001 0.058 0.021 0.013 0.055 0.151 0.263 0.050 0.240 0.273 0.031
0.000 0.000 0.000 0.000 0.000 0.000 0.000 0.000 0.000 0.000 0.000 0.000 0.000 0.000 0.000 0.000 0.000 -0.000 0.000 0.000 0.002 0.003 0.020 0.005 0.015 -0.017 0.001 0.035 0.044 0.073 0.098 0.000 0.000 0.000 -0.014 0.000 0.010 0.088 -0.077 -0.116 -0.000 0.099 0.160 0.042 0.122 0.097 0.000 0.001 0.000 -0.008 -0.004 0.008 0.010 0.002 0.008 0.001 -0.005 -0.027 0.000 0.024 0.053 0.001 -0.011 -0.000 0.000 0.001 0.034 0.055 0.016 0.054 0.344 0.070 0.041 0.446 0.079 0.012
0.000 0.000 0.000 0.000 0.000 0.000 0.000 0.000 0.000 0.000 0.000 0.000 0.000 0.000 0.000 0.000 0.000 -0.000 0.000 0.000 0.000 0.012 0.015 0.008 0.036 0.015 0.039 0.003 0.069 0.051 0.026 0.000 0.000 0.000 0.129 0.006 -0.011 0.083 0.000 0.000 -0.000 -0.005 0.001 0.012 0.105 0.091 0.000 0.001 0.000 0.017 0.002 0.000 0.000 0.000 0.000 0.000 0.043 0.005 0.014 0.003 0.000 0.000 0.000 -0.032 -0.000 0.000 0.037 0.028 0.075 0.029 0.445 0.018 0.017 0.469 0.163 0.022
0.000 0.000 0.000 0.000 0.000 0.000 0.000 0.000 0.000 0.000 0.000 0.000 0.000 0.000 0.000 0.000 0.000 -0.000 -0.000 0.000 0.000 0.000 0.009 0.041 0.031 0.015 0.027 0.008 0.098 0.030 0.014 0.000 0.065 0.104 0.000 0.000 0.023 0.015 0.000 0.000 0.000 0.001 0.001 0.012 0.096 0.002 0.065 0.027 0.000 0.018 0.001 0.000 0.000 0.000 0.000 0.000 0.053 0.012 0.000 0.000 0.000 0.000 0.000 0.000 -0.004 -0.000 0.024 0.023 0.127 0.156 0.257 0.020 0.015 0.543 0.104 0.034
0.000 0.000 0.000 0.000 0.000 0.000 0.000 0.000 0.000 0.000 0.000 0.000 0.000 0.000 0.000 0.000 0.000 0.000 -0.002 -0.000 0.000 -0.000 0.008 0.037 0.050 0.016 0.012 0.027 0.083 0.028 0.009 0.042 0.124 0.004 0.000 0.000 0.038 0.000 0.000 0.000 0.000 0.002 0.069 0.004 0.037 0.000 0.009 0.043 0.047 0.010 0.001 0.000 0.000 0.019 0.016 0.012 0.017 0.000 0.000 0.000 0.000 0.000 0.000 0.000 0.000 0.013 0.051 0.028 0.099 0.151 0.243 0.031 0.007 0.547 0.113 0.045
0.000 0.000 0.000 0.000 0.000 0.000 0.000 0.000 0.000 0.000 0.000 0.000 0.000 0.000 0.000 0.000 0.000 0.001 0.002 0.005 0.006 0.014 0.028 0.045 0.034 0.033 0.026 0.021 0.037 0.012 0.001 0.173 0.000 0.000 -0.001 0.041 -0.005 0.000 0.000 -0.000 -0.000 0.046 0.025 0.005 0.035 0.000 0.015 0.001 0.042 0.038 0.015 0.000 0.011 0.014 0.021 0.000 0.018 0.000 0.000 0.000 0.000 0.000 -0.000 0.000 0.000 0.016 0.085 0.178 0.096 0.158 0.173 0.060 0.125 0.304 0.134 0.034
0.000 0.000 0.000 0.000 0.000 0.000 0.000 0.000 0.000 0.000 0.000 0.000 0.000 0.000 0.000 0.000 0.000 0.001 0.003 0.010 0.017 0.022 0.031 0.038 0.042 0.076 0.030 0.011 0.026 0.122 0.003 0.004 0.000 0.000 0.037 0.011 0.001 0.000 -0.003 0.003 0.039 0.030 0.000 0.000 0.030 0.014 -0.001 -0.000 0.050 0.012 0.011 0.006 0.009 0.042 0.009 0.000 0.018 0.000 0.000 0.000 0.000 0.000 0.005 0.011 0.001 0.003 0.150 0.507 0.293 0.027 0.069 0.028 0.015 0.131 0.096 0.026
0.000 0.000 0.000 0.000 0.000 0.000 0.000 0.000 0.000 0.000 0.000 0.000 0.000 0.000 -0.000 0.000 0.002 0.011 0.010 0.002 0.013 0.031 0.031 0.043 0.053 0.037 0.042 0.025 0.058 0.066 0.006 0.004 0.000 0.048 0.000 0.000 0.001 0.000 0.038 0.000 0.000 0.030 0.000 -0.000 0.047 0.000 0.005 0.032 0.009 0.019 0.000 0.006 0.017 0.091 0.013 -0.022 -0.013 -0.002 0.000 0.000 0.005 0.000 0.000 0.136 0.012 0.108 0.649 0.134 0.012 0.021 0.076 0.022 -0.008 0.093 0.065 0.030
0.000 0.000 0.000 0.000 0.000 0.000 0.000 0.000 0.000 0.000 0.000 0.000 0.000 0.000 0.000 0.001 0.003 0.011 0.007 0.002 0.012 0.025 0.040 0.046 0.048 0.033 0.050 0.039 0.047 0.057 0.009 0.000 0.006 0.042 0.000 0.000 0.000 0.015 0.023 0.000 0.000 0.038 0.000 0.012 0.027 0.000 0.037 0.000 0.011 0.015 0.000 0.004 0.102 0.054 0.009 0.000 -0.022 -0.058 0.000 0.000 0.138 0.008 0.005 0.000 0.013 0.160 0.658 0.082 0.019 0.021 0.085 0.047 0.027 0.029 0.038 0.013
0.000 0.000 0.000 0.000 0.000 0.000 0.000 0.000 0.000 0.000 0.000 0.000 0.000 0.000 0.000 0.000 0.006 0.010 0.010 0.007 0.007 0.028 0.015 0.035 0.072 0.031 0.062 0.041 0.047 0.046 0.010 0.000 0.007 0.040 0.000 0.000 0.000 0.042 0.000 -0.001 0.013 0.022 0.000 0.020 0.014 0.003 0.038 0.000 0.035 0.078 0.023 0.044 0.019 0.000 -0.003 0.000 -0.024 -0.057 0.000 0.151 0.000 0.000 0.000 0.000 0.015 0.122 0.845 0.005 -0.001 0.111 0.020 0.033 0.004 0.020 0.026 0.001
0.000 0.000 0.000 0.000 0.000 0.000 0.000 0.000 0.000 0.000 0.000 0.000 0.000 0.000 0.000 0.000 0.005 0.012 0.014 0.008 0.016 0.017 0.009 0.031 0.068 0.080 0.033 0.044 0.014 0.025 0.032 0.022 0.006 0.019 0.017 0.000 0.041 0.000 0.000 -0.001 0.001 0.000 0.002 0.053 0.014 0.002 0.052 0.001 0.078 0.099 0.000 0.003 0.008 0.000 -0.006 -0.000 0.018 0.048 0.002 0.001 0.000 0.000 0.000 0.000 0.026 0.049 0.909 0.037 0.016 0.095 0.032 0.003 0.000 0.028 0.006 0.005
0.000 0.000 0.000 0.000 0.000 0.000 0.000 0.000 0.000 0.000 0.000 0.000 0.000 0.000 0.000 0.000 0.004 0.011 0.027 0.017 0.016 0.025 0.023 0.041 0.039 0.056 0.039 0.034 0.017 0.007 0.017 0.059 0.000 0.000 0.000 0.045 0.032 0.000 0.000 0.000 0.000 0.000 0.001 0.001 0.000 0.033 0.087 0.001 0.114 0.064 0.001 0.010 0.001 0.000 0.013 0.000 0.007 0.042 0.000 0.000 0.000 -0.000 -0.000 0.000 0.027 0.047 0.865 0.099 0.010 0.086 0.030 0.002 0.000 0.033 0.001 0.007
0.000 0.000 0.000 0.000 0.000 0.000 0.000 0.000 0.000 -0.003 -0.000 -0.002 -0.000 0.000 -0.000 0.002 0.003 0.006 0.033 0.022 0.022 0.025 0.018 0.045 0.039 0.054 0.024 0.034 0.021 0.007 0.017 0.059 0.000 0.000 0.000 0.000 0.076 -0.000 0.000 0.000 0.000 0.000 0.000 0.000 0.002 0.041 0.105 0.004 0.156 0.000 0.001 0.004 0.000 0.010 0.000 0.000 0.010 0.039 0.000 0.000 0.000 0.000 0.021 0.016 0.015 0.031 0.864 0.096 0.017 0.006 0.074 0.027 0.000 0.033 0.001 0.007
0.000 0.000 0.000 0.000 0.000 0.000 0.000 0.000 0.000 0.000 0.000 0.000 0.000 -0.006 -0.001 0.003 0.002 0.004 0.022 0.033 0.025 0.023 0.017 0.052 0.032 0.051 0.024 0.024 0.026 0.016 0.009 0.000 0.000 0.063 0.000 0.000 0.055 0.021 0.000 0.000 0.000 0.000 0.000 0.000 0.004 0.049 0.096 0.003 0.157 0.002 0.009 -0.007 0.000 0.010 0.000 0.000 0.048 0.000 0.000 0.000 0.000 0.000 0.030 0.113 0.024 0.094 0.686 0.093 0.020 0.004 0.062 0.023 0.029 0.020 0.004 0.004
0.000 0.000 0.000 0.000 0.000 0.000 0.000 0.000 0.000 0.000 0.000 0.000 0.000 -0.002 -0.002 0.001 0.001 0.003 0.018 0.030 0.028 0.024 0.022 0.042 0.032 0.049 0.037 0.023 0.042 0.001 0.000 0.000 0.003 0.062 0.001 0.000 0.002 0.004 0.047 0.006 0.026 0.003 0.004 -0.011 0.001 0.039 0.157 0.013 0.102 0.003 0.016 0.000 0.022 0.008 0.001 0.000 0.000 0.000 0.000 0.000 0.024 0.021 0.054 0.032 0.042 0.054 0.486 0.317 0.033 0.029 0.034 0.003 0.095 -0.000 -0.016 0.003
0.000 0.000 0.000 0.000 0.000 0.000 0.000 0.000 0.000 0.000 0.000 0.000 -0.001 -0.001 -0.001 0.001 0.001 0.003 0.013 0.021 0.028 0.031 0.022 0.032 0.030 0.017 0.026 0.024 0.098 0.001 0.000 0.000 0.000 0.064 0.000 0.000 0.003 0.000 0.000 0.005 0.076 0.005 0.021 0.027 0.048 0.004 0.089 0.017 0.116 0.000 0.000 0.000 0.023 0.009 0.000 0.000 0.000 0.000 0.000 0.000 0.041 0.010 0.031 0.044 0.056 0.045 0.634 0.078 0.108 0.049 0.029 0.002 0.096 0.001 0.000 -0.008
0.000 0.000 0.000 0.000 0.000 0.000 0.000 0.000 0.000 0.000 0.000 0.000 0.000 0.000 0.000 -0.000 0.000 0.001 0.007 0.010 0.016 0.027 0.039 0.030 0.038 0.021 0.010 0.031 0.111 0.000 0.000 0.000 0.000 0.064 0.000 0.000 0.003 0.000 0.000 0.005 0.078 0.007 0.025 0.022 0.050 0.002 0.062 0.054 0.103 0.000 0.000 0.012 0.000 0.018 0.000 0.000 0.000 0.000 0.000 0.013 0.030 0.007 0.027 0.047 0.061 0.618 0.088 0.052 0.080 0.065 0.023 0.104 0.009 0.001 0.000 0.006
0.000 0.000 0.000 0.000 0.000 0.000 0.000 0.000 0.000 0.000 0.000 0.000 0.000 0.000 0.000 0.000 0.000 0.000 0.000 0.002 0.007 0.016 0.020 0.066 0.037 0.034 0.009 0.027 0.099 -0.001 -0.017 0.039 0.000 0.029 0.029 0.000 0.006 -0.000 -0.009 0.006 0.018 -0.009 0.025 0.093 0.063 0.000 0.044 0.030 0.136 0.008 0.000 0.012 0.000 0.009 0.009 0.000 0.000 0.000 0.000 0.034 0.004 0.009 0.049 0.028 0.162 0.569 0.048 0.041 0.064 0.028 0.076 0.110 0.004 0.000 0.000 0.013
0.000 0.000 0.000 0.000 0.000 0.000 0.000 0.000 0.000 0.000 0.000 0.000 0.000 0.000 0.000 0.000 0.000 0.000 0.000 0.000 0.000 0.004 0.017 0.048 0.047 0.061 0.005 0.016 0.033 -0.084 0.000 0.003 0.110 0.032 0.032 0.018 0.019 0.010 0.002 -0.072 0.013 0.000 0.000 0.000 0.042 0.031 0.002 0.019 0.220 0.167 0.013 0.006 0.000 0.000 0.010 0.007 0.000 0.000 0.000 0.036 0.002 0.009 0.071 0.018 0.516 0.209 0.045 0.033 0.065 0.024 0.195 -0.000 0.001 0.000 0.012 0.000
0.000 0.000 0.000 0.000 0.000 0.000 0.000 0.000 0.000 0.000 0.000 0.000 0.000 0.000 0.000 0.000 0.000 0.000 0.000 0.000 0.000 0.000 0.010 0.027 0.057 0.039 0.029 0.015 -0.002 -0.030 0.000 0.004 0.013 0.002 0.004 0.008 0.005 0.030 0.004 0.033 0.061 0.000 0.000 0.000 0.005 0.001 0.003 0.000 0.000 0.002 0.134 0.144 0.211 0.000 0.013 0.004 0.000 0.000 0.000 0.003 -0.002 0.000 0.258 0.423 0.014 0.059 0.040 0.040 0.143 0.054 0.191 0.004 0.006 0.000 0.003 0.000
0.000 0.000 0.000 0.000 0.000 0.000 0.000 0.000 0.000 0.000 0.000 0.000 0.000 0.000 0.000 0.000 0.000 0.000 0.000 0.000 0.000 0.000 0.001 0.023 0.048 0.043 0.015 0.015 0.000 0.000 0.000 0.002 0.005 0.001 0.001 0.010 0.006 0.011 0.003 0.005 0.098 0.021 0.000 0.000 0.004 0.000 0.005 0.000 -0.001 -0.009 -0.013 -0.016 0.000 0.209 0.334 0.002 0.000 0.000 0.000 0.000 0.000 0.000 0.545 0.136 0.020 0.052 0.024 0.051 0.042 0.219 0.131 0.007 0.002 0.000 0.003 0.000
0.000 0.000 0.000 0.000 0.000 0.000 0.000 0.000 0.000 0.000 0.000 0.000 0.000 0.000 0.000 0.000 0.000 0.000 0.000 0.000 0.000 0.000 0.001 0.014 0.045 0.051 0.024 0.009 0.000 0.000 0.000 0.000 0.000 0.000 0.004 0.007 0.001 0.007 0.003 0.014 0.036 0.045 0.020 0.020 0.006 0.000 0.003 0.000 0.000 -0.021 -0.015 -0.001 0.000 0.005 0.001 0.536 0.003 0.000 0.000 0.000 0.000 -0.000 0.572 0.110 0.018 0.053 0.022 0.051 0.042 0.300 0.051 0.010 0.002 0.002 0.001 0.000
0.000 0.000 0.000 0.000 0.000 0.000 0.000 0.000 0.000 0.000 0.000 0.000 0.000 0.000 0.000 0.000 0.000 0.000 0.000 0.000 0.000 0.002 0.002 0.015 0.026 0.038 0.051 0.008 -0.000 0.000 0.000 0.000 0.000 0.000 0.002 0.006 0.001 0.001 0.000 0.020 0.002 0.014 0.060 0.046 0.003 0.000 0.009 0.000 0.000 -0.025 -0.013 0.000 0.000 0.000 0.000 0.015 0.523 0.006 0.000 0.000 0.000 0.008 0.563 0.072 0.046 0.065 0.035 0.043 0.135 0.205 0.046 0.012 0.000 0.000 0.000 0.000
0.000 0.000 0.000 0.000 0.000 0.000 0.000 0.000 0.000 0.000 0.000 0.000 0.000 0.000 0.000 0.000 0.000 0.000 0.001 0.000 0.001 0.002 0.002 0.021 0.020 0.042 0.039 0.012 0.000 0.000 0.000 0.000 0.000 0.000 0.003 0.003 0.002 0.000 0.001 0.019 0.004 0.003 0.027 0.088 0.003 -0.000 0.009 -0.000 -0.014 -0.013 -0.011 0.000 0.000 0.000 0.000 0.000 0.098 0.199 0.156 0.015 0.030 0.187 0.397 0.097 0.033 0.056 0.055 0.100 0.200 0.101 0.041 0.008 0.000 0.000 0.000 0.000
