Data/res-0330.wd
ncols         433
nrows         491
xllcorner     1194560.000000
yllcorner     -584471.000000
cellsize      25.000000
NODATA_value  -9999.000000
[rows 170 to 203 of 491, columns 308 to 384 of 433]
0.339 0.523 0.776 0.516 0.661 0.767 0.966 0.876 0.709 0.714 0.941 0.829 0.772 0.734 0.771 0.860 0.810 0.698 0.812 0.760 0.762 0.857 0.889 1.034 1.061 0.950 0.575 0.706 0.781 0.756 0.746 0.709 0.673 0.918 0.609 0.410 0.741 0.657 0.791 0.350 0.718 0.715 0.342 0.331 0.436 0.365 0.543 0.527 0.396 0.257 0.000 0.000 0.000 0.000 0.000 0.000 0.000 0.000 0.000 0.000 0.000 0.000 0.000 0.000 0.000 0.000 0.000 0.000 0.000 0.000 0.000 0.000 0.000 0.000 0.000 0.000 0.000
0.657 0.527 0.817 0.758 0.703 0.633 0.798 1.002 0.831 0.749 0.869 0.917 0.932 0.846 0.849 0.832 0.816 0.848 0.903 0.833 0.929 0.883 0.829 1.033 0.842 0.593 0.679 0.627 0.809 0.488 0.733 0.763 0.890 0.964 0.612 0.544 0.688 0.633 0.762 0.537 0.714 0.425 0.306 0.330 0.459 0.425 0.355 0.382 0.493 0.328 0.092 0.000 0.000 0.000 0.000 0.000 0.000 0.000 0.000 0.000 0.000 0.000 0.000 0.000 0.000 0.000 0.000 0.000 0.000 0.000 0.000 0.000 0.000 0.000 0.000 0.000 0.000
0.715 0.699 0.641 0.648 0.758 0.822 0.820 0.901 0.991 0.984 0.949 0.904 0.897 0.883 0.908 0.884 0.882 0.884 0.839 0.834 0.923 0.865 0.768 0.986 0.883 0.827 0.674 0.801 0.746 0.709 0.710 0.931 0.928 0.798 0.845 0.766 0.707 0.651 0.803 0.782 0.602 0.352 0.437 0.400 0.390 0.445 0.560 0.416 0.323 0.400 0.297 0.045 0.000 0.000 0.000 0.000 0.000 0.000 0.000 0.000 0.000 0.000 0.000 0.000 0.000 0.000 0.000 0.000 0.000 0.000 0.000 0.000 0.000 0.000 0.000 0.000 0.000
0.825 0.621 0.625 0.709 0.714 0.639 0.815 0.886 0.900 0.941 0.916 1.002 0.946 0.788 0.846 0.771 0.925 0.951 0.956 0.979 0.989 0.975 0.874 0.970 0.947 0.952 0.768 0.652 0.753 0.851 0.981 0.943 0.914 0.794 0.938 0.778 0.840 0.916 0.919 0.825 0.605 0.357 0.602 0.388 0.327 0.397 0.426 0.421 0.503 0.493 0.386 0.213 0.000 0.000 0.000 0.000 0.000 0.000 0.000 0.000 0.000 0.000 0.000 0.000 0.000 0.000 0.000 0.000 0.000 0.000 0.000 0.000 0.000 0.000 0.000 0.000 0.000
0.745 0.614 0.628 0.722 0.692 0.690 0.816 0.719 0.818 0.828 0.757 0.895 0.999 0.985 0.934 0.869 0.935 0.872 0.921 0.975 1.020 1.047 1.015 1.100 1.013 0.866 0.911 0.930 0.880 0.948 0.957 1.011 0.915 0.886 0.960 1.010 1.038 0.833 0.639 0.661 0.634 0.501 0.534 0.512 0.488 0.539 0.442 0.437 0.530 0.639 0.499 0.262 0.057 0.000 0.000 0.000 0.000 0.000 0.000 0.000 0.000 0.000 0.000 0.000 0.000 0.000 0.000 0.000 0.000 0.000 0.000 0.000 0.000 0.000 0.000 0.000 0.000
0.414 0.735 0.746 0.704 0.703 0.792 0.797 0.713 0.813 0.744 0.780 0.788 0.934 0.918 0.870 0.924 0.920 0.881 0.836 0.789 0.807 0.964 1.083 0.960 1.010 1.038 0.969 0.934 0.939 0.883 0.821 1.007 0.900 0.856 1.036 1.018 0.849 0.784 0.733 0.837 0.548 0.568 0.440 0.485 0.439 0.372 0.279 0.515 0.411 0.430 0.445 0.271 0.107 0.000 0.000 0.000 0.000 0.000 0.000 0.000 0.000 0.000 0.000 0.000 0.000 0.000 0.000 0.000 0.000 0.000 0.000 0.000 0.000 0.000 0.000 0.000 0.000
0.647 0.705 0.761 0.672 0.741 0.790 0.778 0.891 0.818 0.746 0.813 0.851 0.894 0.791 0.900 0.809 0.749 0.751 0.866 0.933 0.950 0.994 1.036 0.873 0.878 0.856 0.891 0.991 0.884 1.003 0.990 1.039 0.918 0.905 1.032 0.866 0.814 0.907 0.751 0.868 0.682 0.635 0.512 0.626 0.451 0.489 0.608 0.583 0.504 0.482 0.529 0.367 0.177 0.001 0.000 0.000 0.000 0.000 0.000 0.000 0.000 0.000 0.000 0.000 0.000 0.000 0.000 0.000 0.000 0.000 0.000 0.000 0.000 0.000 0.000 0.000 0.000
0.706 0.863 0.854 0.744 0.896 0.742 0.817 0.863 0.899 0.728 0.824 0.927 0.787 0.834 0.894 0.783 0.730 0.896 0.804 0.836 0.936 1.059 1.087 1.080 1.122 1.106 1.049 1.014 0.979 0.940 1.041 0.935 0.890 0.963 1.029 0.919 0.834 0.907 0.881 0.878 0.709 0.619 0.668 0.746 0.616 0.795 0.698 0.433 0.512 0.433 0.431 0.395 0.214 0.001 0.000 0.000 0.000 0.000 0.000 0.000 0.000 0.000 0.000 0.000 0.000 0.000 0.000 0.000 0.000 0.000 0.000 0.000 0.000 0.000 0.000 0.000 0.000
0.881 0.832 0.863 0.856 0.891 0.867 0.874 0.759 0.912 0.840 0.787 0.908 0.762 0.839 0.834 0.852 0.905 0.943 0.843 0.887 0.848 1.012 0.981 0.985 0.949 0.950 1.052 1.104 1.099 1.065 1.063 0.984 0.913 0.874 0.988 0.924 0.976 0.962 0.908 0.828 0.839 0.669 0.838 0.840 0.764 0.808 0.622 0.620 0.515 0.407 0.370 0.324 0.154 0.064 0.000 0.000 0.000 0.000 0.000 0.000 0.000 0.000 0.000 0.000 0.000 0.000 0.000 0.000 0.000 0.000 0.000 0.000 0.000 0.000 0.000 0.000 0.000
0.763 0.738 0.758 0.770 0.798 0.875 0.772 0.772 0.837 0.870 0.875 0.916 0.842 0.861 0.772 0.689 0.797 0.944 0.909 0.852 0.913 1.039 0.920 0.923 0.821 0.890 0.890 0.928 0.978 0.994 1.088 1.082 1.016 0.960 0.972 0.965 0.995 0.917 0.906 0.915 0.901 0.884 0.986 0.958 0.910 0.808 0.747 0.651 0.463 0.585 0.590 0.415 0.241 0.102 0.000 0.000 0.000 0.000 0.000 0.000 0.000 0.000 0.000 0.000 0.000 0.000 0.000 0.000 0.000 0.000 0.000 0.000 0.000 0.000 0.000 0.000 0.000
0.727 0.771 0.773 0.777 0.894 0.777 0.797 0.824 0.862 0.970 0.924 0.869 0.792 0.746 0.821 0.746 0.867 0.919 0.843 1.005 1.030 1.019 0.909 0.929 0.925 0.893 0.906 1.049 0.985 0.964 0.972 0.992 1.044 1.034 0.979 0.961 0.921 0.983 0.954 0.909 0.909 0.979 0.957 0.833 0.793 0.794 0.775 0.718 0.658 0.541 0.462 0.419 0.217 0.150 0.000 0.000 0.000 0.000 0.000 0.000 0.000 0.000 0.000 0.000 0.000 0.000 0.000 0.000 0.000 0.000 0.000 0.000 0.000 0.000 0.000 0.000 0.000
0.791 0.699 0.826 0.764 0.882 0.857 0.809 0.789 0.846 0.922 0.789 0.883 0.803 0.792 0.812 0.862 0.838 0.999 0.997 0.976 0.900 0.912 0.934 0.935 1.018 1.023 0.908 1.000 1.039 1.013 0.956 0.980 0.940 1.049 1.016 0.945 0.922 0.973 0.944 0.922 0.958 0.981 0.973 0.955 0.927 0.771 0.594 0.541 0.460 0.528 0.434 0.514 0.327 0.225 0.001 0.000 0.000 0.000 0.000 0.000 0.000 0.000 0.000 0.000 0.000 0.000 0.000 0.000 0.000 0.000 0.000 0.000 0.000 0.000 0.000 0.000 0.000
0.733 0.692 0.828 0.797 0.868 0.781 0.864 0.847 0.931 0.872 0.828 0.892 0.873 0.809 0.883 0.811 0.835 1.021 0.967 0.973 0.950 1.006 0.994 0.930 0.940 1.018 1.077 1.088 1.089 1.016 1.060 1.032 0.971 0.987 1.055 1.012 0.967 0.979 0.943 0.913 0.965 1.020 0.986 0.926 0.885 0.788 0.649 0.702 0.430 0.418 0.480 0.343 0.288 0.171 0.001 0.000 0.000 0.000 0.000 0.000 0.000 0.000 0.000 0.000 0.000 0.000 0.000 0.000 0.000 0.000 0.000 0.000 0.000 0.000 0.000 0.000 0.000
0.759 0.792 0.826 0.848 0.850 0.811 0.919 0.915 0.813 0.873 0.834 0.894 0.843 0.919 0.901 0.888 0.956 0.991 0.966 1.038 1.027 0.967 1.047 1.034 0.996 1.070 1.069 1.047 1.032 1.065 1.028 1.014 0.995 1.000 1.047 1.040 1.043 0.952 0.934 0.983 1.021 1.034 1.041 0.990 0.942 0.828 0.791 0.626 0.476 0.662 0.511 0.340 0.291 0.206 0.036 0.000 0.000 0.000 0.000 0.000 0.000 0.000 0.000 0.000 0.000 0.000 0.000 0.000 0.000 0.000 0.000 0.000 0.000 0.000 0.000 0.000 0.000
0.836 0.673 0.706 0.761 0.790 0.833 0.912 0.796 0.854 0.900 0.918 0.911 0.915 0.870 0.882 0.920 0.937 0.884 0.903 0.914 1.035 1.007 1.006 1.008 1.110 1.024 0.938 0.912 0.977 1.045 1.040 1.065 1.009 0.947 1.008 0.948 1.016 0.982 0.977 1.031 1.015 1.007 0.994 0.956 0.879 0.779 0.729 0.705 0.611 0.672 0.521 0.692 0.620 0.312 0.122 0.000 0.000 0.000 0.000 0.000 0.000 0.000 0.000 0.000 0.000 0.000 0.000 0.000 0.000 0.000 0.000 0.000 0.000 0.000 0.000 0.000 0.000
0.789 0.764 0.854 0.752 0.748 0.836 0.841 0.804 0.939 0.873 0.828 0.911 0.792 0.768 0.809 0.875 0.894 0.895 0.966 0.957 0.943 1.055 1.067 1.011 1.082 1.007 0.951 0.962 0.995 1.025 1.005 0.979 1.042 0.953 0.982 0.979 1.006 1.003 1.014 1.034 1.036 1.010 0.998 0.990 0.954 0.875 0.788 0.743 0.840 0.750 0.650 0.526 0.425 0.425 0.170 0.000 0.000 0.000 0.000 0.000 0.000 0.000 0.000 0.000 0.000 0.000 0.000 0.000 0.000 0.000 0.000 0.000 0.000 0.000 0.000 0.000 0.000
0.613 0.748 0.768 0.852 0.859 0.877 0.748 0.904 0.872 0.781 0.810 0.895 0.758 0.815 0.851 0.929 0.921 0.998 0.999 0.976 0.967 1.040 1.074 1.068 1.021 0.974 0.992 1.037 1.034 1.047 0.991 0.973 1.023 0.976 1.006 0.969 1.012 1.032 1.052 0.999 0.989 0.982 0.991 0.967 0.931 0.848 0.920 0.894 0.759 0.608 0.575 0.536 0.414 0.339 0.126 0.000 0.000 0.000 0.000 0.000 0.000 0.000 0.000 0.000 0.000 0.000 0.000 0.000 0.000 0.000 0.000 0.000 0.000 0.000 0.000 0.000 0.000
0.509 0.729 0.753 0.794 0.827 0.806 0.795 0.864 0.720 0.761 0.872 0.767 0.718 0.765 0.881 0.897 0.960 0.983 0.925 0.884 0.999 1.087 1.038 0.963 0.985 1.041 1.006 0.995 1.000 1.006 0.978 0.947 1.004 0.959 0.992 0.981 1.020 1.042 1.024 1.009 1.031 1.012 1.022 1.001 0.957 0.985 0.915 0.895 0.791 0.517 0.660 0.644 0.526 0.450 0.110 0.000 0.000 0.000 0.000 0.000 0.000 0.000 0.000 0.000 0.000 0.000 0.000 0.000 0.000 0.000 0.000 0.000 0.000 0.000 0.000 0.000 0.000
0.722 0.810 0.822 0.805 0.905 0.811 0.882 0.786 0.760 0.821 0.888 0.726 0.754 0.747 0.876 0.780 0.950 1.005 1.002 1.025 1.021 0.963 1.023 0.970 0.946 1.028 0.951 0.924 0.921 0.928 1.012 0.969 0.989 0.937 0.979 0.985 1.009 1.028 1.007 1.005 1.024 1.009 1.028 1.003 1.030 0.998 0.976 0.927 0.758 0.621 0.551 0.581 0.581 0.410 0.129 0.000 0.000 0.000 0.000 0.000 0.000 0.000 0.000 0.000 0.000 0.000 0.000 0.000 0.000 0.000 0.000 0.000 0.000 0.000 0.000 0.000 0.000
0.754 0.669 0.841 0.785 0.918 0.842 0.880 0.776 0.719 0.799 0.897 0.730 0.847 0.843 0.844 0.801 0.856 1.019 0.995 0.930 0.916 0.906 1.027 1.062 1.014 1.037 1.005 1.105 1.104 1.014 1.029 0.928 0.962 0.975 0.967 0.998 1.018 1.021 1.009 1.040 1.039 1.041 1.037 1.066 1.052 1.033 0.995 0.886 0.891 0.823 0.644 0.660 0.551 0.421 0.184 0.000 0.000 0.000 0.000 0.000 0.000 0.000 0.000 0.000 0.000 0.000 0.000 0.000 0.000 0.000 0.000 0.000 0.000 0.000 0.000 0.000 0.000
0.714 0.721 0.780 0.828 0.857 0.801 0.907 0.855 0.813 0.789 0.872 0.819 0.745 0.829 0.827 0.902 0.941 1.045 1.067 0.980 1.029 1.047 1.005 0.955 1.050 1.080 1.097 1.052 1.003 1.047 1.088 0.904 0.941 1.015 1.016 1.016 0.967 0.998 1.038 1.046 1.026 1.060 1.047 1.055 1.081 1.042 1.012 0.974 0.913 0.835 0.708 0.728 0.645 0.492 0.329 0.000 0.000 0.000 0.000 0.000 0.000 0.000 0.000 0.000 0.000 0.000 0.000 0.000 0.000 0.000 0.000 0.000 0.000 0.000 0.000 0.000 0.000
0.783 0.816 0.895 0.879 0.800 0.903 0.833 0.890 0.828 0.894 0.802 0.783 0.815 0.774 0.816 0.975 1.076 0.972 0.960 0.995 0.933 0.905 0.882 0.897 0.958 0.964 1.088 0.956 0.867 0.901 1.005 0.983 0.839 0.954 0.959 0.979 0.938 0.977 1.027 1.022 1.049 1.069 1.067 1.041 1.027 1.056 0.994 0.930 0.891 0.900 0.802 0.768 0.671 0.471 0.250 0.000 0.000 0.000 0.000 0.000 0.000 0.000 0.000 0.000 0.000 0.000 0.000 0.000 0.000 0.000 0.000 0.000 0.000 0.000 0.000 0.000 0.000
0.886 0.876 0.879 0.906 0.894 0.817 0.784 0.803 0.877 0.734 0.679 0.769 0.848 0.807 0.766 0.872 1.060 0.995 0.914 0.903 0.908 0.931 0.928 0.931 0.942 0.990 1.098 0.939 0.694 0.541 0.717 1.012 0.925 0.929 0.915 0.990 0.948 0.976 1.033 0.996 1.040 1.074 1.069 1.046 1.028 1.039 1.032 0.977 0.918 0.855 0.798 0.720 0.614 0.479 0.295 0.000 0.000 0.000 0.000 0.000 0.000 0.000 0.000 0.000 0.000 0.000 0.000 0.000 0.000 0.000 0.000 0.000 0.000 0.000 0.000 0.000 0.000
0.769 0.769 0.755 0.909 0.871 0.844 0.905 0.857 0.804 0.726 0.761 0.818 0.843 0.860 0.884 0.988 0.898 0.861 0.840 0.926 0.886 1.006 0.978 0.967 0.876 1.074 0.941 0.883 0.693 0.396 0.801 0.960 0.906 0.906 0.896 0.988 0.955 0.963 1.032 1.022 1.017 1.071 1.043 1.006 1.018 1.021 0.974 0.945 0.958 0.833 0.828 0.788 0.635 0.418 0.236 0.000 0.000 0.000 0.000 0.000 0.000 0.000 0.000 0.000 0.000 0.000 0.000 0.000 0.000 0.000 0.000 0.000 0.000 0.000 0.000 0.000 0.000
0.867 0.840 0.811 0.862 0.909 0.868 0.806 0.899 0.888 0.820 0.660 0.725 0.714 0.875 0.888 0.987 0.849 0.877 0.956 1.004 0.961 1.059 0.938 1.074 1.097 0.982 0.856 0.560 0.678 0.819 0.899 0.687 0.788 0.897 0.906 0.979 0.942 0.991 1.022 1.036 1.039 1.088 1.035 1.026 1.035 1.041 0.976 0.947 0.884 0.798 0.825 0.755 0.644 0.485 0.284 0.000 0.000 0.000 0.000 0.000 0.000 0.000 0.000 0.000 0.000 0.000 0.000 0.000 0.000 0.000 0.000 0.000 0.000 0.000 0.000 0.000 0.000
0.773 0.805 0.889 0.959 0.829 0.782 0.697 0.813 0.713 0.685 0.650 0.768 0.828 0.967 0.978 1.014 0.896 0.831 0.818 0.905 0.909 1.035 1.092 1.044 0.922 0.713 0.532 0.739 1.059 0.584 0.311 0.420 0.742 0.904 0.852 0.978 0.966 0.988 1.009 1.045 1.032 1.081 1.039 1.025 1.058 1.036 0.976 0.943 0.744 0.813 0.822 0.777 0.666 0.388 0.237 0.000 0.000 0.000 0.000 0.000 0.000 0.000 0.000 0.000 0.000 0.000 0.000 0.000 0.000 0.000 0.000 0.000 0.000 0.000 0.000 0.000 0.000
0.722 0.829 0.946 0.818 0.850 0.787 0.738 0.815 0.667 0.705 0.691 0.816 0.974 0.923 0.914 0.950 0.823 0.863 0.967 0.970 0.962 1.114 0.952 0.863 0.725 0.681 0.717 1.091 0.812 0.901 0.800 0.494 0.426 0.914 0.818 0.975 0.983 0.994 1.015 1.046 1.043 1.077 1.051 1.050 1.048 1.053 1.014 0.972 0.962 0.908 0.886 0.798 0.653 0.563 0.199 0.000 0.000 0.000 0.000 0.000 0.000 0.000 0.000 0.000 0.000 0.000 0.000 0.000 0.000 0.000 0.000 0.000 0.000 0.000 0.000 0.000 0.000
0.787 0.934 0.840 0.759 0.715 0.713 0.831 0.639 0.688 0.741 0.672 0.890 0.931 0.871 0.790 0.870 0.886 0.931 1.028 0.903 1.098 1.027 0.809 0.619 0.607 0.573 1.065 0.684 0.183 0.465 0.362 0.461 0.635 0.885 0.833 0.972 0.999 1.006 1.026 1.041 1.052 1.076 1.056 1.056 1.061 1.046 1.006 0.961 0.942 0.916 0.821 0.772 0.598 0.490 0.292 0.000 0.000 0.000 0.000 0.000 0.000 0.000 0.000 0.000 0.000 0.000 0.000 0.000 0.000 0.000 0.000 0.000 0.000 0.000 0.000 0.000 0.000
0.889 0.795 0.691 0.672 0.678 0.774 0.820 0.629 0.613 0.760 0.764 0.884 0.772 0.825 0.827 0.737 0.739 0.629 0.940 0.817 0.949 1.103 0.687 0.584 0.415 0.525 0.970 0.930 0.284 0.234 0.502 0.768 0.863 0.829 0.884 0.946 1.008 1.022 1.026 1.038 1.052 1.073 1.048 1.023 1.020 1.043 1.029 0.995 0.962 0.929 0.838 0.743 0.622 0.459 0.383 0.000 0.000 0.000 0.000 0.000 0.000 0.000 0.000 0.000 0.000 0.000 0.000 0.000 0.000 0.000 0.000 0.000 0.000 0.000 0.000 0.000 0.000
0.861 0.594 0.654 0.720 0.691 0.824 0.709 0.726 0.793 0.834 0.856 0.849 0.741 0.825 0.781 0.447 0.326 0.697 0.786 0.474 0.560 1.069 0.813 0.544 0.563 0.653 0.617 1.019 0.670 0.625 0.862 0.581 0.622 0.652 0.861 0.877 0.997 1.029 1.030 1.034 1.048 1.051 1.049 1.032 1.024 1.037 1.014 0.993 0.950 0.937 0.875 0.789 0.642 0.409 0.396 0.000 0.000 0.000 0.000 0.000 0.000 0.000 0.000 0.000 0.000 0.000 0.000 0.000 0.000 0.000 0.000 0.000 0.000 0.000 0.000 0.000 0.000
0.830 0.519 0.637 0.687 0.798 0.807 0.744 0.873 0.842 0.763 0.706 0.583 0.523 0.738 0.807 0.475 0.535 0.863 0.330 0.294 0.331 0.912 0.611 0.590 0.523 0.708 0.862 1.072 0.897 0.358 0.391 0.389 0.590 0.521 0.834 0.869 0.988 1.034 1.061 1.058 1.040 1.046 1.051 1.018 1.037 1.021 0.985 0.982 0.932 0.902 0.890 0.831 0.743 0.564 0.436 0.000 0.000 0.000 0.000 0.000 0.000 0.000 0.000 0.000 0.000 0.000 0.000 0.000 0.000 0.000 0.000 0.000 0.000 0.000 0.000 0.000 0.000
0.327 0.519 0.610 0.473 0.735 0.807 0.830 0.817 0.771 0.771 0.453 0.308 0.593 0.863 0.701 0.443 0.334 0.815 0.483 0.489 0.337 0.861 0.819 0.417 0.539 0.486 0.617 1.077 0.717 0.481 0.694 0.541 0.701 0.675 0.767 0.845 0.981 1.029 1.059 1.057 1.033 1.043 1.085 1.044 1.033 1.031 1.012 0.987 0.935 0.913 0.860 0.830 0.751 0.679 0.494 0.000 0.000 0.000 0.000 0.000 0.000 0.000 0.000 0.000 0.000 0.000 0.000 0.000 0.000 0.000 0.000 0.000 0.000 0.000 0.000 0.000 0.000
0.734 0.769 0.447 0.478 0.844 0.869 0.819 0.674 0.644 0.707 0.679 0.414 0.428 0.571 0.639 0.383 0.263 0.641 0.598 0.560 0.673 0.513 0.491 0.648 0.443 0.989 0.421 0.441 0.591 0.289 0.686 0.455 0.876 0.751 0.659 0.805 0.928 1.017 1.052 1.067 1.032 1.044 1.083 1.057 1.050 1.033 0.999 0.932 0.924 0.935 0.862 0.839 0.774 0.656 0.443 0.000 0.000 0.000 0.000 0.000 0.000 0.000 0.000 0.000 0.000 0.000 0.000 0.000 0.000 0.000 0.000 0.000 0.000 0.000 0.000 0.000 0.000
0.656 0.794 0.706 0.784 0.816 0.707 0.741 0.607 0.641 0.623 0.564 0.532 0.394 0.316 0.669 0.355 0.277 0.611 0.658 0.356 0.907 0.783 0.761 0.531 0.704 0.561 0.224 0.312 0.764 0.307 0.357 0.294 0.706 0.853 0.699 0.867 0.854 1.012 1.061 1.055 1.020 1.055 1.064 1.060 1.050 1.036 1.011 0.973 0.867 0.862 0.770 0.748 0.567 0.565 0.316 0.000 0.000 0.000 0.000 0.000 0.000 0.000 0.000 0.000 0.000 0.000 0.000 0.000 0.000 0.000 0.000 0.000 0.000 0.000 0.000 0.000 0.000
