Data/res-0290.wd
ncols         433
nrows         491
xllcorner     1194560.000000
yllcorner     -584471.000000
cellsize      25.000000
NODATA_value  -9999.000000
[rows 204 to 237 of 491, columns 0 to 76 of 433]
0.000 0.000 0.000 0.000 0.001 0.026 0.034 0.011 0.001 0.001 0.001 0.005 0.030 0.108 0.156 0.185 0.077 0.106 0.246 0.156 0.065 0.140 0.168 0.292 0.172 0.179 0.119 0.104 0.051 0.088 0.221 0.115 0.059 0.088 0.089 0.166 0.096 0.042 0.081 0.130 0.054 0.035 0.059 0.110 0.058 0.064 0.034 0.046 0.034 0.029 0.001 0.018 0.020 0.007 0.015 0.056 0.061 0.027 0.024 0.021 0.075 0.069 0.083 0.072 0.080 0.051 0.109 0.193 0.181 0.148 0.156 0.141 0.083 0.087 0.097 0.114 0.081
0.000 0.000 0.000 0.000 0.000 0.000 0.000 0.002 0.000 0.000 0.001 0.028 0.034 0.116 0.125 0.163 0.046 0.129 0.173 0.097 0.140 0.094 0.210 0.295 0.183 0.141 0.112 0.132 0.093 0.067 0.193 0.160 0.071 0.072 0.074 0.138 0.148 0.120 0.142 0.092 0.053 0.045 0.031 0.075 0.093 0.055 0.054 0.042 0.031 0.013 0.007 0.022 0.020 0.006 0.020 0.059 0.033 0.011 0.021 0.044 0.067 0.038 0.081 0.081 0.067 0.042 0.069 0.134 0.079 0.078 0.075 0.179 0.131 0.102 0.056 0.053 0.068
0.000 0.000 0.000 0.000 0.000 0.000 0.000 0.002 0.005 0.004 0.009 0.050 0.119 0.112 0.078 0.103 0.092 0.242 0.180 0.103 0.157 0.134 0.239 0.251 0.219 0.222 0.202 0.198 0.158 0.109 0.124 0.230 0.118 0.060 0.105 0.121 0.093 0.131 0.160 0.129 0.094 0.050 0.031 0.055 0.101 0.033 0.055 0.048 0.039 0.006 0.010 0.027 0.010 0.006 0.015 0.042 0.027 0.009 0.019 0.054 0.041 0.028 0.065 0.115 0.058 0.049 0.073 0.138 0.082 0.095 0.068 0.139 0.208 0.093 0.071 0.054 0.070
0.000 0.000 0.000 0.000 0.000 0.012 0.014 0.029 0.022 0.002 0.010 0.064 0.124 0.094 0.059 0.073 0.173 0.200 0.131 0.112 0.140 0.185 0.290 0.253 0.211 0.138 0.171 0.175 0.184 0.105 0.078 0.178 0.148 0.059 0.055 0.087 0.131 0.119 0.143 0.091 0.063 0.029 0.005 0.038 0.077 0.025 0.029 0.032 0.026 0.013 0.017 0.048 0.013 0.007 0.032 0.070 0.033 0.008 0.035 0.069 0.050 0.023 0.063 0.087 0.111 0.067 0.053 0.135 0.122 0.066 0.066 0.100 0.158 0.122 0.078 0.047 0.040
0.000 0.000 0.004 0.016 0.037 0.023 0.001 0.000 0.015 0.001 0.005 0.036 0.038 0.051 0.085 0.173 0.214 0.136 0.121 0.161 0.169 0.276 0.219 0.227 0.261 0.170 0.118 0.125 0.173 0.194 0.125 0.171 0.161 0.087 0.092 0.133 0.149 0.089 0.104 0.084 0.054 0.017 0.006 0.035 0.089 0.037 0.048 0.048 0.022 0.021 0.026 0.058 0.067 0.057 0.067 0.077 0.061 0.028 0.048 0.059 0.078 0.055 0.065 0.085 0.121 0.094 0.075 0.125 0.161 0.100 0.081 0.076 0.095 0.197 0.098 0.080 0.056
0.000 0.000 0.000 0.013 0.000 0.000 0.000 0.000 0.000 0.000 0.002 0.010 0.042 0.072 0.140 0.183 0.160 0.131 0.125 0.159 0.188 0.271 0.239 0.184 0.296 0.211 0.148 0.138 0.123 0.184 0.159 0.141 0.156 0.212 0.250 0.192 0.162 0.144 0.085 0.077 0.060 0.027 0.033 0.075 0.079 0.054 0.067 0.070 0.056 0.044 0.044 0.039 0.048 0.077 0.029 0.040 0.047 0.063 0.059 0.053 0.078 0.082 0.075 0.105 0.120 0.122 0.110 0.167 0.112 0.117 0.098 0.077 0.080 0.208 0.102 0.067 0.067
0.000 0.000 0.000 0.000 0.000 0.000 0.000 0.000 0.000 0.001 0.011 0.002 0.005 0.092 0.119 0.098 0.147 0.094 0.110 0.178 0.213 0.214 0.255 0.152 0.267 0.240 0.176 0.161 0.113 0.122 0.174 0.104 0.149 0.175 0.183 0.198 0.085 0.133 0.116 0.052 0.037 0.036 0.046 0.030 0.063 0.048 0.047 0.052 0.071 0.051 0.062 0.067 0.075 0.107 0.040 0.035 0.057 0.056 0.110 0.064 0.079 0.116 0.128 0.130 0.152 0.176 0.176 0.160 0.102 0.145 0.133 0.113 0.135 0.199 0.183 0.095 0.089
0.000 0.000 0.000 0.000 0.000 0.000 0.000 0.000 0.000 0.000 0.001 0.019 0.045 0.080 0.053 0.114 0.082 0.095 0.125 0.194 0.157 0.187 0.241 0.114 0.185 0.260 0.157 0.150 0.115 0.093 0.097 0.091 0.140 0.125 0.112 0.157 0.086 0.067 0.102 0.054 0.033 0.051 0.048 0.027 0.061 0.086 0.032 0.031 0.063 0.049 0.062 0.086 0.078 0.120 0.076 0.061 0.095 0.058 0.136 0.073 0.101 0.129 0.119 0.094 0.158 0.152 0.098 0.128 0.113 0.087 0.105 0.164 0.124 0.108 0.172 0.196 0.216
0.000 0.000 0.000 0.000 0.000 0.000 0.000 0.000 0.000 0.001 0.014 0.073 0.042 0.054 0.086 0.126 0.063 0.067 0.136 0.195 0.135 0.215 0.227 0.125 0.188 0.255 0.181 0.164 0.132 0.106 0.096 0.095 0.133 0.085 0.124 0.147 0.092 0.051 0.076 0.025 0.001 0.014 0.039 0.025 0.035 0.087 0.043 0.031 0.055 0.064 0.044 0.057 0.092 0.125 0.111 0.064 0.128 0.073 0.133 0.118 0.095 0.149 0.149 0.158 0.172 0.220 0.141 0.147 0.122 0.123 0.160 0.123 0.105 0.107 0.148 0.105 0.156
0.000 0.000 0.000 0.000 0.000 0.000 0.000 0.000 0.017 0.029 0.023 0.027 0.032 0.054 0.082 0.079 0.056 0.096 0.164 0.186 0.145 0.206 0.210 0.134 0.207 0.287 0.233 0.255 0.223 0.168 0.132 0.132 0.144 0.089 0.124 0.159 0.102 0.061 0.053 0.008 0.001 0.001 0.014 0.004 0.006 0.023 0.046 0.033 0.019 0.032 0.042 0.059 0.067 0.067 0.128 0.122 0.153 0.089 0.135 0.154 0.081 0.081 0.171 0.135 0.168 0.191 0.198 0.128 0.114 0.179 0.110 0.081 0.126 0.107 0.123 0.139 0.074
0.000 0.000 0.000 0.000 0.000 0.000 0.000 0.004 0.009 0.001 0.003 0.015 0.039 0.055 0.058 0.061 0.058 0.139 0.196 0.164 0.161 0.207 0.245 0.195 0.222 0.273 0.153 0.176 0.240 0.163 0.170 0.193 0.189 0.136 0.083 0.071 0.049 0.047 0.028 0.009 0.000 0.001 0.011 0.009 0.010 0.019 0.018 0.039 0.001 0.009 0.046 0.026 0.057 0.076 0.065 0.089 0.143 0.132 0.077 0.091 0.132 0.126 0.108 0.137 0.182 0.107 0.124 0.135 0.159 0.192 0.133 0.100 0.142 0.099 0.140 0.149 0.091
0.000 0.000 0.000 0.000 0.000 0.000 0.016 0.001 0.001 0.002 0.023 0.055 0.078 0.056 0.049 0.082 0.114 0.141 0.117 0.134 0.165 0.176 0.187 0.263 0.182 0.237 0.180 0.109 0.163 0.228 0.256 0.231 0.218 0.213 0.130 0.083 0.047 0.056 0.055 0.027 0.001 0.001 0.007 0.001 0.001 0.001 0.016 0.045 0.012 0.008 0.033 0.018 0.076 0.132 0.085 0.097 0.151 0.154 0.065 0.131 0.122 0.148 0.130 0.130 0.173 0.127 0.119 0.143 0.202 0.103 0.099 0.095 0.124 0.128 0.146 0.101 0.109
0.000 0.000 0.000 0.000 0.000 0.003 0.001 0.000 0.001 0.001 0.036 0.076 0.087 0.032 0.040 0.054 0.078 0.086 0.093 0.150 0.238 0.185 0.183 0.233 0.173 0.209 0.230 0.225 0.128 0.116 0.186 0.171 0.144 0.215 0.156 0.173 0.089 0.052 0.015 0.001 0.001 0.014 0.006 0.001 0.001 0.003 0.022 0.020 0.016 0.011 0.043 0.041 0.073 0.079 0.090 0.160 0.130 0.174 0.107 0.170 0.133 0.182 0.210 0.190 0.154 0.139 0.124 0.133 0.208 0.140 0.122 0.102 0.125 0.179 0.140 0.086 0.084
0.000 0.000 0.000 0.013 0.017 0.001 0.002 0.000 0.000 0.004 0.043 0.077 0.071 0.030 0.036 0.047 0.052 0.064 0.098 0.187 0.194 0.212 0.204 0.233 0.144 0.154 0.148 0.252 0.208 0.136 0.196 0.157 0.122 0.195 0.159 0.113 0.119 0.049 0.020 0.001 0.001 0.001 0.006 0.008 0.009 0.002 0.012 0.009 0.010 0.016 0.065 0.068 0.067 0.110 0.107 0.194 0.148 0.171 0.124 0.226 0.185 0.188 0.164 0.133 0.150 0.161 0.097 0.120 0.210 0.187 0.119 0.109 0.140 0.198 0.138 0.109 0.108
0.000 0.000 0.000 0.001 0.001 0.004 0.000 0.000 0.000 0.003 0.017 0.054 0.056 0.033 0.036 0.043 0.054 0.063 0.145 0.220 0.159 0.207 0.149 0.232 0.169 0.156 0.150 0.243 0.236 0.192 0.186 0.211 0.110 0.153 0.152 0.097 0.075 0.041 0.015 0.001 0.002 0.001 0.001 0.001 0.004 0.012 0.010 0.014 0.008 0.029 0.089 0.084 0.070 0.109 0.112 0.124 0.200 0.221 0.199 0.231 0.139 0.170 0.150 0.107 0.160 0.220 0.184 0.155 0.145 0.172 0.184 0.131 0.127 0.159 0.154 0.124 0.122
0.000 0.000 0.000 0.000 0.000 0.003 0.000 0.001 0.030 0.066 0.056 0.060 0.051 0.040 0.034 0.080 0.120 0.143 0.196 0.204 0.178 0.195 0.119 0.161 0.204 0.116 0.144 0.226 0.184 0.155 0.156 0.246 0.218 0.132 0.134 0.097 0.083 0.041 0.015 0.006 0.007 0.005 0.007 0.002 0.005 0.014 0.018 0.035 0.010 0.039 0.108 0.104 0.111 0.147 0.138 0.116 0.231 0.178 0.225 0.136 0.165 0.232 0.151 0.159 0.184 0.123 0.219 0.188 0.156 0.144 0.172 0.119 0.119 0.147 0.158 0.155 0.130
0.000 0.000 0.000 0.000 0.000 0.000 0.006 0.056 0.035 0.074 0.053 0.038 0.040 0.022 0.037 0.078 0.115 0.097 0.143 0.147 0.172 0.144 0.092 0.156 0.262 0.157 0.128 0.180 0.248 0.146 0.143 0.158 0.258 0.215 0.115 0.122 0.119 0.072 0.082 0.042 0.012 0.044 0.014 0.001 0.002 0.039 0.046 0.031 0.038 0.051 0.124 0.065 0.113 0.177 0.172 0.128 0.220 0.155 0.225 0.140 0.171 0.228 0.155 0.175 0.112 0.084 0.129 0.214 0.171 0.152 0.120 0.167 0.182 0.167 0.237 0.181 0.125
0.000 0.000 0.000 0.001 0.014 0.018 0.060 0.056 0.031 0.049 0.042 0.034 0.044 0.029 0.027 0.039 0.054 0.096 0.144 0.102 0.125 0.149 0.131 0.230 0.256 0.175 0.115 0.152 0.237 0.238 0.127 0.102 0.164 0.303 0.198 0.110 0.099 0.082 0.030 0.043 0.056 0.059 0.025 0.024 0.031 0.064 0.063 0.077 0.076 0.099 0.153 0.114 0.155 0.180 0.232 0.219 0.192 0.207 0.263 0.202 0.238 0.307 0.290 0.188 0.110 0.147 0.103 0.221 0.174 0.153 0.111 0.126 0.182 0.152 0.144 0.183 0.247
0.000 0.000 0.000 0.000 0.034 0.014 0.035 0.037 0.041 0.048 0.054 0.060 0.061 0.041 0.041 0.043 0.052 0.085 0.069 0.116 0.147 0.145 0.171 0.182 0.205 0.261 0.179 0.199 0.179 0.165 0.211 0.099 0.110 0.276 0.320 0.145 0.107 0.110 0.073 0.055 0.018 0.023 0.035 0.073 0.080 0.124 0.082 0.072 0.112 0.189 0.139 0.138 0.205 0.234 0.181 0.160 0.155 0.188 0.335 0.314 0.271 0.223 0.238 0.263 0.256 0.268 0.211 0.255 0.249 0.185 0.144 0.141 0.145 0.168 0.178 0.178 0.182
0.000 0.000 0.000 0.000 0.000 0.001 0.007 0.002 0.039 0.052 0.047 0.071 0.077 0.078 0.049 0.053 0.067 0.106 0.110 0.087 0.094 0.123 0.195 0.124 0.181 0.216 0.214 0.151 0.215 0.125 0.211 0.141 0.112 0.218 0.280 0.284 0.192 0.105 0.081 0.064 0.060 0.066 0.083 0.142 0.192 0.188 0.162 0.158 0.213 0.225 0.203 0.245 0.317 0.334 0.311 0.341 0.330 0.302 0.313 0.165 0.129 0.112 0.185 0.152 0.183 0.158 0.209 0.180 0.167 0.185 0.229 0.228 0.208 0.156 0.149 0.160 0.123
0.000 0.000 0.000 0.000 0.000 0.015 0.009 0.023 0.020 0.043 0.059 0.014 0.009 0.026 0.048 0.121 0.093 0.087 0.063 0.037 0.066 0.162 0.135 0.136 0.159 0.170 0.178 0.115 0.214 0.137 0.128 0.206 0.155 0.175 0.165 0.282 0.325 0.216 0.157 0.172 0.197 0.161 0.181 0.232 0.193 0.153 0.176 0.201 0.205 0.207 0.285 0.268 0.186 0.186 0.198 0.203 0.215 0.317 0.230 0.156 0.186 0.132 0.121 0.103 0.105 0.098 0.145 0.169 0.189 0.160 0.123 0.141 0.167 0.155 0.135 0.158 0.126
0.000 0.000 0.000 0.000 0.000 0.001 0.005 0.007 0.001 0.055 0.053 0.054 0.048 0.013 0.076 0.048 0.028 0.028 0.039 0.082 0.140 0.145 0.118 0.150 0.152 0.147 0.128 0.117 0.217 0.150 0.072 0.129 0.191 0.189 0.137 0.143 0.209 0.288 0.314 0.284 0.227 0.252 0.278 0.211 0.166 0.141 0.121 0.095 0.068 0.113 0.179 0.206 0.196 0.174 0.155 0.111 0.122 0.195 0.280 0.262 0.276 0.217 0.186 0.156 0.139 0.128 0.187 0.172 0.153 0.150 0.172 0.148 0.168 0.171 0.123 0.114 0.088
0.000 0.000 0.000 0.000 0.000 0.000 0.001 0.000 0.001 0.003 0.030 0.070 0.100 0.064 0.065 0.020 0.042 0.060 0.113 0.157 0.097 0.091 0.120 0.144 0.145 0.157 0.129 0.119 0.200 0.212 0.097 0.079 0.114 0.203 0.090 0.103 0.140 0.166 0.198 0.211 0.158 0.171 0.189 0.124 0.129 0.105 0.082 0.061 0.090 0.194 0.195 0.207 0.192 0.229 0.243 0.222 0.214 0.230 0.233 0.156 0.140 0.173 0.241 0.243 0.247 0.233 0.200 0.137 0.129 0.142 0.167 0.121 0.136 0.207 0.168 0.131 0.112
0.000 0.000 0.000 0.000 0.000 0.000 0.000 0.000 0.000 0.000 0.000 0.012 0.028 0.073 0.027 0.051 0.102 0.121 0.114 0.096 0.066 0.096 0.100 0.141 0.140 0.143 0.166 0.135 0.216 0.140 0.061 0.059 0.161 0.262 0.166 0.091 0.102 0.165 0.167 0.207 0.146 0.122 0.213 0.183 0.179 0.198 0.189 0.186 0.247 0.233 0.174 0.123 0.115 0.125 0.145 0.207 0.188 0.149 0.217 0.177 0.124 0.172 0.181 0.136 0.193 0.205 0.122 0.111 0.134 0.131 0.179 0.174 0.208 0.197 0.128 0.190 0.182
0.000 0.000 0.000 0.000 0.000 0.000 0.000 0.000 0.000 0.000 0.000 0.000 0.000 0.001 0.003 0.049 0.052 0.032 0.042 0.046 0.076 0.122 0.044 0.104 0.174 0.123 0.186 0.103 0.149 0.133 0.076 0.115 0.169 0.211 0.161 0.139 0.126 0.147 0.200 0.141 0.125 0.161 0.164 0.187 0.223 0.196 0.217 0.201 0.174 0.176 0.188 0.226 0.203 0.196 0.147 0.120 0.121 0.131 0.213 0.192 0.217 0.211 0.103 0.092 0.137 0.195 0.149 0.101 0.105 0.192 0.216 0.210 0.207 0.253 0.196 0.141 0.149
0.000 0.000 0.000 0.000 0.000 0.000 0.000 0.000 0.000 0.000 0.000 0.000 0.000 0.000 0.000 0.000 0.001 0.001 0.031 0.072 0.096 0.070 0.053 0.149 0.147 0.105 0.166 0.098 0.133 0.218 0.158 0.096 0.146 0.250 0.151 0.083 0.127 0.145 0.141 0.202 0.127 0.127 0.099 0.102 0.109 0.192 0.119 0.135 0.123 0.120 0.144 0.167 0.197 0.185 0.211 0.184 0.160 0.182 0.190 0.103 0.168 0.174 0.174 0.161 0.116 0.185 0.082 0.115 0.116 0.244 0.120 0.159 0.137 0.179 0.183 0.243 0.151
0.000 0.000 0.000 0.000 0.000 0.000 0.000 0.000 0.000 0.000 0.000 0.000 0.000 0.000 0.000 0.000 0.000 0.002 0.047 0.040 0.015 0.048 0.137 0.156 0.072 0.097 0.163 0.136 0.119 0.258 0.148 0.082 0.126 0.180 0.147 0.094 0.075 0.174 0.123 0.149 0.241 0.168 0.137 0.157 0.103 0.160 0.098 0.073 0.076 0.118 0.095 0.093 0.153 0.097 0.145 0.150 0.140 0.220 0.162 0.080 0.155 0.164 0.119 0.096 0.080 0.186 0.139 0.150 0.210 0.229 0.128 0.115 0.113 0.131 0.129 0.129 0.180
0.000 0.000 0.000 0.000 0.000 0.000 0.000 0.000 0.000 0.000 0.000 0.000 0.000 0.000 0.000 0.000 0.000 0.000 0.006 0.001 0.019 0.121 0.136 0.071 0.048 0.083 0.097 0.144 0.140 0.273 0.174 0.113 0.090 0.219 0.126 0.098 0.104 0.087 0.168 0.117 0.215 0.218 0.213 0.212 0.137 0.094 0.094 0.066 0.040 0.057 0.086 0.095 0.126 0.087 0.107 0.083 0.073 0.136 0.153 0.105 0.087 0.107 0.140 0.069 0.084 0.188 0.125 0.112 0.232 0.141 0.120 0.121 0.134 0.129 0.150 0.159 0.143
0.000 0.000 0.000 0.000 0.000 0.000 0.000 0.000 0.000 0.000 0.000 0.000 0.000 0.000 0.000 0.000 0.000 0.000 0.000 0.005 0.086 0.128 0.097 0.056 0.061 0.048 0.096 0.172 0.180 0.177 0.251 0.106 0.040 0.194 0.198 0.090 0.082 0.066 0.143 0.122 0.117 0.131 0.095 0.105 0.102 0.066 0.060 0.065 0.051 0.059 0.074 0.091 0.096 0.066 0.088 0.111 0.097 0.101 0.091 0.133 0.137 0.104 0.177 0.125 0.098 0.170 0.074 0.138 0.248 0.136 0.091 0.096 0.171 0.141 0.167 0.144 0.191
0.000 0.000 0.000 0.000 0.000 0.000 0.000 0.000 0.000 0.000 0.000 0.000 0.000 0.000 0.000 0.000 0.000 0.000 0.000 0.001 0.015 0.042 0.035 0.045 0.042 0.070 0.126 0.093 0.124 0.145 0.258 0.134 0.042 0.130 0.196 0.103 0.072 0.061 0.044 0.099 0.054 0.064 0.065 0.056 0.080 0.092 0.026 0.028 0.075 0.096 0.099 0.075 0.065 0.059 0.116 0.097 0.103 0.150 0.144 0.177 0.201 0.199 0.202 0.198 0.195 0.204 0.101 0.229 0.133 0.140 0.156 0.143 0.139 0.162 0.210 0.130 0.181
0.000 0.000 0.000 0.000 0.000 0.000 0.000 0.000 0.000 0.000 0.000 0.000 0.000 0.000 0.000 0.000 0.000 0.000 0.000 0.000 0.000 0.001 0.001 0.002 0.046 0.111 0.090 0.075 0.115 0.115 0.172 0.162 0.043 0.138 0.246 0.150 0.063 0.074 0.100 0.123 0.138 0.129 0.104 0.065 0.095 0.090 0.023 0.037 0.071 0.044 0.078 0.087 0.066 0.084 0.143 0.072 0.072 0.104 0.193 0.187 0.129 0.124 0.119 0.135 0.187 0.241 0.221 0.260 0.127 0.101 0.102 0.146 0.113 0.137 0.214 0.200 0.115
0.000 0.000 0.000 0.000 0.000 0.000 0.000 0.000 0.000 0.000 0.000 0.000 0.000 0.000 0.000 0.000 0.000 0.000 0.000 0.000 0.000 0.000 0.001 0.005 0.070 0.091 0.051 0.059 0.067 0.075 0.160 0.128 0.041 0.144 0.154 0.299 0.171 0.167 0.188 0.161 0.136 0.164 0.214 0.135 0.069 0.071 0.049 0.071 0.065 0.012 0.023 0.110 0.097 0.114 0.109 0.052 0.054 0.077 0.103 0.158 0.089 0.099 0.135 0.096 0.168 0.111 0.137 0.180 0.188 0.181 0.122 0.091 0.138 0.194 0.168 0.108 0.089
0.000 0.000 0.000 0.000 0.000 0.000 0.000 0.000 0.000 0.000 0.000 0.000 0.000 0.000 0.000 0.000 0.000 0.000 0.000 0.000 0.000 0.000 0.021 0.079 0.127 0.066 0.013 0.009 0.066 0.150 0.136 0.050 0.065 0.131 0.086 0.159 0.099 0.111 0.158 0.135 0.040 0.037 0.146 0.168 0.065 0.056 0.089 0.100 0.063 0.037 0.033 0.088 0.117 0.120 0.076 0.047 0.067 0.086 0.089 0.135 0.069 0.093 0.080 0.137 0.130 0.087 0.155 0.145 0.120 0.083 0.103 0.103 0.118 0.168 0.091 0.109 0.069
0.000 0.000 0.000 0.000 0.000 0.000 0.000 0.000 0.000 0.000 0.000 0.000 0.000 0.000 0.000 0.000 0.000 0.000 0.000 0.000 0.000 0.000 0.001 0.059 0.113 0.032 0.001 0.014 0.080 0.157 0.088 0.042 0.118 0.090 0.113 0.167 0.079 0.075 0.065 0.185 0.108 0.032 0.055 0.172 0.169 0.137 0.115 0.074 0.081 0.106 0.098 0.076 0.101 0.078 0.083 0.053 0.077 0.122 0.100 0.109 0.039 0.040 0.075 0.193 0.081 0.099 0.132 0.152 0.088 0.100 0.108 0.096 0.055 0.193 0.101 0.066 0.045
