Data/res-0419.Qx
ncols         434
nrows         491
xllcorner     1194547.500000
yllcorner     -584471.000000
cellsize      25.000000
NODATA_value  -9999.000000
[rows 408 to 441 of 491, columns 228 to 303 of 434]
0.000 0.000 0.000 0.000 -0.001 0.000 0.000 0.000 -0.003 -0.009 -0.008 0.000 0.000 -0.001 -0.013 -0.000 0.000 0.000 -0.003 -0.015 -0.011 -0.012 -0.012 -0.010 -0.007 -0.007 -0.006 -0.005 -0.005 0.000 0.000 -0.009 -0.016 -0.020 -0.016 -0.018 -0.005 -0.004 -0.007 -0.006 -0.013 -0.012 -0.009 -0.022 -0.009 -0.009 -0.012 -0.009 -0.009 -0.002 -0.002 -0.003 0.003 0.004 0.001 0.000 -0.000 0.000 0.001 -0.000 0.000 0.000 0.000 0.000 -0.000 0.000 0.000 0.000 0.000 0.000 0.000 0.000 0.000 0.000 0.000 0.000
-0.002 -0.000 -0.000 0.000 0.000 0.001 0.000 0.000 0.000 0.010 0.002 -0.001 0.000 0.000 -0.007 -0.028 -0.027 -0.053 -0.050 -0.014 -0.010 -0.005 -0.006 -0.006 -0.008 -0.004 -0.002 -0.004 -0.002 -0.003 -0.005 -0.003 -0.005 -0.000 -0.000 -0.005 -0.004 -0.003 -0.011 -0.011 -0.007 -0.008 -0.003 -0.005 -0.009 0.004 -0.006 -0.005 -0.002 -0.001 -0.003 0.000 -0.000 0.004 0.001 0.000 -0.000 0.001 -0.001 -0.000 0.000 0.000 0.000 -0.000 -0.000 0.000 0.000 0.000 0.000 0.000 0.000 0.000 0.000 0.000 0.000 0.000
0.001 0.000 0.000 0.000 0.000 -0.001 0.000 0.000 -0.000 0.002 -0.002 -0.000 -0.002 0.002 -0.001 -0.045 -0.046 0.000 0.000 -0.004 -0.007 -0.004 -0.001 -0.001 -0.002 -0.002 -0.011 -0.006 -0.001 -0.001 -0.002 -0.001 -0.003 -0.000 0.000 -0.000 -0.000 -0.007 -0.002 -0.002 -0.007 -0.006 -0.004 -0.001 -0.004 -0.003 0.002 -0.015 -0.009 -0.008 -0.001 -0.000 -0.001 0.003 0.003 -0.000 -0.000 -0.000 0.000 0.000 0.000 0.000 0.000 0.000 0.000 0.000 0.000 0.000 0.000 0.000 0.000 0.000 0.000 0.000 0.000 0.000
0.000 0.000 0.000 0.000 0.000 0.000 0.000 0.000 0.000 -0.000 0.000 -0.000 -0.000 -0.008 -0.009 -0.005 -0.003 -0.010 -0.006 -0.004 -0.006 -0.008 -0.004 -0.001 0.000 0.000 -0.001 -0.001 -0.003 -0.004 -0.003 -0.012 -0.010 -0.002 -0.001 -0.002 -0.004 -0.006 -0.002 -0.002 -0.007 -0.006 -0.012 0.002 -0.000 -0.017 -0.007 -0.000 -0.007 -0.007 -0.006 -0.003 -0.001 -0.000 -0.000 -0.000 -0.001 -0.000 0.000 0.000 0.000 0.000 -0.001 -0.000 0.000 0.000 0.000 0.000 0.000 0.000 0.000 0.000 0.000 0.000 0.000 0.000
0.000 0.000 0.000 0.000 0.000 0.000 0.000 0.000 0.001 -0.021 -0.009 -0.019 -0.019 -0.014 -0.012 -0.014 -0.007 -0.002 -0.006 -0.005 -0.007 -0.008 -0.011 -0.014 -0.014 -0.036 -0.030 -0.030 -0.014 -0.005 -0.003 -0.007 -0.000 -0.000 -0.005 -0.002 -0.003 -0.006 -0.001 -0.001 -0.007 -0.003 -0.003 -0.000 0.000 -0.007 -0.007 0.009 -0.001 -0.004 -0.003 -0.006 -0.014 -0.014 -0.006 -0.000 -0.003 -0.004 -0.001 -0.001 -0.001 -0.001 -0.000 -0.000 0.000 0.000 0.000 0.000 0.000 0.000 0.000 0.000 0.000 0.000 0.000 0.000
0.000 0.000 -0.006 -0.008 -0.033 -0.000 0.000 0.000 -0.001 -0.005 -0.007 -0.002 -0.003 -0.003 -0.001 -0.000 -0.002 -0.000 0.000 0.000 -0.001 -0.002 0.000 0.000 -0.000 -0.003 -0.004 -0.003 -0.009 -0.018 -0.022 -0.007 -0.000 -0.000 -0.005 -0.004 -0.010 -0.007 -0.003 -0.003 -0.009 0.001 0.003 -0.003 -0.013 -0.008 -0.002 0.001 -0.000 -0.000 -0.000 0.000 -0.000 -0.001 -0.002 -0.001 -0.001 -0.001 -0.001 -0.001 -0.000 -0.000 0.000 -0.000 0.000 0.000 0.000 0.000 0.000 0.000 0.000 0.000 0.000 0.000 0.000 0.000
-0.037 -0.033 -0.027 -0.025 0.000 0.000 0.000 0.000 0.000 0.000 -0.003 -0.001 -0.001 -0.000 -0.002 -0.001 -0.000 -0.009 -0.004 -0.003 -0.000 -0.000 -0.009 -0.017 -0.017 -0.001 0.000 0.000 -0.010 -0.009 -0.005 -0.004 -0.006 -0.014 -0.008 -0.005 -0.008 -0.004 -0.002 -0.012 -0.000 -0.001 0.004 -0.005 -0.000 -0.001 -0.002 -0.002 0.008 -0.000 -0.007 -0.008 -0.001 -0.001 -0.001 -0.001 -0.000 -0.000 -0.000 -0.000 0.000 0.000 0.000 -0.000 -0.000 -0.000 0.000 0.000 0.000 0.000 0.000 0.000 0.000 0.000 0.000 0.000
-0.029 -0.000 -0.000 0.000 0.000 0.000 0.000 0.000 0.000 0.000 -0.006 0.000 0.000 -0.000 -0.004 -0.007 -0.008 -0.005 -0.004 -0.004 -0.009 -0.008 -0.007 0.000 -0.000 -0.005 0.000 0.000 -0.001 0.000 0.000 -0.001 -0.000 -0.003 -0.003 -0.006 -0.005 -0.001 -0.001 -0.015 0.003 -0.002 -0.002 0.004 0.002 0.002 -0.005 -0.010 -0.001 0.001 -0.001 -0.000 -0.000 -0.004 -0.001 -0.001 0.000 0.000 -0.001 -0.000 -0.000 -0.000 -0.000 -0.000 -0.000 -0.000 0.000 0.000 0.000 0.000 0.000 0.000 0.000 0.000 0.000 0.000
-0.026 0.000 0.000 0.000 0.000 0.000 0.000 0.000 0.000 0.000 0.000 -0.011 -0.011 -0.006 -0.008 -0.007 -0.011 -0.005 -0.008 -0.008 -0.007 -0.008 -0.002 -0.001 -0.000 -0.002 -0.004 -0.007 -0.007 -0.004 -0.002 -0.003 -0.006 -0.002 -0.001 -0.005 -0.001 -0.001 -0.002 -0.015 -0.001 0.000 -0.001 0.005 -0.002 0.000 0.003 -0.003 -0.002 -0.007 -0.008 -0.006 -0.010 -0.003 -0.002 -0.002 -0.000 0.000 0.000 0.000 0.000 -0.000 0.000 -0.000 0.000 0.000 0.000 0.000 0.000 0.000 0.000 0.000 0.000 0.000 0.000 0.000
-0.022 0.000 0.000 0.000 0.000 0.000 0.000 0.000 0.000 0.000 0.000 0.000 0.000 -0.004 -0.000 -0.000 -0.001 -0.020 0.000 0.000 0.000 -0.000 -0.000 -0.005 -0.016 0.000 0.000 -0.004 -0.006 -0.008 -0.012 -0.012 -0.009 -0.011 -0.019 -0.008 -0.003 -0.002 -0.002 -0.005 -0.001 -0.002 0.002 0.006 0.019 0.010 -0.002 -0.001 -0.001 -0.001 -0.000 0.000 -0.002 -0.002 -0.003 -0.002 0.000 0.000 0.000 0.000 0.000 0.000 -0.000 0.000 -0.000 0.000 0.000 0.000 0.000 0.000 0.000 0.000 0.000 0.000 0.000 0.000
-0.018 0.000 0.000 0.000 0.000 0.000 0.000 0.000 0.000 0.000 0.000 0.000 0.000 -0.001 0.000 0.000 -0.000 -0.000 -0.009 0.000 0.000 -0.000 -0.001 -0.014 -0.003 0.000 0.000 -0.014 -0.009 -0.010 -0.000 0.000 0.000 -0.004 -0.001 -0.001 -0.001 -0.003 -0.018 -0.001 -0.001 -0.001 -0.000 0.003 0.002 0.009 -0.000 0.003 -0.007 -0.001 0.000 0.000 -0.000 -0.000 -0.001 -0.001 -0.001 -0.001 -0.000 0.000 0.000 -0.000 0.000 0.000 0.000 -0.000 0.000 0.000 0.000 0.000 0.000 0.000 0.000 0.000 0.000 0.000
-0.052 -0.121 -0.000 0.000 0.000 0.000 0.000 0.000 0.000 0.000 0.000 0.000 0.000 0.000 0.000 0.000 -0.002 -0.002 -0.013 -0.019 -0.019 -0.020 -0.019 0.000 0.000 -0.001 -0.001 -0.000 -0.000 0.000 -0.003 -0.002 -0.001 -0.003 -0.001 -0.003 -0.003 -0.002 -0.013 -0.001 -0.001 -0.002 0.001 -0.000 -0.003 -0.001 0.003 0.003 0.001 0.004 0.001 0.000 0.002 0.000 0.000 -0.000 -0.000 -0.000 -0.000 0.000 0.000 0.000 0.000 -0.000 -0.000 0.000 0.000 0.000 0.000 0.000 0.000 0.000 0.000 0.000 0.000 0.000
-0.008 -0.020 -0.159 -0.197 -0.195 -0.120 0.000 0.000 0.000 0.000 0.000 0.000 0.000 -0.000 -0.000 0.000 0.000 -0.001 -0.004 -0.001 -0.001 0.000 0.000 -0.001 -0.001 -0.010 -0.020 -0.000 0.000 0.002 -0.002 -0.004 -0.007 -0.003 -0.002 -0.003 -0.004 -0.006 -0.026 -0.009 -0.007 -0.000 -0.000 -0.001 -0.020 -0.014 -0.011 -0.005 -0.004 -0.001 -0.000 -0.001 -0.000 -0.000 0.000 0.000 0.000 0.000 0.000 0.000 0.000 0.000 -0.000 -0.000 -0.000 0.000 0.000 0.000 0.000 0.000 0.000 0.000 0.000 0.000 0.000 0.000
-0.041 -0.079 -0.062 -0.023 -0.026 -0.100 -0.200 -0.008 0.000 0.000 0.000 0.000 0.000 -0.001 0.000 0.000 0.000 0.000 -0.001 -0.003 0.000 0.000 0.000 0.000 -0.014 -0.014 0.000 0.000 0.000 0.000 -0.001 -0.001 -0.001 -0.000 -0.001 -0.002 -0.006 -0.015 -0.001 -0.001 -0.003 0.001 -0.000 -0.021 -0.016 -0.018 -0.013 -0.018 -0.008 -0.006 -0.005 -0.001 -0.002 -0.000 0.000 0.000 0.000 0.000 0.000 -0.000 -0.001 -0.001 -0.000 -0.000 -0.000 0.000 0.000 0.000 0.000 0.000 0.000 0.000 0.000 0.000 0.000 0.000
-0.079 -0.058 -0.000 0.000 0.000 0.000 -0.020 -0.212 -0.000 0.000 0.000 0.000 -0.000 -0.000 -0.013 -0.001 -0.001 0.000 0.000 -0.005 -0.047 -0.047 -0.047 -0.041 -0.028 -0.019 0.000 0.000 0.000 -0.002 -0.002 -0.003 -0.001 -0.004 -0.005 -0.007 -0.017 -0.024 -0.000 -0.000 -0.002 0.000 -0.014 -0.037 -0.030 -0.021 -0.020 -0.017 -0.017 -0.006 -0.005 -0.004 -0.002 -0.000 0.000 -0.000 0.000 0.000 0.000 -0.001 -0.001 -0.000 -0.000 -0.000 0.000 0.000 0.000 0.000 0.000 0.000 0.000 0.000 0.000 0.000 0.000 0.000
-0.005 -0.006 -0.011 0.000 0.000 0.000 0.000 0.000 -0.096 -0.013 -0.011 -0.053 -0.104 -0.106 -0.093 -0.087 -0.013 -0.014 -0.019 -0.038 -0.002 -0.003 -0.002 -0.000 0.000 0.000 -0.004 -0.001 -0.001 -0.002 -0.004 -0.003 -0.010 -0.001 -0.001 -0.008 -0.016 -0.001 0.006 -0.002 -0.010 -0.014 -0.057 -0.041 -0.023 -0.020 -0.017 -0.007 -0.002 -0.002 -0.001 -0.000 -0.001 0.000 -0.002 -0.002 -0.001 -0.001 -0.000 0.000 0.000 0.000 0.000 0.000 0.000 0.000 -0.000 0.000 0.000 0.000 0.000 0.000 0.000 0.000 0.000 0.000
0.000 0.000 -0.048 -0.006 0.000 0.000 0.001 0.001 -0.123 -0.169 -0.099 -0.063 -0.014 -0.012 -0.006 -0.021 -0.094 -0.095 -0.066 -0.013 -0.006 -0.005 -0.003 -0.004 0.000 0.000 -0.003 -0.002 -0.001 -0.000 -0.000 -0.000 -0.000 -0.002 -0.012 -0.010 -0.000 -0.000 -0.000 -0.016 -0.026 -0.033 -0.011 -0.001 -0.002 -0.013 -0.004 0.000 0.000 0.000 0.000 0.000 -0.000 0.000 0.000 -0.000 -0.002 -0.001 -0.001 -0.000 0.000 0.000 0.000 -0.000 -0.000 0.000 0.000 0.000 0.000 0.000 0.000 0.000 0.000 0.000 0.000 0.000
0.000 0.000 -0.004 -0.042 -0.006 0.001 0.000 0.000 0.000 -0.017 -0.034 -0.008 -0.000 -0.000 -0.003 -0.003 -0.001 -0.000 -0.005 -0.011 -0.005 -0.006 -0.007 -0.002 -0.004 -0.001 -0.002 -0.001 -0.002 -0.003 -0.000 0.000 0.002 -0.013 -0.012 -0.008 -0.001 -0.000 -0.002 -0.016 -0.005 -0.008 -0.005 0.003 -0.010 -0.000 0.000 0.000 0.000 0.000 0.000 0.000 0.000 -0.000 -0.000 0.000 0.000 0.000 0.000 0.000 0.000 0.000 0.000 0.000 0.000 0.000 0.000 0.000 0.000 0.000 0.000 0.000 0.000 0.000 0.000 0.000
-0.020 0.000 0.000 -0.015 -0.028 0.000 -0.000 0.007 0.007 0.003 -0.001 0.002 -0.003 -0.001 -0.003 -0.003 -0.003 0.002 -0.012 -0.027 -0.020 -0.011 -0.011 -0.018 -0.015 -0.008 -0.017 -0.009 -0.006 -0.005 -0.005 -0.020 -0.026 -0.011 -0.005 -0.004 -0.001 0.000 -0.016 -0.005 -0.003 -0.006 0.000 0.006 0.000 0.005 -0.000 -0.000 -0.000 -0.000 0.000 0.000 0.000 0.000 0.000 0.000 0.000 0.000 0.000 0.000 0.000 -0.000 -0.000 0.000 0.000 0.000 0.000 0.000 0.000 0.000 0.000 0.000 0.000 0.000 0.000 0.000
0.000 -0.002 0.000 0.000 -0.009 -0.025 0.000 0.000 0.000 0.001 -0.001 -0.000 0.000 -0.000 -0.001 0.001 0.000 -0.000 -0.001 -0.001 -0.008 -0.006 -0.005 -0.008 -0.010 -0.006 -0.007 -0.012 -0.013 -0.026 -0.030 -0.021 -0.011 -0.008 -0.011 -0.007 -0.010 -0.016 -0.013 -0.008 -0.008 -0.011 -0.004 0.000 0.000 0.004 0.017 0.000 0.000 0.000 -0.000 -0.000 0.000 0.000 0.000 0.000 -0.000 0.000 -0.000 -0.000 0.000 0.000 -0.000 0.000 0.000 0.000 0.000 0.000 0.000 0.000 0.000 0.000 0.000 0.000 0.000 0.000
0.000 -0.009 -0.010 -0.009 -0.027 -0.045 -0.069 -0.038 -0.021 -0.016 -0.019 -0.000 -0.000 0.010 0.013 0.010 0.009 0.004 0.004 -0.003 -0.012 -0.018 -0.003 -0.002 -0.003 -0.012 -0.019 -0.036 -0.033 -0.016 -0.011 -0.010 -0.008 -0.013 -0.008 -0.007 -0.018 -0.019 -0.016 -0.009 -0.014 -0.007 -0.006 -0.002 0.000 0.000 0.000 0.003 -0.000 0.000 0.000 0.000 0.000 0.000 0.000 -0.000 0.000 0.000 -0.000 0.000 -0.000 -0.000 -0.000 0.000 0.000 0.000 0.000 0.000 0.000 0.000 0.000 0.000 0.000 0.000 0.000 0.000
-0.004 -0.015 -0.016 -0.015 -0.014 -0.007 -0.004 -0.011 -0.009 -0.011 -0.013 -0.054 -0.024 0.002 0.001 0.000 -0.000 0.000 0.000 -0.001 -0.002 -0.004 -0.016 -0.023 -0.034 -0.038 -0.033 -0.024 -0.016 -0.010 -0.010 -0.014 -0.017 -0.015 -0.011 -0.014 -0.023 -0.012 -0.015 -0.015 -0.010 -0.008 -0.003 -0.001 0.000 0.001 -0.001 0.008 0.005 -0.000 0.000 0.000 0.000 0.000 -0.001 0.000 0.000 -0.000 0.000 0.000 0.000 0.000 0.000 0.000 0.000 0.000 0.000 0.000 0.000 0.000 0.000 0.000 0.000 0.000 0.000 0.000
-0.003 -0.001 -0.001 -0.003 -0.005 -0.005 -0.004 -0.007 -0.012 -0.005 -0.001 -0.001 -0.023 -0.062 -0.063 -0.051 -0.041 -0.041 -0.044 -0.048 -0.049 -0.048 -0.050 -0.023 -0.008 -0.007 -0.014 -0.016 -0.016 -0.018 -0.018 -0.018 -0.012 -0.010 -0.015 -0.026 -0.010 -0.013 -0.010 -0.012 -0.007 -0.010 -0.003 -0.002 -0.000 0.002 0.001 0.001 0.009 0.002 0.007 0.002 0.002 0.001 0.000 0.000 -0.000 0.000 -0.000 -0.000 -0.000 -0.000 0.000 -0.000 0.000 0.000 0.000 0.000 0.000 0.000 0.000 0.000 0.000 0.000 0.000 0.000
-0.001 -0.000 0.000 0.000 0.000 -0.000 -0.001 -0.002 -0.004 -0.005 -0.027 -0.020 -0.024 -0.016 -0.015 -0.026 -0.033 -0.026 -0.024 -0.020 -0.010 -0.008 -0.008 -0.021 -0.024 -0.013 -0.009 -0.008 -0.013 -0.025 -0.026 -0.020 -0.022 -0.021 -0.027 -0.011 -0.016 -0.017 -0.013 -0.010 -0.010 -0.004 -0.002 -0.004 0.002 0.002 0.000 0.000 0.002 0.002 0.003 0.000 0.001 0.001 0.001 -0.000 -0.000 0.000 -0.000 0.000 -0.000 -0.000 -0.000 0.000 0.000 0.000 0.000 0.000 0.000 0.000 0.000 0.000 0.000 0.000 0.000 0.000
0.000 0.000 0.000 0.000 0.001 -0.006 -0.009 -0.019 -0.016 -0.016 -0.018 -0.017 -0.018 -0.008 -0.008 -0.010 -0.015 -0.022 -0.012 -0.014 -0.023 -0.018 -0.015 -0.018 -0.022 -0.032 -0.030 -0.019 -0.019 -0.021 -0.011 -0.014 -0.012 -0.010 -0.022 -0.017 -0.015 -0.014 -0.011 -0.016 -0.006 -0.011 -0.005 -0.004 -0.001 -0.001 0.001 -0.000 0.000 0.000 0.001 -0.000 -0.000 0.001 0.000 0.000 -0.000 -0.000 -0.000 -0.000 -0.000 -0.000 -0.000 0.000 0.000 0.000 0.000 0.000 0.000 0.000 0.000 0.000 0.000 0.000 0.000 0.000
0.000 0.000 0.000 0.000 0.000 -0.000 -0.000 -0.007 -0.005 -0.007 -0.004 -0.005 -0.005 -0.014 -0.009 -0.012 -0.010 -0.010 -0.015 -0.008 -0.007 -0.008 -0.013 -0.016 -0.009 -0.006 -0.008 -0.017 -0.015 -0.019 -0.018 -0.009 -0.010 -0.012 -0.014 -0.020 -0.011 -0.018 -0.012 -0.011 -0.008 -0.005 -0.007 -0.003 -0.002 -0.001 0.000 0.000 0.000 -0.000 0.000 0.001 -0.001 0.001 0.000 -0.000 0.000 -0.000 0.000 0.000 -0.000 -0.000 0.000 0.000 0.000 0.000 0.000 0.000 0.000 0.000 0.000 0.000 0.000 0.000 0.000 0.000
0.000 0.000 0.000 0.000 -0.000 0.000 -0.000 -0.002 -0.010 -0.020 -0.030 -0.022 -0.018 -0.018 -0.019 -0.009 -0.001 -0.000 -0.008 -0.005 -0.004 -0.007 -0.015 -0.012 -0.012 -0.013 -0.012 -0.016 -0.012 -0.007 -0.008 -0.018 -0.019 -0.017 -0.007 -0.007 -0.011 -0.009 -0.007 -0.009 -0.003 -0.004 -0.002 -0.001 -0.002 -0.001 -0.000 0.003 -0.003 0.002 -0.002 0.001 -0.000 0.001 0.001 -0.000 0.000 0.000 -0.000 -0.000 0.000 -0.000 0.000 0.000 0.000 0.000 0.000 0.000 0.000 0.000 0.000 0.000 0.000 0.000 0.000 0.000
0.000 0.000 0.000 -0.000 -0.000 0.001 0.000 -0.001 -0.009 -0.009 -0.019 -0.025 -0.013 -0.006 -0.006 -0.005 -0.004 -0.002 -0.002 -0.006 -0.008 -0.015 -0.009 -0.010 -0.009 -0.007 -0.008 -0.015 -0.012 -0.014 -0.015 -0.016 -0.013 -0.015 -0.006 -0.006 -0.009 -0.004 -0.005 -0.005 -0.005 -0.003 -0.004 -0.004 -0.000 -0.002 0.000 -0.001 -0.001 -0.001 0.005 -0.001 -0.001 0.002 -0.002 0.000 0.000 -0.002 0.001 -0.001 0.000 0.000 0.000 0.000 0.000 0.000 0.000 0.000 0.000 0.000 0.000 0.000 0.000 0.000 0.000 0.000
0.000 0.000 0.000 0.000 -0.001 -0.001 0.002 -0.000 0.000 -0.004 -0.011 -0.016 -0.010 -0.003 -0.005 -0.016 -0.024 -0.019 -0.012 -0.012 -0.018 -0.011 -0.012 -0.009 -0.007 -0.006 -0.010 -0.011 -0.010 -0.012 -0.008 -0.010 -0.011 -0.009 -0.011 -0.010 -0.008 -0.007 -0.006 -0.009 -0.004 -0.003 -0.004 -0.002 -0.003 -0.000 -0.001 -0.001 -0.001 0.000 -0.000 -0.000 -0.000 -0.001 0.001 0.000 -0.001 0.000 -0.000 -0.000 -0.000 -0.000 0.000 0.000 0.000 0.000 0.000 0.000 0.000 0.000 0.000 0.000 0.000 0.000 0.000 0.000
0.000 0.000 0.000 0.000 0.000 -0.000 -0.004 -0.004 -0.001 -0.001 -0.001 -0.005 -0.017 -0.023 -0.017 -0.007 -0.006 -0.012 -0.011 -0.012 -0.006 -0.003 -0.003 -0.005 -0.014 -0.012 -0.012 -0.012 -0.009 -0.010 -0.010 -0.008 -0.008 -0.008 -0.009 -0.006 -0.010 -0.006 -0.009 -0.003 -0.006 -0.005 -0.002 -0.003 -0.003 -0.001 -0.001 -0.002 -0.001 -0.002 -0.000 -0.000 -0.000 -0.000 0.000 0.000 -0.000 -0.000 0.000 -0.000 -0.000 -0.000 0.000 0.000 0.000 0.000 0.000 0.000 0.000 0.000 0.000 0.000 0.000 0.000 0.000 0.000
0.000 0.000 0.000 0.000 0.000 0.000 -0.000 -0.005 -0.004 -0.006 -0.002 -0.002 -0.008 -0.016 -0.012 -0.010 -0.006 -0.005 -0.007 -0.008 -0.005 -0.004 -0.004 -0.006 -0.007 -0.008 -0.009 -0.008 -0.010 -0.005 -0.008 -0.011 -0.009 -0.007 -0.009 -0.009 -0.005 -0.006 -0.006 -0.005 -0.004 -0.003 -0.002 -0.001 -0.002 -0.001 -0.002 -0.000 -0.001 -0.001 -0.001 0.001 0.001 -0.000 0.001 -0.001 0.000 -0.000 0.000 0.000 -0.000 0.000 0.000 0.000 0.000 0.000 0.000 0.000 0.000 0.000 0.000 0.000 0.000 0.000 0.000 0.000
0.000 0.000 0.000 0.000 0.000 0.000 0.000 -0.001 -0.003 -0.007 -0.006 -0.006 -0.006 -0.009 -0.011 -0.013 -0.012 -0.009 -0.007 -0.006 -0.006 -0.006 -0.004 -0.002 -0.002 -0.008 -0.007 -0.005 -0.006 -0.009 -0.014 -0.009 -0.009 -0.011 -0.007 -0.007 -0.009 -0.003 -0.003 -0.003 -0.002 -0.003 -0.003 -0.002 -0.002 -0.003 -0.002 -0.002 -0.000 -0.001 0.001 -0.003 0.005 -0.002 0.001 -0.001 -0.002 0.000 0.000 -0.000 0.000 0.000 0.000 0.000 0.000 0.000 0.000 0.000 0.000 0.000 0.000 0.000 0.000 0.000 0.000 0.000
0.000 0.000 0.000 0.000 0.000 0.000 0.000 0.000 -0.001 -0.002 -0.004 -0.004 -0.006 -0.005 -0.008 -0.013 -0.021 -0.014 -0.006 -0.006 -0.009 -0.016 -0.017 -0.013 -0.011 -0.007 -0.009 -0.006 -0.006 -0.005 -0.006 -0.006 -0.011 -0.007 -0.009 -0.006 -0.004 -0.004 -0.007 -0.004 -0.003 -0.003 -0.002 -0.002 -0.000 -0.002 0.000 -0.000 -0.000 -0.000 -0.001 -0.001 -0.000 0.004 -0.003 -0.000 0.000 0.000 -0.001 -0.000 -0.000 -0.000 0.000 0.000 0.000 0.000 0.000 0.000 0.000 0.000 0.000 0.000 0.000 0.000 0.000 0.000
0.000 0.000 0.000 0.000 0.000 0.000 0.000 0.000 -0.000 -0.000 -0.002 -0.002 -0.004 -0.004 -0.007 -0.007 -0.006 -0.006 -0.005 -0.006 -0.005 -0.003 -0.002 -0.005 -0.010 -0.006 -0.004 -0.007 -0.008 -0.008 -0.009 -0.007 -0.009 -0.004 -0.010 -0.006 -0.003 -0.005 -0.006 -0.003 -0.003 -0.002 -0.001 -0.000 -0.001 -0.001 -0.000 -0.001 -0.000 -0.000 -0.000 -0.000 -0.001 0.000 -0.000 0.000 0.000 0.000 -0.000 -0.000 -0.000 -0.000 0.000 0.000 0.000 0.000 0.000 0.000 0.000 0.000 0.000 0.000 0.000 0.000 0.000 0.000
