Data/res-0290.Qy
ncols         433
nrows         492
xllcorner     1194560.000000
yllcorner     -584483.500000
cellsize      25.000000
NODATA_value  -9999.000000
[rows 374 to 407 of 492, columns 152 to 227 of 433]
0.014 0.087 0.094 0.050 0.124 0.075 0.141 0.220 0.096 0.091 0.104 0.065 0.122 0.187 0.192 0.011 0.024 0.049 0.023 0.036 0.037 0.015 0.107 0.070 0.062 0.102 0.084 0.086 0.131 0.064 0.018 0.012 0.061 0.097 -0.004 -0.041 -0.073 -0.005 0.006 0.030 0.014 -0.030 -0.020 -0.047 -0.009 0.147 0.022 0.033 0.034 0.058 2.610 0.117 0.066 0.130 0.066 0.138 0.090 0.096 0.217 0.080 0.047 0.045 0.045 0.104 0.130 0.053 0.042 0.068 0.068 0.116 0.094 0.122 0.131 0.204 0.185 0.208
0.016 0.118 0.230 0.074 0.095 0.202 0.141 0.029 0.092 0.126 0.232 0.192 0.109 0.175 0.011 0.005 0.025 -0.014 0.009 0.054 0.050 0.071 0.079 0.068 0.106 0.091 0.113 0.202 0.066 0.040 0.034 0.010 0.044 0.047 0.003 -0.026 -0.048 0.025 -0.001 -0.034 -0.054 -0.068 -0.017 0.000 0.024 0.092 0.010 0.011 0.003 1.214 1.420 0.155 0.071 0.177 0.063 0.174 0.080 0.081 0.225 0.117 0.069 0.043 0.047 0.084 0.126 0.003 0.041 0.141 0.052 0.072 0.074 0.142 0.162 0.188 0.231 0.233
0.037 0.075 0.268 0.054 0.121 0.184 0.109 0.040 0.137 0.136 0.387 0.077 0.104 0.123 0.019 0.021 0.066 0.002 0.001 0.026 0.065 0.071 0.128 0.144 0.144 0.193 0.046 0.043 0.038 0.038 0.108 0.107 0.011 -0.052 0.014 -0.012 -0.027 -0.059 -0.045 -0.026 -0.016 -0.053 1.937 0.138 0.025 0.078 0.014 0.017 0.131 0.171 0.120 0.205 0.056 0.184 0.068 0.199 0.097 0.087 0.195 0.140 0.097 0.101 0.067 0.137 -0.000 -0.039 0.039 0.106 0.063 0.136 0.126 0.104 0.149 0.155 0.358 0.147
0.061 0.097 0.223 0.044 0.266 0.142 0.055 0.073 0.096 0.476 0.120 0.068 0.084 0.067 0.029 0.031 0.056 0.010 0.043 0.123 0.076 0.082 0.094 0.191 0.279 0.065 0.038 0.042 0.042 0.037 0.171 0.033 0.024 -0.026 -0.078 -0.017 -0.032 -0.104 -0.093 -0.014 -0.012 1.932 0.019 0.110 0.066 0.054 0.039 0.050 0.162 0.080 0.065 0.255 0.060 0.172 0.077 0.189 0.129 0.171 0.105 0.127 0.122 0.092 0.042 0.039 0.010 0.060 0.035 0.094 0.130 0.088 0.150 0.176 0.134 0.101 0.296 0.185
0.100 0.104 0.156 0.040 0.302 0.146 0.060 0.071 0.406 0.187 0.134 0.085 0.108 0.079 0.056 0.023 0.070 0.030 0.039 0.112 0.274 0.180 0.194 0.103 0.024 0.020 0.024 0.052 0.051 0.205 0.090 0.013 -0.018 -0.029 -0.183 0.002 0.026 -0.027 -0.024 -0.069 -0.022 1.781 0.065 0.137 0.010 0.033 0.045 0.245 0.091 0.055 0.032 0.270 0.122 0.121 0.094 0.172 0.114 0.124 0.096 0.124 0.116 0.075 0.043 0.049 0.019 0.022 0.070 0.112 0.093 0.068 0.264 0.167 0.383 0.061 0.088 0.110
0.073 0.117 0.109 0.064 0.283 0.203 0.398 0.217 0.055 0.121 0.111 0.111 0.085 0.124 0.012 0.017 0.070 0.034 0.083 0.304 0.427 0.140 0.065 0.015 0.012 0.008 0.063 0.077 0.184 0.044 0.042 -0.010 -0.075 -0.043 -0.090 -0.028 -0.037 -0.010 -0.015 -0.056 -0.076 1.750 0.092 0.141 0.031 0.033 0.024 0.279 0.102 0.064 0.144 0.217 0.132 0.075 0.210 0.097 0.101 0.068 0.104 0.090 0.121 0.105 0.048 0.033 0.008 -0.015 0.068 0.215 0.138 0.090 0.178 0.095 0.332 0.114 0.147 0.138
0.040 0.114 0.094 0.111 0.182 0.352 0.574 0.087 0.078 0.081 0.077 0.155 0.098 0.090 0.112 0.023 0.081 0.075 0.204 0.388 0.254 0.108 0.011 -0.037 0.002 0.095 0.289 0.042 0.009 0.008 -0.033 -0.019 -0.046 -0.053 -0.064 0.012 -0.062 0.032 -0.015 -0.049 -0.135 1.594 0.139 0.129 0.064 0.165 0.070 0.096 0.042 0.043 0.351 0.145 0.077 0.054 0.254 0.089 0.093 0.103 0.106 0.076 0.115 0.041 0.022 0.043 0.031 0.063 0.093 0.163 0.225 0.044 0.057 0.073 0.331 0.167 0.167 0.165
0.029 0.149 0.186 0.073 0.108 0.373 0.680 0.112 0.139 0.159 0.098 0.169 0.294 0.311 0.236 0.257 0.006 -0.058 0.179 0.087 -0.023 -0.031 -0.006 0.038 0.074 0.241 0.097 0.039 0.006 -0.023 -0.052 -0.033 -0.050 -0.002 -0.034 -0.085 -0.023 -0.063 -0.008 0.021 1.398 0.266 0.026 0.039 0.071 0.184 0.041 0.024 0.019 0.007 0.442 0.193 0.052 0.051 0.205 0.078 0.072 0.108 0.176 0.080 0.151 -0.011 0.009 0.007 0.029 0.093 0.082 0.123 0.189 0.057 0.062 0.045 0.460 0.137 0.139 0.151
0.330 0.301 0.276 1.111 4.809 0.049 -1.914 -2.022 0.111 3.524 0.260 0.036 -2.394 0.053 -0.006 -0.377 -0.055 -0.070 -0.024 -0.141 -0.008 -0.033 -0.120 -0.043 0.164 0.119 0.026 0.040 0.018 -0.038 -0.087 -0.020 0.013 0.007 -0.035 -0.085 -0.055 -0.037 -0.046 -0.059 1.340 0.388 0.044 0.009 0.159 0.055 0.022 0.028 0.023 -0.007 0.413 0.204 0.077 0.053 0.202 0.082 0.089 0.209 0.136 0.091 0.010 0.004 0.013 0.048 0.049 0.062 0.073 0.105 0.193 0.062 0.056 0.128 0.363 0.195 0.213 0.051
0.021 0.009 -0.015 -0.042 0.009 0.033 0.028 -0.010 -0.104 -0.037 -0.031 -0.203 -2.183 -0.153 -0.089 -0.368 -0.057 -0.098 -0.057 -0.140 -0.102 -0.082 -0.014 0.062 0.063 0.023 0.023 0.022 -0.032 -0.061 -0.010 0.136 0.012 -0.073 -0.147 -0.086 -0.141 -0.005 -0.040 -0.099 1.617 0.238 0.068 0.155 0.005 -0.014 0.012 0.021 0.058 0.098 0.229 0.222 0.085 0.051 0.210 0.098 0.353 0.061 0.060 0.136 0.026 -0.122 -0.005 0.036 0.031 0.036 0.065 0.096 0.464 0.188 0.052 0.074 0.267 0.089 0.096 0.063
0.167 0.101 0.004 -0.102 -0.059 0.018 0.090 0.005 -0.163 -0.118 -0.055 -0.281 -1.819 -0.152 -0.191 -0.337 -0.061 -0.205 -0.100 -0.150 -0.113 -0.063 0.049 0.064 -0.002 0.012 0.025 -0.030 -0.021 0.047 0.017 0.013 0.009 0.028 -0.070 -0.246 -0.054 -0.124 -0.057 0.027 1.534 0.295 0.169 0.048 -0.068 -0.018 0.013 0.050 0.112 0.050 0.187 0.196 0.083 0.049 0.274 0.149 0.280 0.054 0.102 0.133 0.103 0.021 -0.272 -0.039 0.002 0.024 0.039 0.135 0.467 0.220 0.088 0.107 0.197 0.116 0.091 0.103
0.014 0.002 -0.017 -0.128 -0.035 0.113 -0.008 -0.004 -0.062 -0.062 -0.070 -0.587 -1.678 -0.072 -0.265 -0.222 -0.056 -0.326 -0.114 -0.105 -0.079 0.056 0.050 0.025 -0.006 -0.072 -0.083 -0.024 0.007 0.070 0.009 0.055 0.003 -0.012 -0.047 -0.139 -0.127 -0.049 0.123 0.786 0.550 0.233 0.111 0.028 -0.028 0.052 0.022 0.090 -0.000 0.025 0.208 0.168 0.056 0.040 0.357 0.311 0.050 0.042 0.227 0.053 0.107 0.005 -0.034 -0.207 -0.020 0.083 0.305 0.127 0.086 0.173 0.108 0.134 0.143 0.094 0.088 0.172
-0.014 -0.145 -0.029 0.005 0.115 -0.028 -0.084 0.012 -0.019 -0.134 -0.204 -1.799 -0.403 -0.072 -0.244 -0.200 -0.078 -0.145 -0.126 -0.085 -0.034 0.100 -0.005 -0.000 0.034 -0.043 -0.172 -0.036 0.034 0.012 -0.040 0.046 -0.002 -0.021 -0.037 -0.174 -0.090 -0.031 2.391 0.009 -0.746 0.086 0.020 0.018 0.057 -0.016 0.026 0.075 0.019 0.130 0.239 0.047 0.125 0.091 0.229 0.294 0.042 0.042 0.216 0.100 -0.066 0.005 0.061 0.008 0.131 0.035 0.076 0.056 0.036 0.197 0.141 0.179 0.119 0.066 0.079 0.156
-0.028 -0.155 -0.025 0.066 -0.028 -0.016 0.170 -0.058 -0.114 -0.181 -0.404 -1.714 -0.062 -0.222 -0.373 -0.123 -0.083 -0.065 -0.093 -0.083 0.048 0.044 -0.006 -0.024 -0.012 -0.037 -0.090 -0.098 -0.034 -0.000 0.019 -0.041 -0.004 -0.043 -0.009 0.051 2.161 -0.024 -0.028 -0.038 -0.018 -0.580 0.097 0.022 -0.068 -0.107 0.034 0.243 0.101 0.110 0.173 0.155 0.034 0.130 0.119 0.200 0.040 0.041 0.228 0.222 -0.020 -0.106 0.025 -0.007 0.066 0.059 0.071 0.049 0.113 0.187 0.123 0.157 0.108 0.091 0.069 0.083
-0.056 -0.035 -0.022 0.004 -0.034 -0.025 0.197 -0.034 -0.116 -0.177 -1.708 -0.582 -0.013 -0.033 -0.179 -0.099 -0.226 -0.082 -0.026 0.020 -0.076 -0.029 -0.017 -0.039 -0.032 -0.039 -0.086 -0.105 -0.049 -0.006 0.005 -0.027 -0.031 -0.048 0.009 0.165 1.924 0.012 -0.005 0.046 0.001 -0.535 -0.004 0.048 0.120 0.056 0.006 0.135 0.030 0.093 0.204 0.101 0.071 0.074 0.039 0.211 0.044 0.046 0.193 0.151 -0.001 0.002 0.170 0.039 -0.142 -0.003 0.041 0.043 0.181 0.171 0.136 0.092 0.141 0.054 0.102 0.064
0.008 -0.026 -0.013 -0.027 -0.037 0.155 -0.036 -0.030 -0.006 -0.156 -1.808 -0.470 -0.040 -0.087 -0.080 -0.099 -0.013 -0.119 -0.129 -0.013 -0.039 -0.019 -0.022 -0.064 -0.098 -0.049 -0.083 -0.161 -0.043 -0.004 -0.002 -0.075 -0.009 0.011 0.052 0.217 1.645 0.063 0.159 0.005 -0.048 -0.663 0.027 0.055 0.129 0.088 0.087 0.058 0.018 0.187 0.261 0.079 0.137 -0.011 -0.013 0.168 0.019 0.016 0.399 -0.033 -0.003 0.169 0.018 0.013 -0.109 0.024 0.075 0.065 0.148 0.114 0.138 0.065 0.095 0.044 0.165 0.097
-0.024 -0.033 -0.009 -0.009 -0.014 0.095 -0.008 0.008 0.330 0.051 -0.003 -3.003 0.006 -0.004 -0.050 -0.095 -0.028 -0.069 -0.135 -0.010 0.023 0.038 -0.026 -0.060 -0.078 -0.054 0.120 1.312 0.148 0.027 0.011 -0.002 0.006 0.211 -0.009 -0.087 -0.080 -0.078 -0.024 -0.014 0.034 -0.536 0.114 -0.020 0.048 0.054 0.089 0.061 -0.000 0.150 0.276 0.102 0.102 0.015 0.057 0.440 0.006 -0.071 0.141 -0.000 0.007 0.149 -0.013 -0.005 -0.028 0.034 0.014 0.059 0.105 0.116 0.121 0.067 0.136 0.066 0.128 0.058
-0.035 -0.031 -0.025 -0.003 0.258 -0.013 -0.003 0.027 0.262 0.016 -0.083 -2.950 0.116 -0.032 -0.041 -0.103 0.023 0.055 -0.070 -0.029 -0.119 -0.071 -0.044 -0.039 -0.011 1.213 0.088 0.197 0.018 -0.011 -0.017 0.001 0.029 0.212 -0.003 -0.086 -0.038 -0.212 -0.010 0.028 0.081 -0.609 0.071 0.013 0.022 0.046 0.369 0.011 -0.078 0.022 0.351 0.101 0.127 0.037 -0.016 0.375 0.064 0.049 -0.074 -0.014 -0.004 0.150 0.016 0.029 0.154 -0.025 -0.071 0.026 0.056 0.158 0.095 0.059 0.169 0.104 0.168 0.071
0.024 0.086 -0.009 -0.048 -0.138 -0.136 -0.013 0.276 0.097 0.000 -0.148 -0.104 -2.764 -0.004 0.027 0.165 -0.024 -0.022 -0.111 -0.039 -0.196 -0.024 0.035 0.191 0.052 0.907 0.107 0.151 0.008 -0.011 0.033 0.002 0.028 0.038 0.005 -0.034 -0.060 -0.297 0.009 0.104 0.177 0.065 -0.468 -0.079 0.008 0.137 0.084 0.084 0.089 0.033 0.283 0.195 0.021 0.024 0.020 0.249 0.152 0.085 0.059 0.056 0.001 -0.092 -0.010 0.015 0.158 0.018 0.048 0.026 0.018 0.036 0.046 0.048 0.168 0.140 0.087 0.065
-0.143 -0.083 -0.010 -0.020 -0.047 -0.023 -0.047 0.220 0.039 -0.005 -0.142 -0.074 -2.853 0.066 0.135 0.077 -0.020 -0.042 0.008 -0.019 -0.086 0.006 0.027 -0.004 -0.015 0.912 0.156 0.102 -0.001 -0.023 -0.025 -0.010 0.144 0.021 -0.004 -0.049 -0.128 -0.206 0.014 0.078 0.339 0.010 -0.290 -0.262 -0.016 0.008 0.063 0.148 0.069 0.252 0.139 0.263 -0.000 0.024 0.094 0.163 0.021 0.100 0.077 0.101 0.025 -0.095 0.031 0.014 0.004 0.011 0.048 0.050 0.074 0.069 0.052 0.078 0.104 0.102 0.052 0.051
-0.140 -0.118 -0.004 0.086 0.141 -0.027 -0.163 0.067 -0.081 -0.015 -0.042 -0.122 -0.285 -2.027 -0.106 -0.023 -0.057 0.026 -0.007 -0.009 -0.016 -0.015 -0.036 -0.024 -0.018 1.092 0.060 -0.019 -0.022 -0.084 -0.009 0.040 0.229 -0.053 -0.082 -0.051 -0.011 -0.062 0.013 0.054 0.137 0.030 0.027 -0.035 -0.335 -0.021 0.045 0.042 0.038 0.259 0.065 0.328 0.034 0.026 0.394 0.092 -0.082 -0.143 0.049 0.118 0.028 -0.020 0.014 0.023 0.049 0.028 -0.008 0.040 0.057 0.111 0.056 0.060 0.072 0.100 0.069 0.148
0.025 -0.022 -0.025 -0.124 -0.102 -0.065 0.056 -0.167 -0.034 0.060 -0.036 -0.078 -0.301 -1.953 -0.177 -0.023 -0.028 -0.070 -0.003 0.012 0.015 -0.029 -0.030 -0.048 0.065 0.939 0.055 0.009 0.077 0.131 0.080 -0.018 -0.090 -0.131 -0.038 -0.059 0.236 0.062 0.018 -0.004 -0.166 0.059 0.060 0.016 -0.020 -0.473 0.007 0.048 0.027 0.180 0.040 0.430 0.074 0.469 0.040 0.069 0.071 -0.051 -0.141 0.011 0.014 0.062 -0.054 0.002 0.019 0.063 0.032 0.005 0.029 0.088 0.068 0.085 0.108 0.088 0.102 0.095
0.023 -0.016 -0.055 -0.053 -0.101 0.178 -0.157 -0.102 0.082 -0.033 -0.156 -0.130 -0.183 -1.974 -0.202 -0.014 0.086 0.090 -0.015 -0.086 -0.096 -0.157 -0.031 0.016 0.099 1.380 0.020 -0.022 -0.054 -0.045 -0.004 -0.019 -0.130 -0.114 0.018 0.108 0.018 0.063 0.030 0.001 -0.035 -0.162 0.044 0.027 0.026 -0.161 -0.296 0.007 0.022 0.184 0.258 0.188 0.072 0.468 0.063 0.146 0.040 -0.015 -0.114 0.026 0.008 0.038 -0.125 0.006 0.044 0.035 0.024 0.014 -0.012 0.053 0.071 0.092 0.139 0.071 0.087 0.091
0.057 -0.029 -0.160 -0.040 -0.017 0.366 -0.024 -0.016 -0.309 -0.035 -0.126 -0.077 -0.064 -2.127 -0.146 -0.014 0.066 0.017 -0.021 -0.025 -0.120 -0.138 -0.013 1.590 0.038 -0.034 -0.094 -0.090 -0.067 -0.039 0.068 -0.089 -0.122 -0.072 0.103 0.014 0.015 0.030 0.057 0.138 -0.011 -0.084 -0.131 0.041 0.056 0.025 -0.035 -0.388 -0.013 0.590 0.069 -0.185 0.034 0.391 0.098 0.165 0.052 0.038 -0.099 -0.038 -0.011 0.026 0.025 -0.041 0.006 0.013 0.013 0.028 0.056 0.008 0.047 0.079 0.083 0.082 0.163 0.068
-0.070 -0.026 -0.004 -0.043 0.250 -0.048 -0.043 -0.022 -0.175 -0.023 -0.172 -0.088 -0.088 -0.174 -1.820 -0.005 -0.033 -0.051 -0.072 -0.011 -0.064 1.042 0.222 0.205 0.022 -0.129 -0.100 -0.089 -0.058 0.103 -0.115 -0.048 -0.060 -0.055 -0.082 -0.024 0.279 0.173 -0.016 -0.056 -0.031 -0.047 -0.097 0.089 0.044 0.073 0.046 -0.026 0.018 0.017 0.059 0.156 0.031 0.029 0.126 0.075 0.034 0.106 0.052 -0.041 -0.202 -0.024 0.002 0.013 -0.032 0.011 0.030 0.050 0.071 0.043 0.004 0.042 0.071 0.094 0.214 0.099
-0.090 -0.039 -0.007 0.304 -0.006 -0.085 -0.114 -0.046 -0.100 -0.034 -0.146 -0.106 -0.091 -0.180 -0.092 -1.448 -0.111 -0.059 0.126 0.497 0.539 0.070 0.024 -0.070 0.049 0.006 -0.035 -0.028 0.079 -0.073 -0.352 -0.019 -0.114 -0.097 -0.061 0.009 0.370 0.105 0.018 -0.042 -0.064 0.005 -0.027 -0.061 0.038 0.200 -0.032 -0.028 0.036 -0.007 0.046 0.329 0.054 -0.102 0.072 0.040 -0.003 0.105 0.028 -0.027 -0.061 -0.075 -0.021 -0.003 -0.101 0.020 0.070 0.040 0.038 0.046 0.093 0.147 0.038 0.094 0.066 0.073
-0.085 -0.031 0.245 0.101 -0.022 -0.104 -0.014 -0.114 -0.130 -0.065 0.041 -0.030 -0.198 -0.306 -0.200 -0.831 -0.456 -0.070 1.354 -0.035 -0.007 -0.084 -0.012 0.030 -0.045 -0.038 -0.040 0.028 0.150 0.012 -0.061 -0.207 -0.512 -0.031 0.010 0.478 0.191 0.003 -0.093 -0.022 0.028 -0.032 -0.081 -0.033 0.036 -0.006 -0.053 -0.046 0.198 0.090 0.070 0.109 0.041 -0.097 0.045 0.069 0.043 0.026 -0.045 -0.039 0.005 -0.072 -0.052 -0.022 -0.020 -0.008 0.043 0.127 0.058 0.048 0.056 0.099 0.072 0.120 0.069 0.075
0.115 0.145 -0.003 -0.098 -0.016 -0.017 -0.051 -0.099 -0.087 0.015 -0.086 -0.044 -0.047 -0.197 -0.115 -0.116 0.065 -0.011 -0.103 -0.094 -0.043 -0.042 0.089 -0.061 -0.106 -0.023 -0.003 0.333 0.016 -0.150 -0.002 -0.047 0.118 0.006 -0.302 -0.004 0.172 0.012 -0.143 -0.016 0.069 -0.118 -0.079 -0.011 0.056 -0.038 -0.079 0.092 0.108 0.151 0.043 0.027 0.025 -0.044 -0.048 0.062 0.007 -0.020 -0.028 0.030 -0.006 -0.026 -0.001 -0.066 -0.039 -0.034 0.026 0.077 0.068 0.076 0.084 0.120 0.071 0.123 0.081 0.098
0.202 -0.068 -0.066 -0.083 -0.068 -0.080 -0.068 -0.062 -0.053 -0.009 -0.001 -0.055 -0.076 -0.044 -0.110 -0.085 0.017 -0.041 -0.143 -0.048 -0.017 0.015 0.010 -0.042 -0.110 -0.011 0.066 0.246 0.007 -0.249 0.075 0.033 0.019 -0.011 -0.274 0.005 0.082 0.042 0.034 -0.116 0.084 0.013 -0.249 -0.034 0.080 -0.002 0.036 0.084 0.040 -0.044 0.083 0.032 0.030 0.045 -0.114 -0.087 0.004 0.027 0.016 0.000 -0.019 -0.023 -0.002 0.034 -0.015 0.043 0.006 -0.001 0.023 0.072 0.095 0.156 0.110 0.061 0.090 0.109
-0.232 -0.192 -0.051 -0.065 -0.048 -0.034 0.059 -0.046 -0.159 -0.094 -0.015 -0.012 0.012 0.035 -0.091 -0.110 -0.023 -0.104 -0.087 -0.039 -0.061 0.021 -0.032 -0.031 -0.070 -0.001 0.093 0.177 0.003 -0.185 -0.019 0.020 0.095 -0.023 -0.175 0.008 -0.031 0.056 0.019 -0.047 0.002 -0.002 -0.139 -0.136 -0.016 0.002 0.116 0.072 0.041 0.003 -0.035 0.031 0.163 0.052 -0.010 -0.080 -0.023 -0.028 -0.025 -0.025 -0.082 -0.032 0.001 0.027 0.055 -0.003 0.015 0.101 0.018 0.030 0.096 0.132 0.101 0.088 0.086 0.109
-0.174 0.040 -0.025 -0.178 0.009 0.071 0.131 0.001 -0.158 -0.048 -0.055 -0.145 -0.100 -0.215 -0.116 -0.107 -0.058 -0.024 -0.148 -0.050 -0.069 0.005 -0.012 -0.029 -0.086 -0.007 0.205 0.087 -0.001 -0.028 -0.029 0.023 -0.017 -0.062 -0.106 -0.066 -0.000 0.065 0.008 -0.128 -0.019 -0.005 0.009 -0.212 -0.045 0.009 0.086 0.073 0.066 0.052 -0.056 0.029 0.086 0.057 0.030 -0.003 -0.010 -0.072 -0.063 -0.034 0.025 -0.018 -0.012 -0.072 0.023 0.110 0.028 0.025 0.013 0.129 0.081 0.056 0.074 0.127 0.148 0.054
0.014 -0.037 -0.036 -0.026 -0.014 -0.018 -0.038 0.015 -0.005 -0.079 -0.059 -0.134 -0.158 -0.233 -0.121 -0.114 -0.058 0.055 -0.108 -0.083 -0.039 -0.117 -0.017 -0.028 -0.013 0.102 0.115 0.065 -0.013 -0.053 -0.100 -0.026 -0.017 -0.037 0.021 -0.093 0.017 0.021 0.002 -0.084 -0.162 -0.003 0.028 -0.251 0.000 0.027 0.120 0.043 0.046 0.057 0.068 0.044 -0.002 0.018 0.013 -0.019 0.007 -0.011 -0.078 -0.026 -0.007 -0.059 -0.014 0.008 0.035 0.034 0.032 0.048 0.063 0.093 0.104 0.062 0.105 0.089 0.112 0.037
-0.020 -0.037 -0.045 0.023 -0.009 -0.053 0.003 -0.036 -0.071 -0.074 -0.060 -0.075 -0.095 -0.121 -0.085 -0.038 -0.048 -0.159 -0.071 -0.020 -0.011 -0.055 -0.164 -0.056 0.002 0.217 0.034 -0.062 -0.037 0.049 -0.114 -0.069 -0.035 -0.056 0.018 -0.128 0.048 0.053 0.007 0.012 -0.387 0.030 0.037 -0.007 -0.228 0.034 0.137 0.069 0.017 0.083 0.044 0.060 0.006 -0.096 0.023 0.048 -0.008 -0.011 -0.023 -0.067 -0.018 -0.029 -0.019 0.004 0.012 0.027 0.073 0.052 0.100 0.065 0.069 0.077 0.131 0.083 0.079 0.066
-0.040 -0.047 -0.060 -0.022 0.010 0.012 -0.066 -0.025 -0.009 -0.042 -0.002 -0.077 -0.067 -0.029 -0.029 -0.104 -0.079 -0.114 -0.129 -0.052 -0.016 -0.027 -0.070 -0.027 -0.028 -0.014 0.017 -0.014 -0.022 0.036 -0.066 -0.115 -0.063 0.053 0.026 -0.195 -0.093 0.012 0.011 0.028 -0.135 -0.031 0.010 0.006 -0.008 -0.289 0.075 0.073 0.034 0.015 0.033 0.054 0.013 0.024 -0.016 -0.045 -0.011 -0.006 0.016 -0.053 -0.021 -0.029 -0.030 -0.001 0.039 0.029 0.084 0.070 0.076 0.070 0.112 0.111 0.104 0.076 0.063 0.032
