Data/res-0030.Qy
ncols         433
nrows         492
xllcorner     1194560.000000
yllcorner     -584483.500000
cellsize      25.000000
NODATA_value  -9999.000000
[rows 264 to 296 of 492, columns 152 to 227 of 433]
-0.005 0.000 0.002 0.010 0.012 -0.016 -0.014 -0.005 -0.004 0.004 -0.001 0.015 -0.007 -0.009 0.040 0.011 0.016 0.022 0.018 0.046 0.027 0.006 0.009 -0.018 -0.004 -0.001 0.230 0.025 0.024 -0.004 -0.149 -0.087 -0.015 0.001 0.033 0.088 0.078 0.210 0.267 0.005 0.001 0.000 0.000 -0.051 -0.309 -0.251 -0.080 0.000 -0.007 -0.065 -0.000 -0.004 -0.003 0.271 -0.151 -0.036 -0.035 -0.034 -0.086 -0.240 -0.230 -0.225 -0.176 -0.276 -0.196 -0.132 -0.110 -0.050 -0.202 -0.045 -0.029 -0.003 0.000 0.000 0.000 -0.012
0.000 0.000 -0.001 0.001 -0.022 -0.013 -0.011 -0.006 -0.016 -0.018 -0.011 -0.015 0.002 0.002 0.015 0.013 0.044 0.037 0.029 0.037 0.045 0.001 -0.008 -0.002 0.034 0.005 -0.137 0.000 0.048 0.005 0.015 0.054 0.020 0.008 -0.026 0.038 0.071 0.354 0.229 0.043 0.000 0.001 0.000 -0.062 -0.646 -0.044 -0.000 -0.001 -0.008 -0.006 -0.000 -0.015 -0.002 0.066 -0.015 -0.057 -0.076 -0.115 -0.179 -0.118 -0.200 -0.197 -0.202 -0.394 -0.095 -0.121 -0.061 -0.036 -0.111 -0.038 -0.026 0.003 0.000 0.000 0.000 -0.008
0.000 0.000 -0.002 -0.011 -0.036 -0.014 -0.022 -0.015 -0.008 -0.031 -0.019 -0.054 -0.008 0.011 0.011 0.007 0.028 0.044 0.028 0.076 0.069 -0.004 -0.000 0.011 -0.025 0.024 -0.055 0.000 0.006 0.000 0.035 0.041 0.003 -0.015 -0.005 0.057 0.086 0.366 0.160 0.050 0.005 -0.005 -0.036 -0.336 -0.276 -0.031 -0.000 -0.006 -0.012 0.002 0.000 -0.030 0.001 -0.032 -0.010 -0.070 -0.091 -0.091 -0.196 -0.126 -0.209 -0.400 -0.148 -0.196 -0.103 -0.098 -0.063 -0.038 -0.074 -0.031 0.003 0.008 0.007 0.000 0.000 -0.011
-0.000 -0.003 -0.010 -0.002 -0.061 -0.004 -0.038 -0.023 -0.023 -0.062 -0.047 -0.017 -0.008 -0.019 -0.002 0.028 0.025 0.032 0.026 0.040 0.132 0.059 0.001 -0.025 -0.030 -0.038 0.025 0.002 0.040 0.001 0.008 0.015 0.003 -0.001 0.004 -0.018 0.066 0.457 0.109 0.009 -0.195 -0.316 -0.292 -0.026 0.072 0.011 0.093 0.004 -0.000 -0.000 -0.000 -0.000 -0.005 -0.014 -0.040 -0.148 -0.140 -0.102 -0.238 -0.353 -0.230 -0.107 -0.209 -0.139 -0.052 -0.055 -0.045 -0.048 -0.049 0.051 0.001 0.011 0.001 -0.014 0.000 -0.000
-10.463 -0.761 -0.043 10.384 1.094 -0.001 -0.068 -0.060 -0.041 -0.049 -0.041 -0.022 -0.016 -0.023 0.007 0.025 0.025 0.006 0.027 0.001 0.001 0.117 0.025 0.002 0.026 -0.032 -0.015 0.001 0.050 0.013 0.016 0.060 -0.004 0.002 0.002 -0.102 -0.023 0.064 0.036 0.054 -0.140 -0.059 -0.074 -0.022 0.172 0.034 0.102 0.001 0.001 0.000 0.000 -0.003 -0.016 -0.043 -0.021 -0.147 -0.627 -0.096 -0.112 -0.118 -0.146 -0.132 -0.204 -0.117 -0.062 -0.053 -0.042 -0.096 -0.036 -0.021 0.164 0.009 -0.002 -0.001 0.000 -0.000
0.000 0.000 0.000 0.028 12.008 0.105 0.024 -0.029 -0.031 -0.057 -0.046 -0.026 -0.013 -0.047 -0.003 0.013 0.003 0.030 0.118 -0.001 0.003 0.027 0.056 -0.000 -0.018 -0.048 0.077 0.005 -0.029 0.010 0.061 0.052 0.007 0.019 -0.150 -0.023 -0.067 0.006 0.024 0.061 -0.196 0.009 0.012 -0.006 0.229 0.047 0.054 -0.068 0.000 0.000 0.017 0.006 0.040 0.000 0.016 -0.146 -0.678 -0.128 -0.091 -0.119 -0.139 -0.129 -0.192 -0.103 -0.067 -0.066 -0.147 -0.029 -0.009 -0.030 0.092 0.112 0.042 -0.002 -0.000 0.002
0.005 0.002 0.000 0.029 1.639 10.433 -0.007 -0.013 -0.044 -0.055 -0.061 -0.037 -0.041 -0.015 -0.004 0.002 0.024 0.039 0.073 0.042 0.001 0.053 0.075 0.000 -0.073 -0.051 -0.019 0.049 0.030 0.024 0.070 0.093 0.004 -0.185 -0.004 0.007 -0.145 0.005 0.050 0.028 -0.157 -0.023 -0.011 -0.051 -0.003 0.447 0.012 -0.000 0.000 0.000 0.000 0.014 0.048 0.000 -0.024 -0.157 -0.641 -0.143 -0.098 -0.171 -0.149 -0.116 -0.205 -0.087 -0.108 -0.069 -0.072 -0.047 -0.025 -0.009 0.014 0.194 0.066 0.031 0.000 -0.014
0.018 0.002 0.000 0.029 0.634 11.434 -0.026 -0.026 -0.065 -0.065 -0.062 -0.049 -0.059 -0.016 -0.004 0.005 0.021 0.056 0.097 0.088 0.001 -0.014 0.079 -0.005 -0.073 -0.053 -0.009 -0.032 0.000 0.080 0.071 0.004 0.026 -0.038 -0.005 -0.030 -0.096 -0.004 -0.003 0.003 -0.058 -0.027 -0.030 -0.010 -0.004 0.386 0.071 0.001 0.001 -0.000 0.000 -0.010 0.029 -0.027 -0.048 -0.111 -0.440 -0.321 -0.163 -0.156 -0.148 -0.116 -0.184 -0.102 -0.136 -0.112 -0.046 -0.004 0.013 0.002 -0.019 0.211 0.090 0.011 -0.007 0.031
0.018 0.027 0.008 0.005 0.238 11.816 -0.108 -0.032 -0.045 -0.060 -0.062 -0.062 -0.045 -0.017 -0.014 0.004 0.020 0.017 0.015 0.181 0.006 0.002 -0.025 -0.002 -0.001 0.009 0.015 -0.019 0.003 0.056 0.087 0.001 -0.040 0.000 0.008 -0.095 -0.032 0.000 0.005 0.006 -0.082 -0.021 0.003 -0.005 0.001 0.013 0.423 -0.004 -0.010 -0.008 -0.004 0.012 -0.042 -0.018 -0.015 -0.100 -0.159 -0.344 -0.446 -0.151 -0.266 -0.102 -0.110 -0.116 -0.122 -0.097 -0.060 -0.135 -0.170 -0.000 0.017 0.525 0.125 0.012 0.001 -0.110
0.044 0.059 0.053 0.084 0.055 11.357 0.227 0.005 -0.029 -0.055 -0.061 -0.073 -0.053 -0.042 -0.005 0.003 0.043 0.052 0.023 0.109 0.001 -0.028 0.095 0.008 0.000 -0.013 -0.035 0.032 0.003 0.027 0.070 0.001 0.033 0.000 -0.052 -0.060 -0.002 0.000 -0.001 -0.094 -0.047 -0.008 -0.000 -0.000 0.017 0.041 0.411 0.000 -0.000 -0.014 -0.012 -0.026 -0.038 -0.083 -0.017 -0.043 -0.130 -0.397 -0.381 -0.414 -0.078 -0.105 -0.094 -0.118 -0.122 -0.088 -0.246 -0.018 -0.024 0.000 -0.000 0.348 0.234 0.009 -0.007 -0.018
0.063 0.067 0.066 0.054 0.016 0.462 11.114 -0.044 -0.054 -0.047 -0.090 -0.062 -0.046 -0.006 0.002 0.003 -0.001 0.013 0.010 0.094 0.003 -0.003 0.061 0.003 0.004 0.045 0.001 0.042 0.002 0.024 0.001 0.004 0.068 -0.011 -0.005 -0.011 0.001 0.000 -0.037 -0.116 -0.003 0.004 0.001 0.000 0.003 -0.097 0.016 0.339 0.052 0.105 0.001 -0.021 -0.051 -0.094 -0.012 -0.054 -0.192 -0.470 -0.297 -0.341 -0.106 -0.113 -0.095 -0.151 -0.173 -0.143 -0.054 -0.018 -0.013 0.000 -0.000 0.075 0.124 0.215 0.068 0.073
0.096 0.114 0.069 0.043 0.017 0.150 11.227 -0.014 -0.003 -0.074 -0.133 -0.008 -0.004 0.003 -0.009 -0.007 -0.001 0.003 0.009 0.095 0.020 0.007 0.046 0.012 0.010 0.029 0.015 0.044 0.001 0.041 0.008 0.015 0.033 0.020 -0.003 -0.003 0.000 -0.029 -0.082 -0.040 -0.009 0.009 0.006 0.001 -0.221 -0.000 0.069 0.270 0.035 0.071 0.028 -0.014 -0.082 -0.048 -0.065 -0.009 -0.184 -0.406 -0.370 -0.320 -0.105 -0.127 -0.314 -0.101 -0.008 -0.037 -0.041 -0.003 0.002 0.000 -0.002 0.031 -0.018 0.002 0.416 0.039
0.050 0.172 0.115 0.058 0.050 0.048 0.722 10.445 -0.115 -0.035 -0.062 -0.002 0.001 -0.013 -0.005 -0.002 0.000 0.007 0.005 0.071 0.022 0.010 0.016 0.006 0.007 0.005 0.003 0.095 0.001 0.111 0.001 -0.010 0.025 0.024 0.004 -0.002 -0.003 -0.088 -0.033 -0.035 0.012 0.025 0.001 -0.046 -0.165 0.000 0.002 0.045 -0.008 -0.001 0.000 0.154 0.043 -0.006 -0.197 -0.031 -0.091 -0.397 -0.276 -0.297 -0.140 -0.101 -0.270 -0.115 -0.029 -0.032 -0.032 -0.000 0.000 0.006 0.001 -0.019 0.014 0.019 0.000 0.011
0.035 0.136 0.225 0.089 0.039 0.022 0.235 10.741 -0.100 0.002 0.001 -0.002 -0.009 -0.005 -0.009 -0.002 -0.000 0.000 0.000 0.006 0.071 0.011 0.010 0.008 0.008 0.009 0.017 0.119 0.002 0.071 0.003 -0.037 0.021 -0.019 -0.028 -0.001 -0.002 -0.015 -0.010 -0.015 -0.000 0.000 0.008 -0.095 -0.055 0.000 0.001 0.025 -0.007 0.001 0.004 -0.001 0.009 0.030 -0.087 -0.019 -0.100 -0.540 -0.076 -0.333 -0.167 -0.078 -0.199 -0.165 -0.036 -0.039 -0.003 -0.001 0.000 0.001 -0.009 -0.027 0.005 0.050 0.001 0.007
0.065 0.141 0.251 0.161 0.068 0.087 0.043 1.582 9.041 -0.016 -0.001 -0.001 -0.003 -0.000 -0.003 0.000 0.000 0.000 0.000 0.000 0.000 0.023 0.020 0.014 0.022 0.010 0.023 0.046 0.002 0.038 0.061 -0.020 -0.025 0.051 -0.005 -0.004 -0.022 -0.027 -0.005 0.024 0.002 0.000 0.002 -0.156 -0.003 0.000 -0.024 0.000 0.000 0.010 -0.004 -0.007 -0.004 -0.139 -0.044 -0.010 -0.062 -0.408 -0.078 -0.288 -0.254 -0.083 -0.111 -0.183 -0.036 -0.044 -0.002 -0.000 -0.001 -0.068 -0.003 0.001 -0.000 0.037 0.020 0.011
0.072 0.150 0.277 0.210 0.070 0.054 0.011 0.200 10.405 -0.020 0.000 -0.000 0.001 0.000 -0.002 0.000 0.000 0.000 0.000 0.000 0.000 0.000 0.004 0.026 0.016 0.004 0.004 0.067 0.006 0.010 0.007 0.013 -0.007 0.034 0.025 0.007 -0.026 -0.015 -0.005 0.048 0.000 -0.002 -0.022 -0.140 -0.024 -0.001 0.017 0.000 0.000 -0.008 -0.003 -0.091 -0.062 -0.077 -0.075 -0.137 -0.070 -0.164 -0.097 -0.181 -0.407 -0.109 -0.021 -0.125 -0.104 -0.048 -0.029 -0.045 0.000 0.000 0.015 0.018 0.000 -0.015 0.012 -0.030
0.076 0.246 0.273 0.188 0.089 0.076 0.076 0.015 9.795 0.593 -0.000 0.000 0.000 0.000 0.000 0.000 0.000 0.000 0.000 0.000 0.000 0.000 0.003 0.008 0.013 0.004 0.013 0.027 0.001 -0.012 0.002 0.006 -0.002 -0.005 0.071 0.019 0.013 -0.010 -0.004 -0.007 0.001 -0.108 -0.026 0.000 0.001 0.009 -0.030 0.000 0.002 -0.015 -0.060 -0.066 -0.060 -0.095 -0.068 -0.082 -0.075 -0.197 -0.132 -0.126 -0.373 -0.091 -0.014 -0.172 -0.044 -0.118 -0.008 0.000 0.000 -0.005 -0.004 -0.003 -0.000 0.003 -0.049 -0.069
0.202 0.230 0.270 0.134 0.093 0.066 0.040 0.007 1.133 9.254 -0.000 0.000 0.000 0.000 0.000 0.000 0.000 0.000 0.000 0.000 0.000 0.000 0.000 0.000 0.005 0.002 0.017 0.002 -0.000 -0.001 -0.010 0.000 0.016 0.002 0.023 0.069 -0.003 -0.034 -0.011 -0.023 -0.024 -0.020 0.000 0.000 -0.001 0.003 -0.022 0.000 -0.026 -0.022 -0.135 -0.070 -0.034 -0.065 -0.068 -0.087 -0.131 -0.203 -0.108 -0.113 -0.379 -0.116 -0.065 -0.048 -0.027 -0.089 -0.010 -0.001 -0.012 -0.001 0.001 0.001 0.000 -0.006 -0.080 -0.118
0.234 0.189 0.278 0.117 0.136 0.037 0.014 0.001 0.232 10.136 0.000 0.000 0.000 0.000 0.000 0.000 0.000 0.000 0.000 0.000 0.000 0.000 0.000 0.000 0.000 0.000 0.014 0.004 0.000 -0.012 0.000 0.004 0.009 0.003 0.015 0.023 0.003 -0.007 -0.014 -0.036 -0.001 0.004 0.000 -0.000 -0.002 -0.002 -0.016 0.000 -0.003 -0.157 -0.128 -0.031 -0.006 -0.177 -0.143 -0.084 -0.086 -0.130 -0.100 -0.224 -0.222 -0.128 -0.081 -0.047 -0.034 -0.013 -0.007 -0.004 -0.007 -0.000 -0.001 -0.000 -0.000 0.001 -0.203 0.000
0.169 0.216 0.249 0.166 0.072 0.050 0.057 0.056 0.022 10.040 0.124 0.000 -0.000 0.000 0.000 0.000 0.000 0.000 0.000 0.000 0.000 0.000 0.000 0.000 0.000 0.000 0.011 -0.001 -0.003 -0.001 0.000 -0.001 0.004 0.003 0.004 0.003 0.012 -0.001 -0.015 -0.016 -0.000 -0.000 0.000 0.000 0.004 0.001 -0.015 -0.001 -0.002 -0.357 -0.019 -0.017 -0.124 -0.106 -0.108 -0.099 -0.099 -0.161 -0.142 -0.220 -0.217 -0.094 -0.056 -0.045 -0.029 0.078 0.000 0.000 0.000 0.001 0.000 0.000 0.000 -0.013 -0.187 0.000
0.151 0.252 0.224 0.155 0.055 0.037 0.044 0.036 0.005 0.126 10.037 -0.000 0.000 0.000 0.000 0.000 0.000 0.000 0.000 0.000 0.000 0.000 0.000 0.000 0.000 0.000 0.000 0.000 0.000 -0.000 0.001 0.001 0.001 0.002 -0.002 0.001 0.003 0.004 -0.013 -0.001 -0.001 0.000 0.000 0.000 0.000 0.002 -0.012 -0.002 -0.002 -0.397 -0.082 -0.057 -0.072 -0.086 -0.124 -0.094 -0.211 -0.122 -0.176 -0.150 -0.157 -0.102 -0.066 -0.053 -0.014 0.149 0.000 0.000 0.000 0.000 0.002 0.000 -0.064 -0.158 -0.009 0.011
0.144 0.295 0.205 0.144 0.046 0.030 0.008 0.020 0.010 0.010 8.298 1.842 0.000 0.000 0.000 0.000 0.000 0.000 0.000 0.000 0.000 0.000 0.000 0.000 0.000 0.000 0.000 0.000 0.000 0.000 -0.001 0.000 0.001 -0.002 0.000 0.000 0.001 -0.003 -0.000 -0.000 -0.000 0.000 0.000 0.000 0.000 0.000 -0.012 -0.005 -0.013 -0.450 -0.064 -0.086 -0.079 -0.090 -0.115 -0.057 -0.244 -0.114 -0.285 -0.155 -0.096 -0.134 -0.023 -0.006 0.005 0.020 0.069 0.007 -0.000 0.049 0.005 -0.219 0.000 -0.006 -0.006 -0.037
0.301 0.206 0.215 0.080 0.029 0.014 0.009 -0.001 0.005 0.005 0.000 9.740 0.400 0.000 0.000 0.000 0.000 0.000 0.000 0.000 0.000 0.000 0.000 0.000 0.000 0.000 0.000 0.000 0.000 0.000 -0.002 -0.000 -0.001 -0.001 -0.000 0.001 0.001 -0.002 0.000 0.000 -0.000 0.000 0.000 0.000 0.000 0.000 -0.024 -0.032 -0.024 -0.402 -0.089 -0.139 -0.074 -0.142 -0.168 -0.116 -0.133 -0.111 -0.286 -0.108 -0.094 -0.308 -0.047 -0.013 -0.005 -0.004 0.328 0.059 0.000 -0.063 -0.094 -0.007 0.000 -0.053 -0.012 -0.025
0.388 0.161 0.215 0.090 0.043 -0.008 -0.032 -0.006 -0.007 0.000 0.000 0.780 9.320 0.040 0.000 0.000 0.000 0.000 0.000 0.000 0.000 0.000 0.000 0.000 0.000 0.000 0.000 0.000 0.000 0.000 -0.002 -0.000 -0.001 -0.000 -0.000 0.000 -0.000 -0.000 0.000 0.000 0.000 0.000 0.000 -0.000 0.000 0.000 -0.045 -0.006 -0.034 -0.071 -0.446 -0.247 -0.052 -0.118 -0.172 -0.143 -0.147 -0.214 -0.122 -0.124 -0.119 -0.188 -0.068 -0.019 -0.007 -0.007 0.211 0.053 0.012 -0.055 0.022 0.004 0.001 -0.100 -0.001 -0.020
0.348 0.156 0.276 0.130 0.003 -0.005 -0.009 0.028 0.025 0.088 0.026 0.000 0.128 9.721 0.012 0.000 0.000 0.000 0.000 0.000 0.000 0.000 0.000 0.000 0.000 0.000 0.000 0.000 0.000 0.000 -0.002 -0.000 -0.001 -0.001 -0.001 0.000 0.000 0.000 0.000 0.000 0.000 0.000 0.000 -0.000 0.000 0.000 -0.045 -0.008 -0.016 -0.103 -0.027 -0.687 -0.087 -0.145 -0.121 -0.203 -0.145 -0.167 -0.155 -0.138 -0.131 -0.067 -0.089 -0.029 -0.002 -0.001 -0.266 -0.013 0.000 0.310 0.027 0.011 0.001 0.006 0.035 0.000
0.229 0.409 0.180 0.137 -0.011 0.018 0.001 0.026 0.013 0.032 0.004 0.000 0.209 0.000 0.236 9.406 0.008 0.000 0.000 0.000 0.000 0.000 0.000 0.000 0.000 0.000 0.000 0.000 0.000 0.000 -0.002 -0.001 -0.001 -0.001 0.000 0.000 0.000 0.000 0.000 0.000 0.000 0.000 0.000 -0.005 -0.003 -0.022 -0.018 -0.010 -0.013 -0.100 -0.030 -0.746 -0.169 -0.068 -0.102 -0.192 -0.175 -0.156 -0.189 -0.172 -0.034 -0.068 -0.060 -0.038 -0.000 0.004 -0.280 0.004 0.000 0.299 0.021 0.022 0.002 0.003 0.044 0.000
0.143 0.399 0.191 0.090 0.013 0.024 0.016 -0.002 -0.000 -0.001 0.000 0.209 0.000 0.000 0.000 0.000 0.018 9.577 0.056 0.000 0.000 0.000 0.000 0.000 0.000 0.000 0.000 0.000 0.000 0.000 -0.002 -0.003 0.000 0.000 0.000 0.000 0.000 0.000 0.000 0.000 0.000 0.000 0.000 -0.003 -0.004 -0.028 -0.026 -0.016 -0.041 -0.070 -0.209 -0.676 -0.103 -0.063 -0.102 -0.198 -0.213 -0.121 -0.151 -0.150 -0.038 -0.081 -0.065 -0.009 0.000 -0.105 -0.176 -0.001 0.001 0.010 0.023 0.231 0.089 0.001 0.046 0.000
0.385 0.131 0.119 0.098 0.027 0.023 -0.005 -0.016 0.000 0.204 0.000 0.000 0.000 0.000 0.000 0.000 0.000 0.000 0.025 9.528 0.098 0.000 0.000 0.000 0.000 0.000 0.000 0.000 0.000 0.000 -0.002 -0.003 0.000 0.000 -0.000 0.000 0.000 0.000 0.000 0.000 0.000 0.000 0.000 -0.000 -0.007 -0.051 -0.019 -0.015 -0.042 -0.081 -0.217 -0.690 -0.142 -0.080 -0.138 -0.200 -0.131 -0.122 -0.149 -0.186 -0.054 -0.068 -0.102 -0.003 -0.022 -0.139 -0.001 0.002 0.001 -0.001 -0.000 0.002 0.190 0.119 0.050 0.000
0.356 0.133 0.126 0.156 -0.014 -0.020 0.002 0.011 0.154 0.000 0.000 0.000 0.000 0.000 0.000 0.000 0.000 0.000 0.000 0.000 0.000 0.402 9.248 0.000 0.000 0.000 0.000 0.000 0.000 0.000 -0.003 -0.002 0.000 0.000 0.000 0.000 0.000 0.000 0.000 0.000 0.000 0.000 0.000 -0.000 -0.008 -0.052 -0.025 -0.017 -0.046 -0.103 -0.226 -0.728 -0.133 -0.064 -0.133 -0.207 -0.168 -0.106 -0.167 -0.155 -0.066 -0.055 -0.044 -0.007 -0.070 -0.079 -0.012 0.010 0.000 0.000 0.000 0.002 0.000 0.317 0.046 0.000
0.397 0.138 0.163 0.142 -0.001 0.010 0.067 0.001 0.001 0.000 0.000 0.000 0.000 0.000 0.000 0.000 0.000 0.000 0.000 0.000 0.000 0.000 0.024 9.626 0.000 0.000 0.000 0.000 0.000 0.000 -0.005 0.000 0.000 0.000 0.000 0.000 0.000 0.000 0.000 0.000 0.000 0.000 0.000 0.000 -0.008 -0.050 -0.033 -0.076 -0.076 -0.146 -0.200 -0.946 -0.079 -0.050 -0.050 -0.104 -0.159 -0.098 -0.249 -0.114 -0.081 -0.028 0.031 0.001 -0.193 0.000 -0.000 0.047 0.001 0.000 0.000 -0.000 0.000 0.239 0.106 0.001
0.618 0.027 0.116 0.091 0.005 0.064 0.006 0.000 0.000 0.000 0.000 0.000 0.000 0.000 0.000 0.000 0.000 0.000 0.000 0.000 0.000 0.000 0.000 9.167 0.483 0.000 0.000 0.000 0.000 0.000 -0.005 0.000 0.000 0.000 0.000 0.000 0.000 0.000 0.000 0.000 0.000 0.000 0.000 0.000 -0.008 -0.041 -0.067 -0.111 -0.133 -0.142 -0.177 -0.860 -0.095 -0.065 -0.059 -0.117 -0.214 -0.215 -0.100 -0.078 -0.070 -0.046 -0.084 0.000 -0.025 0.000 0.000 0.000 0.048 -0.000 -0.000 -0.000 0.000 -0.018 -0.011 0.374
0.584 0.038 0.114 0.082 0.009 0.060 0.006 0.000 0.000 0.000 0.000 0.000 0.000 0.000 0.000 0.000 0.000 0.000 0.000 0.000 0.000 0.000 0.000 0.012 9.638 0.000 0.000 0.000 0.000 0.000 -0.005 0.000 0.000 0.000 0.000 0.000 0.000 -5.990 0.000 0.000 5.987 0.003 0.000 0.000 -0.011 -0.044 -0.115 -0.084 -0.173 -0.267 -0.205 -0.647 -0.157 -0.106 -0.142 -0.159 -0.183 -0.171 -0.081 -0.045 -0.088 -0.004 -0.002 0.000 -0.025 0.000 0.000 0.000 -0.003 0.000 0.000 0.000 0.000 0.000 0.000 0.362
0.553 0.077 0.104 0.071 0.047 0.020 0.017 0.000 0.000 0.000 0.000 0.000 0.000 0.000 0.000 0.000 0.000 0.000 0.000 0.000 0.000 0.000 0.000 0.000 0.000 7.690 0.528 0.783 0.175 0.413 0.055 0.000 0.000 0.000 0.000 0.000 0.000 -5.990 0.000 0.000 0.612 5.193 0.185 0.000 -0.045 -0.138 -0.054 -0.030 -0.114 -0.442 -0.821 -0.060 -0.122 -0.154 -0.162 -0.172 -0.111 -0.085 -0.067 -0.067 -0.040 -0.000 -0.007 -0.015 0.000 0.000 -0.003 0.000 0.000 0.000 0.000 0.000 0.000 0.000 -0.000 0.368
