Data/res-0210.wd
ncols         433
nrows         491
xllcorner     1194560.000000
yllcorner     -584471.000000
cellsize      25.000000
NODATA_value  -9999.000000
[rows 340 to 373 of 491, columns 154 to 230 of 433]
0.055 0.396 0.379 0.514 0.253 0.200 0.270 0.043 0.001 0.000 0.000 0.000 0.000 0.000 0.000 0.001 0.000 0.063 0.000 0.000 0.000 0.000 0.000 0.000 0.000 0.000 0.000 0.000 0.000 0.000 0.000 0.000 0.000 0.000 0.000 0.000 0.000 0.000 0.000 0.000 0.000 0.734 0.995 0.677 0.000 0.000 0.000 0.000 0.000 0.000 0.007 0.011 0.031 0.013 0.000 0.000 0.000 0.000 0.000 0.013 0.020 0.000 0.003 0.002 0.016 0.016 0.000 0.028 0.019 0.029 0.239 0.199 0.000 0.000 0.060 0.094 0.241
0.000 0.087 0.227 0.441 0.292 0.401 0.101 0.155 0.001 0.001 0.000 0.043 0.018 0.001 0.010 0.027 0.092 0.001 0.000 0.000 0.000 0.000 0.001 0.022 0.000 0.000 0.000 0.000 0.000 0.000 0.000 0.000 0.000 0.000 0.004 0.001 0.000 0.000 0.000 0.000 0.000 0.000 0.000 0.751 0.981 0.000 0.000 0.000 0.000 0.000 0.000 0.000 0.000 0.009 0.000 0.000 0.000 0.000 0.000 0.000 0.014 0.001 0.004 0.027 0.008 0.006 0.070 0.057 0.158 0.174 0.260 0.030 0.000 0.000 0.033 0.203 0.252
0.000 0.000 0.098 0.282 0.543 0.414 0.166 0.201 0.081 0.086 0.001 0.107 0.053 0.064 0.049 0.127 0.145 0.000 0.035 0.001 0.014 0.006 0.001 0.000 0.000 0.000 0.000 0.000 0.000 0.000 0.035 0.001 0.000 0.023 0.032 0.000 0.000 0.000 0.000 0.000 0.000 0.000 0.000 0.000 0.562 0.955 1.019 0.000 0.000 0.000 0.000 0.000 0.000 0.017 0.003 0.002 0.003 0.003 0.003 0.005 0.032 0.015 0.000 0.032 0.021 0.037 0.131 0.190 0.084 0.164 0.188 0.069 0.014 0.000 0.014 0.280 0.095
0.000 0.000 0.001 0.073 0.305 0.540 0.338 0.333 0.218 0.320 0.196 0.208 0.199 0.205 0.119 0.112 0.167 0.111 0.063 0.071 0.047 0.000 0.000 0.000 0.000 0.000 0.000 0.000 0.001 0.167 0.202 0.094 0.116 0.156 0.141 0.061 0.000 0.000 0.000 0.000 0.000 0.000 0.000 0.000 0.000 0.000 0.873 0.000 0.000 0.000 0.000 0.000 0.000 0.006 0.013 0.010 0.002 0.000 0.004 0.000 0.000 0.010 0.025 0.045 0.096 0.092 0.125 0.082 0.041 0.118 0.171 0.075 0.000 0.000 0.082 0.305 0.183
0.000 0.000 0.000 0.054 0.125 0.334 0.419 0.508 0.492 0.326 0.433 0.366 0.207 0.292 0.233 0.254 0.209 0.142 0.092 0.130 0.015 0.001 0.000 0.000 0.000 0.000 0.000 0.001 0.245 0.121 0.001 0.190 0.127 0.001 0.000 0.052 0.123 0.000 0.001 0.000 0.000 0.000 0.000 0.000 0.000 0.000 0.809 0.000 0.000 0.000 0.000 0.000 0.000 0.000 0.000 0.006 0.003 0.002 0.001 0.000 0.000 0.027 0.072 0.095 0.013 0.085 0.063 0.056 0.068 0.055 0.101 0.174 0.050 0.047 0.162 0.256 0.249
0.000 0.000 0.001 0.023 0.001 0.151 0.170 0.204 0.260 0.525 0.498 0.435 0.493 0.454 0.470 0.421 0.426 0.342 0.226 0.164 0.014 0.034 0.049 0.001 0.062 0.142 0.162 0.237 0.210 0.011 0.019 0.021 0.038 0.043 0.007 0.000 0.068 0.044 0.095 0.000 0.000 0.000 0.000 0.000 0.000 0.000 0.652 0.228 0.000 0.000 0.000 0.000 0.000 0.000 0.000 0.005 0.003 0.006 0.021 0.011 0.030 0.000 0.041 0.063 0.048 0.092 0.037 0.005 0.018 0.062 0.151 0.075 0.030 0.030 0.202 0.297 0.194
0.000 0.000 0.054 0.000 0.001 0.004 0.004 0.092 0.119 0.272 0.213 0.174 0.257 0.165 0.211 0.192 0.311 0.265 0.324 0.349 0.273 0.134 0.262 0.225 0.260 0.133 0.005 0.016 0.127 0.019 0.041 0.059 0.040 0.030 0.035 0.004 0.000 0.000 0.000 0.000 0.000 0.000 0.000 0.000 0.000 0.000 0.758 0.291 0.229 0.000 0.000 0.000 0.000 0.000 0.000 0.012 0.003 0.004 0.008 0.000 0.062 0.072 0.034 0.007 0.082 0.097 0.169 0.037 0.005 0.068 0.095 0.009 0.016 0.067 0.221 0.215 0.158
0.000 0.027 0.037 0.000 0.000 0.010 0.001 0.001 0.040 0.006 0.145 0.072 0.156 0.042 0.101 0.211 0.094 0.027 0.090 0.269 0.157 0.145 0.132 0.129 0.047 0.079 0.094 0.118 0.236 0.048 0.027 0.021 0.043 0.032 0.038 0.000 0.000 0.000 0.000 0.000 0.000 0.000 0.000 0.000 0.000 0.152 0.615 0.382 0.361 0.000 0.000 0.000 0.000 0.000 0.000 0.000 0.002 0.001 0.001 0.000 0.082 0.068 0.003 0.052 0.060 0.041 0.059 0.079 0.020 0.032 0.056 0.000 0.083 0.061 0.254 0.260 0.339
0.000 0.001 0.008 0.000 0.001 0.001 0.001 0.016 0.010 0.001 0.039 0.001 0.040 0.001 0.020 0.195 0.035 0.055 0.023 0.247 0.001 0.027 0.001 0.077 0.003 0.008 0.009 0.045 0.210 0.249 0.064 0.068 0.054 0.047 0.059 0.039 0.044 0.000 0.000 0.000 0.000 0.000 0.000 0.000 0.000 0.000 0.755 0.000 0.000 0.000 0.000 0.000 0.000 0.000 0.000 0.000 0.038 0.002 0.002 0.024 0.041 0.097 0.058 0.047 0.080 0.147 0.096 0.053 0.046 0.084 0.029 0.045 0.094 0.130 0.353 0.207 0.189
0.000 0.000 0.048 0.000 0.000 0.000 0.001 0.061 0.000 0.001 0.033 0.001 0.007 0.001 0.002 0.243 0.001 0.001 0.131 0.147 0.001 0.014 0.000 0.018 0.001 0.001 0.005 0.030 0.059 0.170 0.297 0.111 0.091 0.068 0.093 0.087 0.010 0.000 0.000 0.000 0.000 0.000 0.000 0.000 0.000 0.000 0.832 0.000 0.000 0.000 0.000 0.000 0.000 0.000 0.000 0.000 0.000 0.031 0.000 0.000 0.033 0.043 0.047 0.082 0.034 0.127 0.129 0.090 0.053 0.063 0.024 0.002 0.079 0.145 0.358 0.132 0.154
0.000 0.024 0.032 0.000 0.000 0.004 0.127 0.030 0.001 0.047 0.091 0.001 0.060 0.045 0.048 0.223 0.001 0.005 0.116 0.067 0.000 0.000 0.000 0.001 0.001 0.001 0.026 0.005 0.001 0.064 0.300 0.174 0.134 0.141 0.153 0.110 0.086 0.039 0.001 0.000 0.000 0.000 0.000 0.000 0.000 0.000 0.521 0.847 0.000 0.000 0.000 0.000 0.000 0.000 0.000 0.000 0.000 0.000 0.000 0.019 0.025 0.033 0.029 0.015 0.052 0.097 0.062 0.019 0.070 0.101 0.013 0.017 0.083 0.252 0.239 0.103 0.167
0.031 0.105 0.001 0.001 0.041 0.162 0.003 0.000 0.001 0.118 0.001 0.001 0.007 0.031 0.203 0.090 0.051 0.059 0.017 0.100 0.000 0.000 0.000 0.012 0.001 0.001 0.001 0.028 0.050 0.145 0.157 0.116 0.203 0.233 0.190 0.189 0.133 0.084 0.048 0.031 0.000 0.000 0.000 0.000 0.000 0.000 0.031 0.698 0.000 0.000 0.000 0.000 0.000 0.000 0.000 0.000 0.000 0.000 0.000 0.000 0.107 0.018 0.032 0.082 0.105 0.165 0.185 0.081 0.023 0.026 0.025 0.046 0.084 0.283 0.171 0.216 0.198
0.055 0.002 0.003 0.000 0.056 0.052 0.001 0.001 0.168 0.066 0.001 0.001 0.023 0.026 0.236 0.005 0.057 0.001 0.001 0.082 0.000 0.000 0.000 0.026 0.001 0.001 0.001 0.061 0.043 0.172 0.148 0.062 0.100 0.085 0.097 0.139 0.140 0.177 0.105 0.000 0.000 0.000 0.000 0.000 0.000 0.000 0.041 0.900 0.069 0.000 0.000 0.000 0.000 0.000 0.000 0.000 0.000 0.035 0.028 0.025 0.064 0.115 0.031 0.020 0.038 0.165 0.113 0.091 0.040 0.037 0.000 0.166 0.241 0.296 0.334 0.328 0.271
0.000 0.001 0.001 0.078 0.120 0.067 0.001 0.035 0.029 0.092 0.001 0.006 0.081 0.204 0.066 0.006 0.092 0.001 0.001 0.035 0.077 0.000 0.000 0.001 0.001 0.001 0.001 0.013 0.120 0.193 0.183 0.068 0.086 0.096 0.102 0.067 0.041 0.066 0.171 0.080 0.000 0.000 0.000 0.000 0.000 0.000 0.000 0.677 0.359 0.000 0.000 0.000 0.000 0.000 0.000 0.000 0.000 0.081 0.049 0.122 0.097 0.125 0.079 0.058 0.092 0.181 0.174 0.043 0.113 0.002 0.027 0.136 0.264 0.237 0.214 0.219 0.297
0.075 0.024 0.001 0.117 0.001 0.005 0.001 0.001 0.009 0.072 0.001 0.055 0.184 0.012 0.001 0.054 0.079 0.001 0.001 0.061 0.043 0.001 0.000 0.001 0.001 0.032 0.053 0.030 0.124 0.078 0.184 0.062 0.069 0.130 0.055 0.031 0.037 0.070 0.140 0.016 0.007 0.000 0.000 0.000 0.000 0.000 0.000 0.770 0.000 0.000 0.000 0.000 0.000 0.000 0.000 0.000 0.000 0.000 0.000 0.074 0.123 0.164 0.094 0.091 0.133 0.162 0.104 0.069 0.070 0.135 0.091 0.224 0.239 0.112 0.167 0.207 0.365
0.001 0.000 0.081 0.072 0.001 0.000 0.001 0.033 0.103 0.016 0.007 0.007 0.164 0.014 0.001 0.001 0.119 0.001 0.031 0.034 0.006 0.011 0.000 0.007 0.045 0.118 0.147 0.091 0.087 0.103 0.215 0.092 0.058 0.113 0.058 0.047 0.050 0.188 0.175 0.123 0.000 0.000 0.000 0.000 0.000 0.000 0.000 0.853 0.915 0.321 0.000 0.000 0.000 0.000 0.000 0.000 0.000 0.046 0.061 0.042 0.060 0.136 0.166 0.176 0.132 0.211 0.171 0.106 0.121 0.054 0.134 0.252 0.225 0.124 0.211 0.308 0.318
0.000 0.003 0.001 0.001 0.001 0.001 0.001 0.001 0.008 0.017 0.020 0.024 0.201 0.046 0.001 0.001 0.034 0.054 0.001 0.049 0.001 0.013 0.012 0.017 0.068 0.091 0.086 0.255 0.312 0.236 0.261 0.124 0.067 0.149 0.114 0.169 0.122 0.155 0.014 0.038 0.034 0.000 0.000 0.000 0.000 0.000 0.000 0.000 0.879 0.341 0.000 0.000 0.000 0.000 0.000 0.000 0.000 0.000 0.020 0.064 0.053 0.051 0.101 0.134 0.119 0.158 0.189 0.157 0.067 0.201 0.256 0.194 0.134 0.160 0.206 0.246 0.370
0.000 0.001 0.001 0.001 0.040 0.000 0.001 0.001 0.002 0.073 0.006 0.093 0.079 0.011 0.003 0.001 0.078 0.031 0.000 0.048 0.001 0.001 0.041 0.096 0.169 0.140 0.191 0.259 0.180 0.185 0.241 0.177 0.112 0.140 0.167 0.282 0.129 0.031 0.016 0.000 0.000 0.000 0.000 0.000 0.000 0.000 0.000 0.000 0.881 0.000 0.000 0.000 0.000 0.000 0.000 0.000 0.000 0.006 0.049 0.044 0.017 0.092 0.155 0.130 0.189 0.174 0.233 0.102 0.110 0.122 0.240 0.205 0.193 0.260 0.363 0.435 0.441
0.000 0.001 0.001 0.001 0.001 0.001 0.045 0.039 0.075 0.043 0.033 0.250 0.015 0.001 0.038 0.016 0.034 0.000 0.000 0.056 0.008 0.026 0.109 0.250 0.187 0.198 0.237 0.161 0.182 0.162 0.269 0.196 0.124 0.112 0.180 0.226 0.058 0.048 0.104 0.015 0.000 0.000 0.000 0.000 0.000 0.000 0.000 0.000 0.655 0.708 0.000 0.000 0.000 0.000 0.000 0.000 0.000 0.000 0.000 0.037 0.120 0.151 0.108 0.082 0.131 0.215 0.240 0.188 0.150 0.185 0.125 0.196 0.184 0.216 0.339 0.305 0.353
0.010 0.001 0.001 0.001 0.054 0.110 0.146 0.158 0.184 0.176 0.174 0.141 0.025 0.001 0.038 0.156 0.028 0.000 0.000 0.048 0.088 0.026 0.106 0.205 0.109 0.129 0.163 0.153 0.177 0.232 0.233 0.207 0.145 0.128 0.212 0.244 0.059 0.013 0.059 0.065 0.000 0.000 0.000 0.000 0.000 0.000 0.000 0.199 1.112 0.245 0.000 0.000 0.000 0.000 0.000 0.098 0.077 0.017 0.031 0.118 0.060 0.153 0.135 0.091 0.138 0.127 0.186 0.246 0.116 0.139 0.112 0.175 0.190 0.300 0.509 0.355 0.236
0.001 0.018 0.036 0.032 0.015 0.000 0.000 0.113 0.157 0.134 0.396 0.050 0.020 0.021 0.063 0.000 0.053 0.111 0.106 0.106 0.177 0.206 0.252 0.113 0.143 0.150 0.222 0.220 0.182 0.216 0.203 0.242 0.176 0.142 0.149 0.298 0.087 0.055 0.090 0.000 0.000 0.000 0.000 0.000 0.000 0.000 0.000 0.086 0.928 0.000 0.000 0.000 0.000 0.000 0.000 0.000 0.000 0.035 0.040 0.114 0.048 0.104 0.189 0.128 0.085 0.153 0.234 0.123 0.116 0.199 0.294 0.242 0.207 0.340 0.317 0.393 0.300
0.194 0.188 0.228 0.243 0.164 0.029 0.113 0.176 0.200 0.252 0.342 0.198 0.038 0.092 0.089 0.005 0.068 0.007 0.000 0.083 0.191 0.254 0.185 0.168 0.182 0.197 0.167 0.198 0.192 0.210 0.194 0.218 0.227 0.216 0.225 0.322 0.118 0.027 0.033 0.000 0.000 0.000 0.000 0.000 0.000 0.000 0.316 1.097 0.618 0.000 0.000 0.000 0.013 0.006 0.031 0.050 0.000 0.017 0.056 0.028 0.070 0.136 0.170 0.169 0.187 0.176 0.194 0.171 0.229 0.267 0.305 0.259 0.250 0.271 0.314 0.264 0.348
0.020 0.131 0.012 0.055 0.116 0.344 0.158 0.061 0.124 0.066 0.172 0.388 0.179 0.069 0.065 0.015 0.015 0.036 0.025 0.065 0.052 0.181 0.223 0.309 0.187 0.212 0.216 0.243 0.220 0.242 0.217 0.230 0.311 0.388 0.342 0.243 0.118 0.067 0.078 0.088 0.031 0.000 0.000 0.000 0.000 0.000 0.253 1.065 0.036 0.000 0.000 0.000 0.000 0.001 0.102 0.085 0.008 0.027 0.081 0.103 0.129 0.137 0.149 0.129 0.181 0.196 0.271 0.221 0.197 0.249 0.258 0.341 0.329 0.420 0.427 0.425 0.541
0.029 0.000 0.000 0.009 0.072 0.120 0.019 0.021 0.093 0.252 0.113 0.157 0.237 0.326 0.296 0.136 0.094 0.022 0.052 0.061 0.091 0.134 0.142 0.279 0.308 0.232 0.240 0.320 0.289 0.290 0.276 0.301 0.433 0.243 0.195 0.215 0.092 0.073 0.066 0.114 0.000 0.000 0.000 0.000 0.000 0.035 1.053 0.926 0.000 0.024 0.000 0.004 0.000 0.107 0.148 0.109 0.097 0.070 0.103 0.127 0.133 0.175 0.232 0.101 0.148 0.119 0.238 0.357 0.388 0.474 0.379 0.303 0.248 0.294 0.308 0.407 0.390
0.000 0.000 0.036 0.000 0.021 0.055 0.108 0.177 0.321 0.092 0.117 0.193 0.083 0.093 0.377 0.285 0.239 0.259 0.126 0.144 0.233 0.248 0.250 0.229 0.386 0.258 0.246 0.293 0.320 0.391 0.547 0.569 0.507 0.426 0.244 0.151 0.128 0.112 0.175 0.055 0.000 0.027 0.000 0.000 0.000 0.020 0.927 1.017 0.014 0.089 0.000 0.020 0.107 0.062 0.104 0.140 0.108 0.102 0.060 0.190 0.165 0.169 0.173 0.219 0.250 0.277 0.266 0.294 0.246 0.323 0.370 0.649 0.392 0.303 0.309 0.389 0.438
0.038 0.122 0.115 0.023 0.069 0.202 0.141 0.361 0.142 0.105 0.169 0.060 0.059 0.211 0.227 0.061 0.107 0.142 0.303 0.150 0.211 0.233 0.335 0.328 0.454 0.278 0.344 0.285 0.295 0.534 0.405 0.372 0.369 0.308 0.394 0.373 0.321 0.315 0.202 0.065 0.052 0.023 0.000 0.000 0.000 0.093 1.198 0.349 0.024 0.104 0.146 0.141 0.099 0.079 0.091 0.209 0.197 0.147 0.175 0.074 0.127 0.107 0.206 0.238 0.209 0.298 0.247 0.176 0.200 0.311 0.257 0.301 0.491 0.367 0.303 0.326 0.403
0.000 0.058 0.158 0.179 0.156 0.071 0.108 0.258 0.070 0.148 0.078 0.107 0.144 0.324 0.043 0.045 0.091 0.184 0.279 0.311 0.258 0.202 0.237 0.309 0.560 0.380 0.368 0.488 0.573 0.429 0.286 0.318 0.316 0.318 0.243 0.235 0.191 0.126 0.162 0.209 0.060 0.000 0.094 0.010 0.078 0.071 1.144 0.255 0.061 0.039 0.070 0.140 0.069 0.141 0.209 0.173 0.187 0.148 0.088 0.153 0.109 0.115 0.119 0.216 0.352 0.397 0.221 0.179 0.224 0.303 0.261 0.229 0.324 0.621 0.335 0.372 0.447
0.028 0.085 0.013 0.071 0.141 0.199 0.321 0.216 0.078 0.167 0.111 0.054 0.212 0.370 0.064 0.048 0.114 0.078 0.158 0.181 0.426 0.493 0.508 0.570 0.630 0.617 0.597 0.562 0.358 0.306 0.255 0.257 0.314 0.224 0.268 0.258 0.218 0.185 0.122 0.070 0.163 0.038 0.043 0.146 0.266 0.402 0.773 1.053 0.134 0.085 0.146 0.230 0.098 0.108 0.133 0.121 0.185 0.216 0.137 0.092 0.141 0.080 0.137 0.181 0.193 0.103 0.279 0.312 0.234 0.347 0.344 0.252 0.318 0.530 0.568 0.429 0.315
0.114 0.076 0.047 0.080 0.064 0.239 0.131 0.102 0.128 0.113 0.124 0.124 0.248 0.276 0.316 0.244 0.140 0.134 0.292 0.374 0.502 0.406 0.510 0.259 0.338 0.397 0.441 0.364 0.315 0.316 0.271 0.282 0.315 0.237 0.249 0.315 0.207 0.130 0.073 0.172 0.061 0.140 0.101 0.187 0.269 0.111 0.085 0.903 0.694 0.182 0.214 0.211 0.128 0.088 0.098 0.227 0.196 0.285 0.175 0.101 0.107 0.168 0.226 0.246 0.117 0.185 0.156 0.291 0.507 0.371 0.457 0.330 0.449 0.414 0.575 0.645 0.339
0.157 0.175 0.208 0.126 0.052 0.144 0.071 0.078 0.083 0.184 0.243 0.361 0.119 0.083 0.095 0.153 0.356 0.171 0.249 0.491 0.252 0.315 0.406 0.302 0.339 0.408 0.385 0.298 0.266 0.331 0.299 0.385 0.289 0.193 0.282 0.406 0.198 0.181 0.105 0.045 0.039 0.129 0.265 0.404 0.166 0.088 0.134 0.129 1.136 0.184 0.136 0.197 0.168 0.152 0.140 0.208 0.199 0.196 0.210 0.114 0.135 0.123 0.200 0.231 0.064 0.134 0.153 0.164 0.312 0.142 0.165 0.398 0.377 0.336 0.411 0.706 0.614
0.020 0.011 0.080 0.220 0.197 0.123 0.056 0.085 0.143 0.251 0.181 0.295 0.132 0.121 0.229 0.220 0.404 0.475 0.532 0.401 0.242 0.340 0.320 0.250 0.317 0.402 0.311 0.323 0.383 0.411 0.383 0.391 0.323 0.339 0.403 0.297 0.211 0.128 0.130 0.109 0.124 0.182 0.096 0.167 0.438 0.142 0.110 0.112 1.006 0.334 0.258 0.190 0.330 0.114 0.206 0.143 0.180 0.308 0.330 0.330 0.279 0.180 0.181 0.125 0.158 0.217 0.186 0.312 0.266 0.206 0.223 0.215 0.255 0.350 0.327 0.384 0.699
0.128 0.073 0.066 0.109 0.266 0.199 0.163 0.242 0.302 0.112 0.153 0.154 0.126 0.151 0.219 0.499 0.500 0.403 0.307 0.172 0.256 0.349 0.223 0.250 0.338 0.348 0.355 0.377 0.285 0.370 0.243 0.263 0.251 0.402 0.283 0.225 0.155 0.231 0.344 0.275 0.243 0.123 0.106 0.095 0.254 0.330 0.109 0.087 0.889 0.815 0.133 0.162 0.289 0.121 0.171 0.214 0.327 0.383 0.213 0.151 0.077 0.295 0.386 0.202 0.136 0.234 0.258 0.223 0.256 0.384 0.275 0.286 0.364 0.314 0.345 0.356 0.553
0.147 0.203 0.179 0.225 0.134 0.291 0.375 0.181 0.126 0.179 0.146 0.068 0.133 0.289 0.504 0.240 0.167 0.204 0.322 0.169 0.297 0.336 0.242 0.403 0.432 0.360 0.488 0.382 0.236 0.271 0.349 0.342 0.367 0.446 0.238 0.156 0.153 0.188 0.143 0.055 0.126 0.098 0.098 0.247 0.395 0.340 0.144 0.176 1.079 1.150 0.577 0.565 0.311 0.191 0.146 0.329 0.315 0.211 0.149 0.165 0.079 0.159 0.245 0.330 0.316 0.423 0.213 0.199 0.279 0.326 0.706 0.598 0.337 0.358 0.358 0.332 0.431
0.081 0.042 0.104 0.061 0.109 0.388 0.171 0.140 0.193 0.168 0.222 0.277 0.469 0.594 0.222 0.136 0.105 0.188 0.290 0.228 0.396 0.286 0.263 0.322 0.304 0.341 0.442 0.597 0.511 0.476 0.381 0.490 0.460 0.383 0.317 0.175 0.171 0.290 0.081 0.079 0.060 0.134 0.168 0.411 0.062 0.097 0.081 0.287 0.909 0.202 0.215 0.369 0.630 0.486 0.398 0.516 0.366 0.276 0.304 0.236 0.192 0.314 0.353 0.136 0.156 0.375 0.249 0.302 0.385 0.345 0.286 0.571 0.528 0.480 0.398 0.301 0.362
