Data/res-0330.wd
ncols         433
nrows         491
xllcorner     1194560.000000
yllcorner     -584471.000000
cellsize      25.000000
NODATA_value  -9999.000000
[rows 272 to 305 of 491, columns 231 to 307 of 433]
0.060 0.001 0.056 0.033 0.105 0.048 0.157 0.141 0.148 0.190 0.333 0.374 0.307 0.403 0.203 0.216 0.227 0.159 0.179 0.177 0.192 0.265 0.190 0.395 0.361 0.344 0.536 0.571 0.427 0.386 0.221 0.244 0.196 0.170 0.171 0.296 0.235 0.144 0.213 0.091 0.229 0.109 0.094 0.129 0.183 0.531 0.124 0.086 0.195 0.336 0.193 0.147 0.157 0.392 0.320 0.235 0.372 0.354 0.341 0.698 0.838 0.855 0.889 0.893 0.884 0.895 0.923 0.968 1.011 1.059 1.107 1.148 1.164 1.191 1.221 1.248 1.263
0.158 0.017 0.135 0.001 0.134 0.042 0.093 0.198 0.099 0.077 0.110 0.140 0.101 0.294 0.312 0.502 0.311 0.166 0.281 0.283 0.334 0.257 0.262 0.435 0.307 0.264 0.368 0.293 0.321 0.404 0.492 0.262 0.274 0.422 0.266 0.153 0.282 0.221 0.176 0.156 0.053 0.067 0.057 0.062 0.063 0.333 0.332 0.048 0.303 0.271 0.424 0.240 0.172 0.340 0.587 0.452 0.309 0.527 0.757 0.837 0.879 0.885 0.887 0.891 0.910 0.909 0.939 0.985 1.030 1.091 1.130 1.171 1.188 1.216 1.249 1.277 1.289
0.042 0.094 0.001 0.028 0.145 0.043 0.098 0.117 0.001 0.042 0.086 0.024 0.202 0.012 0.033 0.191 0.286 0.606 0.460 0.349 0.252 0.228 0.191 0.423 0.203 0.346 0.314 0.400 0.294 0.316 0.292 0.466 0.266 0.267 0.251 0.333 0.398 0.197 0.175 0.310 0.029 0.116 0.048 0.045 0.071 0.284 0.416 0.087 0.182 0.199 0.443 0.228 0.366 0.203 0.236 0.372 0.642 0.766 0.877 0.886 0.903 0.916 0.900 0.909 0.895 0.900 0.944 1.015 1.051 1.106 1.157 1.194 1.211 1.250 1.286 1.289 1.310
0.090 0.138 0.001 0.063 0.047 0.171 0.246 0.212 0.044 0.026 0.170 0.025 0.214 0.044 0.051 0.076 0.117 0.337 0.605 0.606 0.366 0.192 0.437 0.440 0.250 0.421 0.248 0.417 0.279 0.320 0.320 0.224 0.477 0.315 0.340 0.284 0.124 0.098 0.212 0.101 0.198 0.227 0.435 0.228 0.073 0.048 0.401 0.167 0.122 0.304 0.302 0.365 0.279 0.202 0.247 0.311 0.497 0.857 0.890 0.888 0.918 0.941 0.915 0.902 0.918 0.928 0.983 1.049 1.093 1.142 1.186 1.234 1.268 1.293 1.312 1.327 1.333
0.147 0.029 0.112 0.073 0.191 0.082 0.094 0.048 0.117 0.144 0.101 0.036 0.118 0.087 0.154 0.101 0.157 0.476 0.151 0.253 0.637 0.303 0.518 0.277 0.396 0.340 0.448 0.337 0.285 0.288 0.507 0.332 0.361 0.633 0.223 0.133 0.118 0.152 0.161 0.008 0.210 0.015 0.347 0.112 0.123 0.144 0.270 0.356 0.113 0.302 0.242 0.414 0.411 0.301 0.338 0.410 0.596 0.843 0.891 0.908 0.921 0.947 0.934 0.918 0.922 0.963 1.027 1.059 1.115 1.166 1.212 1.272 1.314 1.346 1.368 1.370 1.373
0.036 0.139 0.101 0.001 0.151 0.001 0.274 0.110 0.082 0.217 0.049 0.119 0.190 0.244 0.067 0.179 0.219 0.296 0.110 0.190 0.320 0.751 0.554 0.440 0.535 0.280 0.518 0.466 0.397 0.291 0.523 0.530 0.367 0.588 0.241 0.242 0.338 0.121 0.304 0.001 0.236 0.230 0.062 0.174 0.159 0.027 0.221 0.200 0.374 0.193 0.141 0.276 0.284 0.260 0.470 0.487 0.766 0.906 0.915 0.929 0.954 0.952 0.950 0.925 0.937 0.988 1.048 1.087 1.132 1.199 1.251 1.297 1.348 1.375 1.388 1.390 1.388
0.216 0.077 0.001 0.061 0.231 0.008 0.259 0.132 0.129 0.033 0.069 0.034 0.218 0.162 0.001 0.025 0.152 0.368 0.144 0.170 0.273 0.348 0.642 0.700 0.778 0.626 0.817 0.894 0.857 0.567 0.848 0.899 0.712 0.311 0.292 0.196 0.149 0.166 0.081 0.149 0.181 0.157 0.117 0.105 0.074 0.114 0.221 0.213 0.388 0.305 0.233 0.206 0.400 0.421 0.593 0.836 0.882 0.918 0.947 0.962 0.961 0.969 0.976 0.965 0.994 1.028 1.082 1.139 1.179 1.226 1.249 1.293 1.338 1.371 1.387 1.376 1.381
0.232 0.019 0.022 0.233 0.122 0.050 0.318 0.139 0.091 0.001 0.087 0.214 0.197 0.001 0.001 0.199 0.133 0.309 0.218 0.259 0.255 0.330 0.352 0.357 0.717 0.588 0.431 0.451 0.427 0.727 0.467 0.244 0.663 0.289 0.190 0.166 0.037 0.061 0.001 0.015 0.071 0.157 0.103 0.133 0.159 0.205 0.176 0.252 0.225 0.538 0.320 0.304 0.575 0.760 0.834 0.905 0.911 0.932 0.964 0.967 0.980 0.985 0.980 0.992 1.035 1.063 1.112 1.159 1.200 1.230 1.266 1.295 1.324 1.346 1.364 1.363 1.350
0.245 0.134 0.228 0.342 0.098 0.183 0.073 0.069 0.383 0.043 0.236 0.163 0.019 0.001 0.171 0.244 0.183 0.291 0.170 0.370 0.451 0.379 0.383 0.353 0.428 0.689 0.339 0.407 0.367 0.408 0.238 0.304 0.468 0.511 0.081 0.258 0.157 0.156 0.016 0.038 0.010 0.163 0.099 0.215 0.022 0.112 0.315 0.194 0.276 0.446 0.442 0.681 0.798 0.845 0.879 0.922 0.939 0.944 0.975 0.993 1.000 1.006 1.007 1.024 1.050 1.092 1.142 1.183 1.218 1.258 1.293 1.312 1.333 1.339 1.335 1.354 1.346
0.436 0.407 0.488 0.416 0.176 0.062 0.117 0.014 0.183 0.421 0.219 0.110 0.055 0.001 0.285 0.112 0.181 0.136 0.178 0.398 0.509 0.486 0.573 0.374 0.307 0.681 0.365 0.295 0.348 0.428 0.333 0.166 0.210 0.617 0.206 0.034 0.041 0.036 0.113 0.001 0.087 0.288 0.155 0.408 0.241 0.135 0.266 0.526 0.400 0.339 0.588 0.811 0.848 0.885 0.909 0.935 0.959 0.977 0.987 1.009 1.025 1.020 1.026 1.030 1.072 1.120 1.163 1.202 1.247 1.289 1.305 1.320 1.331 1.330 1.336 1.342 1.339
0.242 0.171 0.027 0.295 0.400 0.198 0.214 0.283 0.441 0.181 0.248 0.333 0.148 0.337 0.187 0.112 0.380 0.280 0.372 0.301 0.486 0.668 0.409 0.401 0.336 0.685 0.459 0.374 0.298 0.200 0.341 0.259 0.246 0.185 0.601 0.001 0.052 0.179 0.066 0.001 0.223 0.130 0.160 0.160 0.115 0.196 0.073 0.587 0.336 0.496 0.506 0.792 0.881 0.899 0.923 0.972 0.967 0.988 1.016 1.018 1.039 1.043 1.032 1.046 1.120 1.147 1.181 1.227 1.277 1.290 1.314 1.316 1.321 1.330 1.330 1.330 1.330
0.184 0.087 0.059 0.018 0.079 0.363 0.185 0.175 0.157 0.142 0.001 0.250 0.178 0.089 0.131 0.099 0.401 0.227 0.122 0.293 0.514 0.337 0.531 0.476 0.382 0.766 0.335 0.297 0.434 0.209 0.218 0.468 0.235 0.120 0.271 0.460 0.443 0.229 0.116 0.062 0.161 0.081 0.162 0.128 0.147 0.216 0.483 0.403 0.527 0.529 0.670 0.842 0.895 0.928 0.961 0.998 1.012 1.026 1.043 1.041 1.039 1.042 1.039 1.079 1.135 1.173 1.223 1.258 1.277 1.298 1.308 1.314 1.329 1.324 1.329 1.320 1.313
0.039 0.001 0.134 0.001 0.158 0.297 0.100 0.126 0.051 0.019 0.001 0.056 0.056 0.001 0.121 0.398 0.210 0.208 0.312 0.441 0.356 0.313 0.400 0.485 0.841 0.519 0.382 0.297 0.530 0.272 0.203 0.446 0.280 0.140 0.249 0.180 0.244 0.484 0.570 0.365 0.001 0.054 0.068 0.081 0.133 0.283 0.168 0.285 0.545 0.756 0.822 0.864 0.907 0.961 0.991 1.006 1.029 1.058 1.056 1.051 1.049 1.045 1.065 1.123 1.178 1.202 1.239 1.260 1.282 1.309 1.306 1.319 1.327 1.321 1.329 1.310 1.302
0.001 0.009 0.100 0.103 0.165 0.179 0.135 0.260 0.227 0.059 0.066 0.097 0.001 0.138 0.407 0.161 0.179 0.291 0.454 0.218 0.250 0.359 0.265 0.597 0.650 0.538 0.381 0.451 0.331 0.261 0.351 0.501 0.427 0.256 0.094 0.114 0.001 0.001 0.277 0.597 0.202 0.083 0.097 0.201 0.093 0.111 0.323 0.496 0.635 0.803 0.877 0.906 0.940 0.977 0.998 1.025 1.042 1.060 1.075 1.064 1.060 1.063 1.093 1.151 1.196 1.228 1.242 1.281 1.289 1.312 1.310 1.334 1.341 1.331 1.331 1.323 1.302
0.019 0.040 0.068 0.168 0.142 0.049 0.063 0.102 0.211 0.278 0.089 0.049 0.100 0.320 0.088 0.106 0.214 0.379 0.149 0.226 0.456 0.383 0.455 0.748 0.605 0.436 0.369 0.530 0.331 0.426 0.218 0.190 0.285 0.380 0.172 0.165 0.098 0.069 0.034 0.139 0.610 0.520 0.522 0.543 0.041 0.265 0.325 0.380 0.590 0.828 0.898 0.932 0.976 1.006 1.026 1.047 1.056 1.065 1.077 1.081 1.080 1.089 1.126 1.164 1.202 1.230 1.254 1.265 1.285 1.314 1.321 1.335 1.335 1.338 1.327 1.326 1.304
0.005 0.028 0.111 0.198 0.306 0.129 0.026 0.001 0.186 0.260 0.200 0.030 0.134 0.362 0.091 0.172 0.287 0.344 0.344 0.235 0.576 0.454 0.575 0.414 0.477 0.471 0.611 0.522 0.415 0.348 0.299 0.358 0.450 0.252 0.063 0.132 0.120 0.105 0.008 0.107 0.185 0.243 0.073 0.235 0.341 0.439 0.602 0.455 0.689 0.882 0.926 0.958 0.993 1.009 1.032 1.053 1.076 1.090 1.100 1.093 1.105 1.109 1.145 1.161 1.204 1.221 1.246 1.270 1.274 1.297 1.325 1.335 1.335 1.334 1.325 1.320 1.300
0.001 0.001 0.001 0.181 0.232 0.153 0.133 0.129 0.261 0.330 0.327 0.120 0.315 0.443 0.503 0.529 0.536 0.809 0.373 0.446 0.493 0.471 0.317 0.479 0.322 0.458 0.320 0.281 0.242 0.479 0.443 0.278 0.077 0.239 0.224 0.150 0.001 0.117 0.001 0.004 0.001 0.086 0.166 0.210 0.126 0.313 0.620 0.756 0.836 0.918 0.954 0.990 1.010 1.032 1.048 1.067 1.081 1.093 1.107 1.117 1.138 1.130 1.152 1.167 1.197 1.233 1.260 1.262 1.277 1.311 1.312 1.312 1.332 1.325 1.322 1.313 1.303
0.001 0.001 0.049 0.126 0.001 0.153 0.227 0.231 0.245 0.108 0.072 0.270 0.071 0.368 0.170 0.250 0.196 0.431 0.727 0.623 0.317 0.271 0.239 0.444 0.325 0.462 0.257 0.250 0.340 0.322 0.133 0.095 0.044 0.014 0.306 0.026 0.060 0.077 0.039 0.099 0.146 0.224 0.077 0.144 0.220 0.427 0.617 0.780 0.865 0.923 0.976 1.012 1.038 1.063 1.072 1.083 1.097 1.112 1.116 1.131 1.130 1.133 1.182 1.192 1.216 1.241 1.265 1.277 1.278 1.313 1.309 1.299 1.303 1.301 1.295 1.291 1.283
0.128 0.120 0.096 0.076 0.049 0.001 0.114 0.099 0.084 0.084 0.003 0.060 0.001 0.260 0.075 0.222 0.066 0.128 0.660 0.390 0.410 0.447 0.570 0.342 0.582 0.393 0.350 0.239 0.416 0.195 0.467 0.091 0.173 0.093 0.260 0.284 0.145 0.147 0.076 0.200 0.206 0.153 0.208 0.138 0.493 0.700 0.790 0.839 0.885 0.932 0.977 1.023 1.041 1.075 1.087 1.109 1.126 1.125 1.137 1.144 1.109 1.127 1.175 1.198 1.229 1.255 1.288 1.308 1.305 1.313 1.316 1.311 1.307 1.292 1.283 1.285 1.291
0.087 0.193 0.174 0.181 0.086 0.083 0.113 0.104 0.226 0.160 0.101 0.286 0.030 0.424 0.226 0.056 0.114 0.251 0.415 0.751 0.373 0.552 0.357 0.519 0.547 0.322 0.249 0.336 0.684 0.453 0.220 0.176 0.132 0.238 0.203 0.233 0.273 0.277 0.264 0.198 0.108 0.159 0.153 0.412 0.763 0.832 0.828 0.871 0.906 0.946 0.980 1.021 1.047 1.078 1.095 1.105 1.126 1.145 1.157 1.146 1.132 1.148 1.174 1.200 1.232 1.260 1.290 1.327 1.340 1.342 1.335 1.339 1.316 1.304 1.281 1.289 1.270
0.147 0.071 0.054 0.170 0.136 0.185 0.153 0.016 0.129 0.185 0.205 0.182 0.357 0.158 0.186 0.203 0.349 0.288 0.329 0.709 0.922 0.565 0.385 0.478 0.279 0.381 0.308 0.543 0.358 0.304 0.306 0.348 0.167 0.195 0.222 0.162 0.276 0.155 0.145 0.090 0.316 0.223 0.283 0.605 0.817 0.835 0.861 0.900 0.934 0.959 0.980 1.031 1.066 1.089 1.093 1.113 1.139 1.153 1.162 1.135 1.130 1.170 1.186 1.217 1.243 1.263 1.287 1.298 1.333 1.346 1.367 1.368 1.363 1.343 1.314 1.292 1.284
0.090 0.122 0.084 0.022 0.020 0.035 0.117 0.097 0.110 0.250 0.118 0.248 0.218 0.352 0.333 0.437 0.299 0.205 0.405 0.672 0.485 0.729 0.913 0.269 0.261 0.374 0.454 0.514 0.289 0.232 0.036 0.284 0.386 0.386 0.255 0.234 0.202 0.173 0.159 0.313 0.109 0.197 0.343 0.602 0.828 0.841 0.884 0.936 0.960 0.984 1.010 1.045 1.068 1.096 1.115 1.131 1.149 1.147 1.139 1.133 1.136 1.165 1.200 1.231 1.254 1.272 1.286 1.306 1.320 1.345 1.360 1.373 1.374 1.370 1.352 1.325 1.291
0.001 0.001 0.009 0.034 0.101 0.090 0.097 0.164 0.127 0.369 0.346 0.124 0.042 0.036 0.149 0.174 0.224 0.291 0.552 0.329 0.379 0.460 0.850 0.535 0.445 0.245 0.361 0.624 0.400 0.091 0.083 0.188 0.114 0.242 0.274 0.163 0.094 0.054 0.352 0.113 0.094 0.185 0.522 0.692 0.842 0.839 0.876 0.924 0.978 1.001 1.036 1.053 1.090 1.103 1.120 1.138 1.155 1.144 1.135 1.128 1.133 1.169 1.210 1.234 1.260 1.283 1.305 1.319 1.314 1.348 1.355 1.353 1.350 1.351 1.349 1.341 1.323
0.001 0.003 0.001 0.030 0.016 0.071 0.111 0.173 0.231 0.277 0.213 0.170 0.107 0.123 0.215 0.274 0.553 0.547 0.416 0.387 0.417 0.436 0.486 0.600 0.864 0.419 0.605 0.680 0.577 0.245 0.452 0.410 0.265 0.259 0.454 0.334 0.256 0.317 0.131 0.115 0.086 0.257 0.566 0.783 0.833 0.878 0.892 0.930 0.974 1.006 1.037 1.074 1.092 1.107 1.119 1.141 1.156 1.144 1.127 1.107 1.144 1.187 1.215 1.237 1.274 1.293 1.310 1.324 1.328 1.353 1.356 1.354 1.353 1.337 1.329 1.317 1.299
0.019 0.009 0.001 0.001 0.099 0.080 0.156 0.127 0.110 0.069 0.302 0.345 0.283 0.389 0.269 0.432 0.249 0.283 0.287 0.384 0.349 0.635 0.551 0.299 0.402 0.922 0.567 0.354 0.321 0.617 0.199 0.107 0.088 0.001 0.230 0.085 0.107 0.072 0.061 0.048 0.155 0.415 0.597 0.793 0.818 0.903 0.897 0.947 0.991 1.025 1.066 1.096 1.095 1.120 1.137 1.155 1.151 1.137 1.113 1.120 1.155 1.180 1.217 1.244 1.280 1.300 1.313 1.328 1.339 1.346 1.362 1.354 1.353 1.343 1.322 1.308 1.302
0.139 0.088 0.030 0.062 0.003 0.001 0.001 0.033 0.016 0.143 0.235 0.337 0.293 0.270 0.360 0.309 0.297 0.227 0.407 0.372 0.747 0.537 0.298 0.405 0.286 0.608 0.543 0.250 0.255 0.449 0.405 0.148 0.184 0.036 0.149 0.366 0.320 0.143 0.048 0.097 0.230 0.356 0.419 0.738 0.855 0.922 0.929 0.951 1.002 1.029 1.074 1.097 1.097 1.125 1.146 1.152 1.149 1.134 1.115 1.128 1.158 1.188 1.216 1.250 1.284 1.296 1.315 1.337 1.345 1.355 1.362 1.350 1.354 1.350 1.322 1.325 1.292
0.045 0.030 0.003 0.001 0.001 0.003 0.051 0.164 0.144 0.146 0.073 0.149 0.417 0.301 0.331 0.403 0.276 0.505 0.619 0.603 0.561 0.366 0.479 0.288 0.312 0.573 0.323 0.272 0.246 0.243 0.199 0.323 0.330 0.177 0.226 0.221 0.379 0.386 0.220 0.235 0.363 0.258 0.652 0.825 0.871 0.896 0.933 0.970 1.011 1.028 1.082 1.107 1.113 1.131 1.139 1.141 1.129 1.117 1.096 1.137 1.163 1.198 1.227 1.244 1.277 1.296 1.314 1.338 1.342 1.368 1.365 1.363 1.355 1.339 1.324 1.335 1.245
0.004 0.046 0.058 0.024 0.075 0.179 0.204 0.096 0.042 0.010 0.188 0.325 0.437 0.237 0.268 0.370 0.529 0.486 0.314 0.380 0.376 0.408 0.344 0.293 0.342 0.488 0.620 0.384 0.360 0.202 0.229 0.095 0.177 0.140 0.194 0.109 0.103 0.137 0.003 0.178 0.475 0.417 0.748 0.843 0.893 0.931 0.961 0.985 1.020 1.052 1.096 1.112 1.129 1.142 1.149 1.138 1.123 1.102 1.114 1.136 1.172 1.197 1.227 1.260 1.273 1.292 1.311 1.317 1.334 1.354 1.361 1.356 1.363 1.355 1.329 1.323 1.221
0.073 0.061 0.025 0.099 0.200 0.112 0.118 0.043 0.123 0.173 0.171 0.196 0.294 0.435 0.422 0.563 0.327 0.402 0.520 0.429 0.404 0.392 0.375 0.337 0.408 0.511 0.300 0.220 0.227 0.153 0.226 0.359 0.265 0.203 0.047 0.090 0.097 0.478 0.133 0.345 0.452 0.683 0.812 0.888 0.928 0.981 1.010 1.038 1.057 1.076 1.107 1.132 1.140 1.152 1.140 1.130 1.125 1.100 1.107 1.153 1.176 1.207 1.233 1.260 1.274 1.298 1.307 1.313 1.317 1.332 1.325 1.332 1.331 1.323 1.338 1.335 1.235
0.343 0.255 0.089 0.148 0.066 0.115 0.018 0.035 0.181 0.081 0.145 0.281 0.278 0.389 0.292 0.330 0.451 0.433 0.379 0.294 0.293 0.354 0.328 0.433 0.497 0.657 0.309 0.325 0.308 0.234 0.193 0.340 0.167 0.218 0.020 0.280 0.237 0.186 0.143 0.365 0.417 0.690 0.850 0.910 0.969 1.000 1.022 1.042 1.084 1.104 1.133 1.128 1.143 1.144 1.142 1.120 1.118 1.087 1.113 1.157 1.182 1.208 1.238 1.262 1.281 1.294 1.308 1.307 1.319 1.328 1.320 1.307 1.312 1.309 1.318 1.247 1.219
0.117 0.326 0.376 0.039 0.117 0.065 0.088 0.001 0.001 0.076 0.176 0.213 0.185 0.333 0.198 0.246 0.366 0.255 0.309 0.322 0.487 0.482 0.516 0.393 0.361 0.544 0.537 0.389 0.229 0.316 0.200 0.335 0.164 0.145 0.283 0.123 0.203 0.124 0.235 0.250 0.631 0.812 0.849 0.910 0.959 1.007 1.045 1.077 1.103 1.123 1.136 1.160 1.166 1.162 1.139 1.123 1.105 1.103 1.123 1.155 1.190 1.212 1.258 1.264 1.288 1.288 1.303 1.307 1.319 1.315 1.310 1.303 1.296 1.305 1.255 1.206 1.209
0.001 0.001 0.366 0.369 0.164 0.118 0.145 0.145 0.081 0.029 0.197 0.313 0.224 0.277 0.248 0.295 0.273 0.282 0.406 0.539 0.614 0.300 0.380 0.371 0.307 0.483 0.357 0.667 0.213 0.224 0.278 0.232 0.243 0.108 0.092 0.041 0.053 0.133 0.219 0.419 0.727 0.833 0.863 0.911 0.949 1.003 1.045 1.081 1.111 1.142 1.156 1.168 1.170 1.151 1.148 1.122 1.110 1.110 1.131 1.171 1.204 1.230 1.263 1.272 1.299 1.305 1.306 1.314 1.323 1.311 1.305 1.301 1.284 1.292 1.221 1.202 1.191
0.001 0.009 0.198 0.202 0.377 0.001 0.001 0.155 0.275 0.270 0.350 0.415 0.234 0.272 0.288 0.286 0.355 0.384 0.503 0.410 0.353 0.327 0.315 0.280 0.305 0.430 0.264 0.493 0.444 0.527 0.334 0.263 0.254 0.100 0.134 0.336 0.191 0.268 0.386 0.638 0.765 0.851 0.865 0.909 0.944 0.986 1.045 1.102 1.123 1.150 1.162 1.168 1.158 1.139 1.126 1.121 1.110 1.130 1.149 1.187 1.211 1.234 1.279 1.297 1.315 1.312 1.311 1.325 1.331 1.322 1.315 1.305 1.286 1.280 1.213 1.211 1.194
0.014 0.188 0.087 0.052 0.436 0.324 0.082 0.020 0.094 0.162 0.114 0.147 0.246 0.248 0.212 0.258 0.354 0.259 0.379 0.389 0.577 0.422 0.380 0.425 0.424 0.220 0.260 0.227 0.360 0.437 0.353 0.175 0.252 0.397 0.209 0.235 0.554 0.468 0.457 0.705 0.782 0.856 0.883 0.901 0.952 0.983 1.056 1.110 1.128 1.144 1.176 1.166 1.158 1.138 1.121 1.105 1.105 1.131 1.166 1.201 1.223 1.248 1.275 1.294 1.318 1.336 1.330 1.346 1.349 1.325 1.316 1.301 1.283 1.280 1.217 1.205 1.180
