Data/res-0419.Qy
ncols         433
nrows         492
xllcorner     1194560.000000
yllcorner     -584483.500000
cellsize      25.000000
NODATA_value  -9999.000000
[rows 136 to 169 of 492, columns 231 to 307 of 433]
0.000 0.000 0.000 0.000 0.000 0.000 0.000 0.000 0.000 0.000 0.000 0.000 0.000 0.000 0.000 0.000 0.000 0.000 0.000 0.000 0.000 -0.000 -0.005 0.001 0.001 -0.001 -0.003 -0.001 0.000 0.001 -0.001 -0.000 0.001 -0.000 0.000 -0.001 0.009 0.001 -0.000 0.000 0.000 0.002 0.001 0.000 -0.003 0.000 0.002 -0.000 0.000 0.005 0.001 0.000 0.001 0.003 0.001 0.004 0.003 0.004 0.001 0.001 0.003 0.004 0.002 0.000 0.013 0.007 0.002 0.003 0.010 0.002 0.005 0.002 0.003 0.006 0.006 0.007 0.002
0.000 0.000 0.000 0.000 0.000 0.000 0.000 0.000 0.000 0.000 0.000 0.000 0.000 0.000 0.000 0.000 0.000 0.000 0.000 -0.000 0.000 -0.000 0.004 -0.002 -0.000 0.002 0.001 0.000 0.000 -0.001 0.001 0.000 -0.000 -0.001 -0.000 0.001 0.001 0.003 0.001 0.000 0.000 0.000 0.003 0.000 0.001 0.011 -0.000 0.001 0.001 0.007 0.001 0.000 -0.000 0.000 0.002 0.005 0.002 0.005 0.001 0.003 0.002 0.003 0.002 0.015 0.002 0.007 0.002 0.003 0.005 0.003 0.003 0.006 0.001 0.002 0.008 0.001 0.003
0.000 0.000 0.000 0.000 0.000 0.000 0.000 0.000 0.000 0.000 0.000 0.000 0.000 0.000 0.000 0.000 0.000 0.000 -0.000 -0.001 0.001 -0.005 -0.000 0.001 -0.001 -0.003 0.000 -0.001 0.000 -0.002 0.000 -0.000 0.000 0.001 -0.000 -0.000 0.005 0.002 -0.000 -0.000 0.001 0.000 0.003 0.001 0.003 0.002 0.000 0.000 0.000 0.004 0.001 0.000 0.001 0.000 0.004 0.006 0.006 0.001 0.001 0.004 0.004 0.002 0.007 0.005 0.007 0.002 0.002 0.003 0.005 0.003 0.004 0.004 0.005 0.002 0.009 0.003 0.001
0.000 0.000 0.000 0.000 0.000 0.000 0.000 0.000 0.000 0.000 0.000 0.000 0.000 0.000 0.000 0.000 -0.000 0.000 -0.001 0.000 -0.005 0.002 -0.001 -0.001 0.000 0.000 -0.001 0.000 -0.001 0.007 0.000 0.000 0.000 -0.000 0.001 0.000 0.001 0.005 0.003 0.000 0.000 0.000 0.001 -0.000 0.000 0.004 0.000 -0.000 0.002 0.007 0.003 0.000 0.001 0.000 0.003 0.008 0.003 0.000 0.002 0.006 -0.001 0.001 0.014 0.004 0.000 0.005 0.003 0.003 0.005 0.003 0.006 0.007 0.005 0.004 0.006 0.004 0.001
0.000 0.000 0.000 0.000 0.000 0.000 0.000 0.000 0.000 0.000 0.000 0.000 0.000 0.000 0.000 0.000 0.001 -0.000 0.000 0.001 -0.003 -0.000 0.000 0.000 -0.000 -0.000 0.001 -0.000 0.000 -0.004 0.000 0.000 -0.000 0.001 0.001 0.000 -0.000 0.002 0.003 0.000 -0.000 0.000 0.002 0.000 0.001 -0.000 0.004 0.000 -0.000 0.008 0.001 0.000 -0.000 0.005 0.006 0.005 0.001 0.002 0.003 0.005 0.007 0.008 0.000 0.002 0.006 0.004 0.005 0.003 0.004 0.006 0.001 0.004 0.009 0.004 0.007 0.001 0.001
0.000 0.000 0.000 0.000 0.000 0.000 0.000 0.000 0.000 0.000 0.000 0.000 0.000 -0.000 0.001 -0.001 0.000 -0.000 -0.000 -0.002 0.005 -0.000 -0.000 0.001 -0.001 0.000 0.000 0.000 0.000 0.001 0.000 -0.000 -0.000 -0.000 0.001 -0.000 0.001 0.001 0.004 0.000 0.000 0.000 -0.000 0.002 0.000 0.000 0.003 0.000 0.000 0.004 0.001 0.000 0.002 0.006 0.005 0.004 0.003 0.003 0.007 0.007 0.007 0.001 0.002 0.001 0.004 0.007 0.002 0.002 0.004 0.006 0.004 0.006 0.008 0.003 0.006 0.001 0.001
0.000 0.000 0.000 0.000 0.000 0.000 0.000 0.000 0.000 0.000 0.000 0.000 0.000 0.000 -0.001 0.000 -0.003 0.001 -0.003 0.001 -0.006 0.000 -0.001 -0.001 0.003 -0.000 -0.000 -0.001 -0.001 0.000 -0.000 0.000 0.000 0.000 0.002 0.001 -0.000 0.001 0.002 0.001 -0.000 0.000 0.000 0.002 -0.000 0.000 0.005 -0.000 0.000 0.005 0.001 0.001 0.001 0.005 0.003 0.001 0.001 0.000 0.007 0.007 0.003 0.003 0.002 0.006 0.004 0.003 0.006 0.003 0.004 0.003 0.003 0.005 0.006 0.005 0.007 0.002 0.001
0.000 0.000 0.000 0.000 0.000 0.000 0.000 0.000 0.000 0.000 0.000 0.000 -0.001 0.000 0.001 -0.000 0.001 -0.005 0.000 -0.001 0.001 0.000 -0.000 -0.000 -0.004 -0.000 -0.000 -0.001 0.000 -0.000 0.003 0.000 0.000 0.000 -0.000 0.000 0.000 -0.000 0.002 0.010 0.002 0.000 0.000 0.002 0.000 0.000 0.001 0.000 0.000 0.000 0.009 -0.000 0.004 0.004 0.004 -0.000 0.004 0.006 0.003 0.014 0.002 0.002 0.002 0.005 0.004 0.003 0.002 0.002 0.004 0.002 0.003 0.006 0.008 0.010 0.004 0.001 0.001
0.000 0.000 0.000 0.000 0.000 0.000 0.000 0.000 0.000 0.000 -0.000 -0.001 0.001 -0.001 -0.004 0.002 -0.003 0.002 0.000 0.000 -0.002 0.001 -0.000 0.000 0.003 -0.000 0.000 -0.000 0.000 0.001 0.000 0.001 0.000 0.000 0.000 0.001 -0.001 -0.000 0.000 0.005 0.004 0.001 0.000 0.003 0.000 0.000 0.001 0.000 -0.001 0.001 -0.000 0.007 0.004 0.002 0.003 0.005 0.001 0.003 0.004 0.012 0.003 0.008 0.002 0.011 0.002 0.002 0.004 0.006 0.003 0.005 0.002 0.003 0.008 0.006 0.005 0.005 0.001
0.000 0.000 0.000 0.000 0.000 -0.000 0.000 -0.001 -0.000 -0.000 -0.000 -0.001 -0.000 -0.001 0.002 -0.002 -0.000 0.000 -0.001 0.000 0.000 0.001 -0.000 -0.000 -0.001 0.000 0.001 0.000 0.000 -0.000 0.001 0.001 -0.000 -0.000 0.000 -0.001 0.001 -0.000 0.000 0.001 0.007 0.000 0.002 -0.000 0.000 0.000 0.001 -0.002 0.001 0.000 0.005 0.005 0.003 0.003 0.005 0.002 0.002 0.003 0.004 0.017 0.004 0.003 -0.000 0.009 0.001 0.004 0.005 0.002 0.001 0.003 0.001 0.003 0.008 0.005 0.010 0.002 0.000
0.000 0.000 0.000 0.000 0.000 -0.000 0.000 0.003 -0.001 0.001 0.002 0.000 0.000 -0.001 0.001 -0.002 0.003 -0.001 0.000 -0.001 0.001 -0.002 0.002 0.000 0.000 0.000 0.000 0.000 -0.001 0.000 -0.000 0.003 -0.000 -0.000 -0.001 0.000 0.000 0.001 -0.000 0.002 0.008 0.003 0.005 0.000 0.000 -0.001 -0.001 0.000 -0.000 0.001 0.004 -0.000 0.000 0.003 0.002 0.008 0.001 0.002 0.003 0.011 0.009 0.004 0.006 0.007 0.003 0.002 0.007 0.009 0.002 0.001 0.001 0.003 0.011 0.008 0.006 0.003 0.000
0.000 0.000 -0.000 0.000 0.001 0.001 -0.002 -0.005 0.000 -0.002 -0.002 0.005 -0.003 0.001 -0.002 0.001 -0.002 -0.001 0.000 -0.002 -0.001 0.001 -0.000 -0.000 -0.000 0.000 0.001 0.000 0.000 0.000 0.000 -0.000 0.000 0.006 0.000 -0.000 0.000 0.001 0.000 -0.000 0.009 0.000 0.002 0.001 0.000 -0.002 -0.000 0.001 0.001 0.002 0.004 0.005 0.000 0.004 0.002 0.006 0.000 0.001 0.003 0.013 0.014 0.003 0.005 0.004 0.004 0.003 0.010 0.002 0.002 0.001 0.000 0.003 0.011 0.009 0.006 0.003 0.003
0.000 0.000 0.000 -0.000 -0.000 -0.000 0.001 0.002 0.000 -0.000 0.003 -0.009 0.001 -0.000 0.001 -0.000 0.000 0.000 -0.001 0.001 -0.000 -0.000 0.002 0.000 0.000 0.000 0.000 0.001 -0.001 0.000 -0.000 -0.000 0.000 -0.000 0.002 0.000 -0.000 -0.000 -0.001 0.002 -0.005 0.007 0.005 0.005 0.000 0.000 0.000 0.000 -0.000 0.003 0.003 -0.000 0.003 0.003 0.007 0.001 0.000 0.001 0.003 0.014 0.012 0.001 0.001 0.008 0.003 0.006 0.008 0.003 0.001 0.001 0.004 0.002 0.003 0.012 0.005 0.002 0.005
0.000 0.000 0.000 -0.000 0.000 0.000 0.000 -0.001 -0.000 -0.000 -0.001 0.001 -0.001 0.001 0.000 0.000 -0.001 0.000 -0.001 0.001 0.001 0.000 0.004 -0.000 -0.000 0.000 -0.001 -0.000 0.001 -0.000 -0.000 0.001 -0.000 0.001 -0.000 0.000 0.000 -0.000 0.002 -0.000 0.001 -0.000 0.002 0.003 0.000 0.000 0.000 -0.000 0.000 0.006 0.001 0.000 0.001 0.006 0.009 0.000 0.001 0.001 0.002 0.012 0.007 0.005 0.001 0.009 0.005 0.007 0.006 0.002 0.006 0.001 0.003 0.001 0.001 0.016 0.006 0.002 0.003
-0.000 0.000 -0.001 0.000 -0.000 -0.001 -0.000 0.000 -0.000 0.002 -0.002 0.001 -0.001 -0.001 -0.004 -0.000 0.001 -0.001 0.001 -0.003 0.001 0.000 -0.002 0.001 0.001 -0.001 0.003 -0.000 -0.000 0.000 0.000 -0.000 0.001 0.003 0.000 0.000 -0.000 0.000 -0.000 0.000 0.000 0.000 0.006 0.008 0.000 0.000 0.001 -0.000 0.000 0.006 0.001 0.000 -0.000 0.005 0.009 0.000 0.002 0.001 0.002 0.008 0.016 0.001 0.002 0.004 0.008 0.008 0.003 0.004 0.002 0.002 0.003 0.001 0.003 0.006 0.004 0.005 0.005
0.000 0.000 0.000 -0.000 0.000 0.001 -0.000 -0.001 0.000 -0.002 0.001 -0.000 0.002 -0.000 0.002 0.001 -0.001 -0.000 -0.000 0.001 -0.002 -0.001 0.001 -0.001 0.000 0.000 -0.000 0.003 -0.000 0.000 0.000 0.000 -0.000 0.006 0.000 0.000 -0.000 -0.000 0.000 0.000 0.000 -0.000 0.002 0.012 0.003 0.000 0.000 -0.000 -0.000 0.003 0.000 0.001 0.000 0.005 0.007 0.001 0.002 0.003 0.003 0.002 0.021 0.004 0.001 0.004 0.007 0.008 0.005 0.003 0.002 0.003 0.001 0.002 -0.000 0.002 0.001 0.015 0.002
0.000 0.000 0.000 -0.000 -0.000 -0.001 0.004 0.004 -0.001 0.001 -0.001 -0.001 -0.004 0.002 -0.000 -0.003 0.000 0.000 -0.000 -0.000 -0.000 0.000 -0.000 0.001 0.000 -0.000 0.000 0.000 0.000 0.000 0.001 0.000 0.001 0.002 0.002 0.000 0.000 -0.001 0.000 0.002 0.000 0.000 0.000 0.007 0.002 0.000 0.000 0.002 0.003 0.003 0.000 0.002 0.000 0.002 0.010 0.000 0.002 0.006 0.002 0.003 0.010 0.005 0.003 0.005 0.006 0.008 0.002 0.004 0.004 0.003 -0.000 -0.002 0.001 0.003 0.002 0.010 0.010
0.001 -0.000 0.000 0.000 0.001 0.000 -0.002 -0.001 0.001 0.000 0.002 0.000 -0.003 -0.004 -0.001 0.003 -0.001 -0.001 -0.001 0.000 0.004 -0.001 0.000 -0.001 -0.000 0.000 0.000 -0.001 0.000 -0.000 0.001 -0.001 -0.001 -0.000 0.001 0.002 0.001 -0.000 0.000 0.002 0.001 0.000 0.001 0.008 0.005 0.000 0.000 -0.000 0.001 0.003 0.000 0.000 0.001 0.002 0.010 0.000 0.003 0.009 0.000 0.002 0.018 0.003 0.002 0.005 0.010 0.009 0.003 0.001 0.004 0.003 0.003 0.001 0.001 0.004 0.003 0.009 0.005
-0.000 -0.000 0.000 -0.002 -0.001 -0.000 -0.000 -0.000 -0.002 0.000 -0.001 0.000 0.004 0.002 -0.001 -0.003 0.001 0.004 0.003 -0.001 -0.000 0.002 -0.003 0.002 0.004 -0.001 -0.001 0.001 -0.000 0.000 0.000 -0.000 0.002 0.000 -0.001 0.007 0.000 0.000 0.000 0.001 0.001 0.000 0.001 0.004 0.012 0.000 0.000 0.001 0.000 0.003 0.001 0.002 0.003 0.002 0.010 0.001 0.004 0.000 0.002 0.005 0.015 0.000 0.003 0.002 0.015 0.004 0.003 0.001 0.000 0.003 0.005 0.000 0.000 -0.001 0.004 0.008 0.008
0.000 0.000 0.000 0.000 0.000 -0.001 -0.000 0.000 0.001 -0.000 -0.001 0.001 -0.003 -0.001 0.001 -0.001 -0.000 -0.001 -0.003 0.001 -0.000 0.000 0.000 -0.000 -0.001 0.005 0.000 0.002 0.000 0.000 0.000 0.000 0.001 -0.000 0.000 0.002 0.005 0.000 -0.000 0.000 0.002 0.000 0.000 0.003 0.010 -0.000 0.001 0.000 -0.000 0.002 0.001 0.001 0.005 0.004 0.006 0.003 0.005 0.001 0.001 0.003 0.006 0.011 0.005 0.007 0.011 0.006 0.002 0.002 0.000 0.002 0.002 0.001 0.000 0.000 0.004 0.004 0.019
0.000 0.000 -0.000 0.000 -0.001 0.002 -0.000 -0.000 -0.001 -0.002 -0.001 -0.002 -0.000 -0.003 -0.001 0.001 0.001 0.000 0.003 -0.001 -0.000 -0.000 0.000 0.000 0.000 -0.001 0.007 0.004 0.000 0.000 0.000 0.003 -0.000 0.000 0.000 0.000 0.004 0.000 0.000 0.000 0.000 0.000 0.002 0.004 0.005 0.002 0.005 0.000 0.000 0.001 0.003 0.001 0.002 0.008 0.006 0.001 0.001 0.005 0.003 0.003 0.002 0.004 0.011 0.013 0.008 0.003 0.004 0.002 0.000 0.000 -0.000 0.004 0.000 0.000 0.003 0.002 0.020
0.000 0.000 0.000 0.000 0.000 -0.001 0.001 -0.001 -0.000 0.001 -0.000 0.000 0.002 0.003 0.000 -0.001 -0.001 -0.002 -0.002 -0.000 -0.000 0.003 -0.000 0.000 -0.000 -0.000 -0.000 0.003 0.001 0.000 -0.000 -0.005 0.000 0.000 0.000 0.000 0.003 0.004 0.000 -0.000 0.000 -0.000 -0.001 -0.000 0.011 0.002 0.003 0.000 0.001 0.001 0.001 0.001 0.006 0.007 0.004 0.001 0.003 0.006 0.004 0.001 0.005 0.002 0.010 0.009 0.003 0.003 0.005 0.003 0.001 0.000 0.000 0.002 0.004 0.000 0.003 0.003 0.008
0.000 0.000 0.000 0.000 0.000 0.000 -0.000 0.001 -0.000 -0.002 0.001 -0.001 -0.002 -0.003 0.001 -0.000 0.000 0.001 -0.001 -0.000 0.000 -0.001 -0.000 0.001 -0.000 0.000 0.000 0.000 0.007 -0.001 0.003 0.003 -0.000 -0.000 -0.000 0.000 0.000 0.002 0.001 0.003 0.000 0.001 -0.000 0.000 0.006 0.011 0.004 0.000 0.000 0.001 0.001 0.001 0.007 0.005 0.003 0.002 0.001 0.004 0.007 0.002 0.003 0.004 0.008 0.015 0.001 0.002 0.002 0.001 0.005 0.001 0.000 -0.000 0.007 0.000 0.001 0.005 0.000
0.000 0.000 0.000 0.000 0.000 0.000 0.000 -0.000 0.000 0.001 -0.002 0.001 -0.000 -0.001 -0.001 -0.000 0.000 -0.001 0.002 -0.001 0.000 0.000 0.000 0.002 -0.000 0.000 -0.000 0.001 -0.001 0.002 0.001 0.002 0.001 0.000 0.000 0.000 0.000 0.000 0.007 -0.001 0.000 0.001 0.000 -0.001 0.000 0.017 0.001 0.000 0.000 0.003 0.001 0.000 0.006 0.006 0.001 0.002 0.005 0.003 0.009 0.003 0.004 0.003 0.010 0.007 0.001 0.002 0.004 0.001 0.006 0.002 0.000 0.000 0.007 0.000 0.001 0.005 0.000
0.000 0.000 0.000 0.000 0.000 0.000 -0.000 -0.001 -0.001 0.001 -0.001 -0.000 -0.001 0.004 0.001 0.000 -0.001 0.000 -0.001 0.001 -0.000 0.001 0.000 -0.002 0.001 -0.000 0.000 0.002 0.002 0.000 0.001 0.006 -0.000 -0.000 0.000 0.001 0.000 0.000 0.003 0.000 0.000 0.000 -0.001 0.000 0.001 0.018 0.001 0.000 0.000 0.002 0.001 0.000 0.007 0.003 0.003 0.002 0.003 0.003 0.007 0.004 0.003 0.004 0.010 0.009 0.002 0.002 0.003 0.002 0.006 0.002 0.000 0.000 0.000 0.000 -0.000 0.002 0.005
0.000 0.000 0.000 0.000 0.000 0.000 0.000 -0.000 -0.000 -0.004 0.001 -0.001 -0.001 -0.002 -0.002 -0.004 0.000 -0.001 -0.000 -0.001 -0.000 0.000 -0.001 0.001 0.000 0.000 0.000 -0.002 0.000 0.000 0.003 0.003 0.000 0.000 -0.000 0.000 -0.000 0.004 0.004 0.000 0.000 -0.000 -0.001 -0.000 0.001 0.017 0.001 0.000 0.000 0.003 0.002 0.000 0.008 0.002 0.003 0.001 0.006 0.003 0.009 0.004 0.005 0.005 0.010 0.002 0.002 0.002 0.002 0.000 0.000 0.004 0.006 0.002 0.000 0.000 0.000 0.002 0.003
0.000 0.000 0.000 0.000 0.000 0.000 0.000 0.000 0.000 -0.001 -0.001 0.000 -0.003 -0.001 -0.001 0.000 -0.002 0.002 -0.001 0.001 0.000 0.002 0.001 0.001 0.000 0.000 0.000 0.005 0.001 0.000 -0.000 0.005 -0.000 -0.000 0.000 -0.001 0.000 0.002 0.007 -0.000 0.000 -0.000 -0.002 -0.000 -0.000 0.006 0.012 0.000 0.000 0.001 0.002 0.002 0.004 0.001 0.002 0.004 0.005 0.010 0.003 0.001 0.002 0.013 0.009 0.003 0.002 0.001 0.004 0.001 0.000 -0.003 0.000 0.015 0.001 0.000 -0.002 0.001 0.003
0.000 0.000 0.000 0.000 0.000 0.000 0.000 0.000 -0.001 0.001 0.000 -0.000 0.001 -0.001 -0.000 0.001 0.001 -0.002 -0.001 -0.001 0.000 -0.000 0.000 0.003 0.001 -0.000 0.000 0.001 0.001 0.000 0.001 0.004 0.001 0.000 -0.001 0.000 -0.000 0.001 0.002 0.004 -0.000 -0.001 0.000 -0.000 0.000 0.000 0.021 0.000 0.000 0.001 0.009 0.001 0.003 0.001 0.001 0.003 0.008 0.013 0.001 0.001 0.002 0.011 0.004 0.003 0.001 0.001 0.003 0.000 -0.001 -0.002 0.000 0.001 -0.000 0.004 0.011 0.002 0.002
0.000 0.000 0.000 0.000 0.000 0.000 0.000 0.000 0.000 -0.002 -0.000 -0.000 -0.001 0.003 0.000 -0.004 0.000 -0.001 -0.000 0.001 -0.000 -0.000 0.000 0.000 0.002 0.003 0.001 0.003 0.001 0.000 0.001 0.004 0.001 -0.000 0.001 0.000 0.000 0.001 0.002 0.006 -0.000 -0.001 0.000 -0.000 0.000 0.000 0.012 0.004 0.004 0.006 0.004 0.002 0.002 0.001 0.001 0.002 0.011 0.006 0.001 0.001 0.004 0.007 0.001 0.008 0.004 0.001 0.004 -0.000 -0.001 0.002 0.000 0.000 0.001 0.001 0.011 0.000 0.001
0.000 0.000 0.000 0.000 0.000 0.000 0.000 0.000 -0.001 -0.001 -0.000 -0.001 0.000 -0.004 -0.003 0.001 0.000 0.001 0.000 -0.000 0.000 0.000 0.000 0.000 0.001 0.003 0.004 -0.000 0.001 -0.000 -0.001 0.000 0.001 0.001 0.000 0.001 0.002 0.002 0.001 0.003 0.000 -0.000 0.000 0.000 0.000 -0.000 0.002 0.005 0.006 0.008 0.004 0.003 0.002 0.000 0.001 0.004 0.013 0.008 0.001 0.001 0.009 0.002 0.001 0.002 0.002 0.000 0.001 0.002 0.002 0.001 0.005 0.000 0.001 0.001 0.009 0.002 0.001
0.000 0.000 0.000 0.000 0.000 0.000 0.000 0.000 -0.000 -0.000 -0.001 -0.001 -0.005 -0.002 -0.000 -0.001 -0.001 -0.000 0.000 -0.000 0.001 0.000 -0.000 0.000 -0.000 -0.000 0.001 0.007 0.001 -0.000 0.000 0.002 -0.000 0.001 0.000 0.000 0.001 0.004 0.010 0.002 -0.000 0.000 0.000 -0.000 0.000 0.000 0.000 0.001 0.009 0.014 0.010 0.000 -0.000 0.002 0.002 0.002 0.009 0.006 0.005 0.005 0.004 0.002 0.002 0.002 0.004 0.000 0.001 0.001 0.001 0.001 0.001 0.001 -0.000 0.002 0.001 0.004 0.002
0.000 0.000 0.000 0.000 0.000 0.000 0.000 0.000 -0.000 -0.001 -0.001 -0.002 0.000 -0.003 -0.000 0.000 -0.001 -0.000 -0.000 0.000 0.000 -0.001 0.000 0.000 -0.000 0.000 0.003 0.001 0.001 0.000 -0.000 0.001 0.000 -0.000 0.002 -0.000 -0.000 0.001 0.008 0.006 0.000 -0.001 -0.000 0.000 0.001 0.000 0.000 0.001 0.001 0.016 0.013 0.001 0.000 0.001 0.005 0.004 0.014 0.004 0.003 0.003 0.003 0.002 0.003 0.001 0.001 0.000 0.002 0.001 0.001 0.001 0.000 -0.000 0.000 0.001 0.002 -0.000 0.000
0.000 0.000 0.000 0.000 0.000 0.000 0.000 -0.000 -0.001 -0.001 -0.000 0.000 -0.004 -0.000 -0.000 -0.000 0.000 0.000 -0.000 0.000 -0.000 -0.001 -0.000 -0.001 -0.000 -0.000 0.001 0.007 0.001 -0.000 0.000 0.001 -0.000 0.000 0.000 0.000 0.000 0.000 0.004 0.005 -0.000 0.000 0.000 0.000 -0.000 0.001 0.000 0.001 0.001 0.013 0.015 0.001 0.001 0.001 0.006 0.010 0.001 0.003 0.003 0.004 0.002 0.005 0.002 0.001 0.001 0.000 0.001 0.001 -0.000 -0.001 -0.000 0.000 -0.000 0.005 0.001 0.001 0.002
0.000 0.000 0.000 0.000 0.000 0.000 0.000 -0.001 -0.001 -0.001 -0.000 -0.001 -0.001 -0.003 -0.000 -0.000 -0.000 0.000 0.001 -0.000 -0.000 -0.001 0.000 -0.000 0.000 0.000 0.001 0.004 0.001 -0.000 0.001 -0.000 0.003 -0.000 0.001 0.001 0.000 0.000 0.005 0.013 0.001 0.000 0.000 0.000 0.000 0.001 0.000 0.002 0.001 0.013 0.016 0.001 0.001 0.001 0.014 0.007 0.001 0.003 0.006 0.001 0.002 0.006 0.001 0.001 0.001 0.000 0.004 0.001 0.000 -0.001 -0.000 0.000 -0.000 0.003 0.000 0.001 0.001
