Data/res-0419.Qx
ncols         434
nrows         491
xllcorner     1194547.500000
yllcorner     -584471.000000
cellsize      25.000000
NODATA_value  -9999.000000
[rows 306 to 339 of 491, columns 228 to 303 of 434]
0.000 0.000 0.000 -0.000 0.000 0.000 0.000 0.000 0.000 0.001 0.000 0.000 0.000 0.000 0.000 0.000 0.000 0.000 -0.000 0.000 0.000 0.000 0.000 0.001 0.001 0.002 0.000 0.000 0.001 0.001 0.000 0.000 0.000 0.001 0.004 0.000 0.000 0.000 0.000 0.000 0.000 0.003 -0.002 -0.005 0.001 -0.006 0.002 -0.008 -0.006 -0.004 -0.000 -0.009 -0.004 -0.009 -0.004 -0.003 -0.013 -0.003 -0.008 -0.006 -0.009 -0.009 -0.006 -0.008 -0.007 -0.005 -0.019 -0.004 -0.008 -0.010 -0.005 -0.012 -0.010 -0.014 -0.011 0.000
0.000 0.000 0.000 0.000 0.000 0.000 0.000 0.000 0.000 0.000 0.001 0.001 0.000 0.000 0.000 0.000 0.000 -0.000 -0.000 0.000 0.000 -0.000 0.000 0.000 0.000 0.000 0.000 0.000 0.000 0.000 0.001 0.001 0.001 0.000 0.000 0.005 0.004 0.002 0.002 0.000 0.000 -0.000 -0.001 0.002 -0.007 -0.002 -0.002 -0.007 -0.000 -0.009 -0.000 -0.015 -0.001 -0.007 -0.007 -0.006 -0.008 -0.001 -0.009 -0.010 -0.000 -0.016 -0.004 -0.009 -0.008 -0.007 -0.008 -0.006 -0.011 -0.014 -0.004 -0.005 -0.018 -0.007 -0.008 -0.008
0.000 0.000 0.000 0.000 0.000 0.000 0.000 0.000 0.000 0.000 0.000 0.000 0.000 0.000 0.000 0.000 0.000 0.000 -0.000 -0.000 -0.000 0.000 0.001 0.001 -0.000 -0.000 0.000 0.000 0.000 0.000 0.000 0.000 0.000 0.000 0.002 0.001 0.001 0.002 0.001 0.001 0.001 -0.000 0.001 -0.003 -0.003 -0.003 -0.005 -0.004 -0.006 -0.000 -0.008 -0.006 -0.008 -0.003 -0.008 -0.004 -0.009 -0.004 -0.009 -0.003 -0.012 -0.006 -0.007 -0.006 -0.009 -0.015 -0.005 -0.004 -0.015 -0.013 -0.006 -0.007 -0.012 -0.010 -0.004 -0.012
0.000 0.000 0.000 0.000 0.000 0.000 -0.000 -0.000 0.000 0.000 0.000 0.000 0.001 0.001 0.000 0.000 0.000 0.001 0.001 0.000 0.000 0.000 0.000 -0.001 0.000 -0.000 0.000 0.000 -0.000 0.000 0.001 0.000 0.000 0.000 0.000 0.001 0.001 0.002 0.003 0.004 0.001 -0.001 -0.002 -0.002 -0.004 -0.006 0.003 -0.009 -0.003 -0.007 -0.005 -0.008 0.001 -0.009 -0.009 -0.008 -0.005 -0.008 -0.005 -0.007 -0.006 -0.008 -0.008 -0.010 -0.009 -0.005 -0.012 -0.011 -0.012 -0.003 -0.013 -0.012 -0.006 -0.007 -0.010 -0.012
0.000 0.000 0.000 0.000 0.000 0.000 0.000 0.000 0.000 0.000 0.000 0.000 0.000 0.000 0.001 0.000 0.000 0.001 0.001 0.001 0.001 0.000 -0.001 -0.000 -0.000 -0.000 -0.000 0.000 -0.000 0.000 0.001 0.001 0.002 0.001 0.000 0.000 0.000 0.000 0.000 0.001 0.001 -0.002 0.001 -0.004 -0.001 -0.005 -0.006 -0.003 -0.003 -0.007 -0.004 -0.002 -0.010 -0.012 0.000 -0.005 -0.012 -0.005 -0.009 -0.009 -0.002 -0.011 -0.006 -0.009 -0.006 -0.007 -0.019 -0.001 -0.009 -0.013 -0.005 -0.015 -0.008 -0.015 -0.002 -0.013
0.000 0.000 0.000 0.000 0.000 0.000 0.000 0.000 0.000 0.000 0.000 0.000 0.000 0.000 0.000 0.001 0.000 0.000 0.000 0.001 0.001 0.000 0.000 0.000 -0.001 -0.000 -0.001 -0.000 0.000 -0.000 0.000 0.000 0.000 0.000 0.000 0.000 0.000 -0.000 -0.000 0.001 -0.001 0.001 -0.003 -0.001 -0.004 -0.003 -0.004 -0.007 -0.001 -0.008 -0.003 -0.009 -0.009 0.004 -0.016 -0.003 -0.006 -0.010 -0.003 -0.009 -0.012 -0.005 -0.014 0.000 -0.013 -0.007 -0.010 -0.007 -0.007 -0.013 -0.013 -0.003 -0.015 -0.006 -0.011 -0.009
0.000 0.000 0.000 0.000 0.000 0.000 0.000 0.000 0.000 0.000 0.000 0.000 0.000 0.000 0.000 0.000 0.002 0.003 0.003 0.003 0.001 0.001 0.000 -0.001 -0.000 -0.000 -0.001 -0.000 0.000 0.000 0.000 0.000 0.000 0.000 0.000 0.000 0.000 0.000 0.000 0.000 0.000 -0.001 0.000 -0.002 -0.006 -0.006 -0.005 -0.001 -0.006 -0.007 -0.007 -0.003 -0.006 -0.004 -0.009 -0.007 -0.007 -0.007 -0.005 -0.012 -0.002 -0.009 -0.011 -0.007 -0.006 -0.015 -0.005 -0.018 -0.011 -0.002 -0.014 -0.013 -0.006 -0.009 -0.010 -0.007
0.000 0.000 0.000 0.000 0.000 0.000 0.000 0.000 0.000 0.000 0.000 0.000 0.000 0.000 0.000 0.001 0.002 0.001 0.001 0.000 0.001 0.002 0.001 -0.000 -0.000 -0.000 -0.000 -0.000 -0.000 0.000 0.000 0.000 0.000 0.000 0.000 0.000 0.000 0.000 0.000 0.000 -0.001 -0.000 -0.000 -0.007 0.001 -0.005 -0.006 -0.002 -0.007 -0.004 -0.013 0.004 -0.009 -0.011 -0.005 -0.006 -0.007 -0.006 -0.007 -0.011 -0.006 -0.008 -0.010 -0.008 -0.011 -0.013 -0.009 -0.011 0.000 -0.018 -0.009 -0.014 -0.004 -0.017 -0.008 -0.008
0.000 0.000 0.000 0.000 0.000 0.000 0.000 0.000 0.000 0.000 0.000 0.000 0.000 0.000 0.000 0.000 0.003 0.002 0.003 0.002 0.001 0.002 -0.000 0.001 -0.001 -0.000 -0.000 -0.000 -0.000 -0.000 -0.000 0.000 0.000 0.000 0.000 0.000 0.000 0.000 0.000 -0.000 0.001 -0.009 -0.004 -0.001 -0.005 -0.003 -0.005 -0.005 -0.009 -0.001 -0.006 -0.009 -0.007 -0.008 -0.005 -0.009 -0.003 -0.009 -0.007 -0.015 -0.004 -0.008 -0.011 -0.006 -0.009 -0.015 -0.009 -0.006 -0.016 -0.008 -0.013 -0.012 -0.006 -0.011 -0.014 -0.013
-0.000 0.000 0.000 0.000 -0.000 0.000 0.000 0.000 0.000 0.000 0.000 0.000 0.000 0.000 0.005 0.012 0.011 0.015 0.001 0.001 0.000 0.000 -0.000 -0.001 -0.000 0.001 0.000 0.000 0.000 0.000 0.000 0.000 0.000 0.000 0.000 0.000 0.000 0.000 -0.001 -0.000 -0.005 -0.002 -0.005 -0.000 -0.010 -0.002 -0.007 -0.004 -0.009 -0.001 -0.011 -0.003 -0.010 0.002 -0.011 -0.008 -0.007 -0.011 -0.002 -0.010 -0.014 -0.006 -0.010 -0.011 -0.006 -0.016 -0.007 -0.014 -0.009 -0.017 -0.009 -0.004 -0.015 -0.012 -0.008 -0.012
0.000 0.000 0.000 0.000 0.000 0.000 0.000 0.000 0.000 0.000 0.000 0.000 0.000 0.002 0.002 0.007 0.008 0.008 0.023 0.001 0.003 0.003 -0.000 -0.002 0.000 0.000 0.003 0.000 0.000 0.000 0.000 0.000 0.000 0.000 0.000 0.000 0.000 0.000 -0.000 -0.004 -0.008 -0.002 -0.002 -0.009 -0.005 0.000 -0.006 -0.005 -0.008 -0.002 -0.011 -0.004 -0.006 -0.009 -0.009 -0.006 -0.008 -0.005 -0.013 -0.007 -0.006 -0.010 -0.011 -0.014 -0.006 -0.011 -0.019 -0.005 -0.011 -0.010 -0.015 -0.011 -0.015 -0.011 -0.009 -0.010
0.000 0.000 0.000 0.000 0.000 0.000 0.000 0.000 0.000 0.000 0.000 0.000 0.000 0.000 0.002 0.003 0.007 0.006 0.007 0.000 0.001 -0.000 0.003 0.000 0.001 -0.000 0.000 0.000 -0.000 -0.000 0.000 0.000 0.000 0.000 0.000 0.000 -0.000 -0.001 -0.002 -0.005 -0.003 -0.007 -0.004 -0.002 -0.008 -0.005 -0.002 -0.009 -0.003 -0.004 -0.010 -0.002 -0.009 -0.009 -0.006 -0.011 -0.005 -0.013 -0.005 -0.011 -0.007 -0.015 -0.003 -0.015 -0.012 -0.008 -0.010 -0.010 -0.017 -0.010 -0.013 -0.015 -0.010 -0.011 -0.013 -0.013
0.000 0.000 0.000 -0.000 0.000 0.000 0.000 0.000 0.000 0.000 0.000 0.000 0.001 0.009 0.007 0.007 0.004 0.003 0.004 0.034 0.002 0.001 0.002 0.002 0.001 0.001 0.000 0.000 -0.000 -0.000 0.000 0.000 0.000 0.000 0.000 0.000 -0.000 -0.002 -0.004 -0.002 -0.007 -0.002 -0.008 -0.006 -0.000 -0.012 -0.001 -0.006 -0.006 -0.009 -0.003 -0.006 -0.013 -0.008 -0.006 -0.006 -0.008 -0.011 -0.008 -0.008 -0.014 -0.007 -0.013 -0.012 -0.011 -0.011 -0.007 -0.018 -0.019 -0.007 -0.006 -0.020 -0.012 -0.004 -0.015 -0.013
0.000 0.000 0.000 0.000 0.000 0.000 0.000 0.000 0.000 0.000 0.000 0.004 0.010 0.009 0.020 0.017 0.015 0.017 0.012 0.009 0.040 0.026 0.011 0.000 0.000 0.000 -0.001 -0.000 0.000 0.000 0.000 0.000 0.000 0.000 0.000 -0.001 -0.000 -0.007 -0.004 -0.003 -0.006 -0.006 -0.005 -0.004 -0.007 -0.003 -0.006 -0.006 -0.004 -0.013 -0.002 -0.011 -0.011 -0.005 -0.007 -0.013 -0.004 -0.015 -0.006 -0.010 -0.014 -0.008 -0.007 -0.018 -0.010 -0.016 -0.013 -0.009 -0.018 -0.013 -0.012 -0.010 -0.014 -0.013 -0.016 -0.009
0.000 0.000 0.024 0.000 0.000 0.129 0.129 0.129 0.129 0.129 0.130 0.125 0.118 0.110 0.046 0.018 0.018 0.016 0.012 0.016 0.016 0.008 0.008 0.001 -0.000 -0.003 -0.001 -0.001 -0.000 0.000 0.000 0.000 0.000 -0.000 -0.000 -0.001 -0.003 -0.002 -0.005 -0.004 -0.003 -0.006 -0.005 -0.004 -0.006 -0.009 -0.004 -0.007 -0.003 -0.009 -0.007 -0.008 -0.009 -0.006 -0.011 -0.008 -0.007 -0.008 -0.012 -0.007 -0.018 -0.008 -0.015 -0.012 -0.012 -0.016 -0.013 -0.013 -0.012 -0.016 -0.011 -0.023 -0.006 -0.008 -0.020 -0.015
0.129 0.129 0.105 0.129 0.129 0.000 0.000 0.000 0.000 0.000 0.000 0.000 0.000 0.000 0.047 0.065 0.002 0.003 0.011 0.005 0.001 0.007 0.013 0.000 0.000 -0.001 -0.001 -0.000 -0.000 -0.000 0.000 0.000 -0.000 -0.001 -0.000 -0.002 -0.003 -0.002 -0.002 -0.003 -0.006 -0.003 -0.006 -0.006 -0.002 -0.007 -0.006 -0.005 -0.004 -0.010 -0.006 -0.009 -0.007 -0.008 -0.010 -0.005 -0.017 -0.005 -0.013 -0.010 -0.012 -0.014 -0.014 -0.012 -0.015 -0.011 -0.014 -0.019 -0.012 -0.012 -0.022 -0.011 -0.013 -0.012 -0.014 -0.012
0.000 0.000 0.000 0.000 0.000 0.000 0.000 0.000 0.000 0.000 0.000 0.000 0.000 0.000 -0.000 -0.000 0.058 0.030 0.008 0.005 -0.012 -0.000 0.002 0.028 0.006 -0.000 -0.000 -0.009 -0.008 -0.000 -0.000 -0.004 -0.006 -0.005 -0.007 -0.007 -0.004 0.002 -0.007 -0.000 -0.002 -0.003 -0.003 -0.006 -0.003 -0.003 -0.006 -0.008 -0.007 -0.006 -0.010 -0.002 -0.017 -0.004 -0.004 -0.012 -0.011 -0.014 -0.010 -0.008 -0.020 -0.009 -0.017 -0.007 -0.016 -0.014 -0.017 -0.014 -0.022 -0.008 -0.015 -0.016 -0.014 -0.017 -0.010 -0.011
0.000 0.000 0.000 0.000 0.000 0.000 0.000 0.000 0.000 0.000 0.020 0.000 0.000 0.000 -0.000 0.000 -0.000 0.007 0.013 -0.009 0.003 -0.000 -0.002 -0.008 -0.011 -0.004 -0.011 -0.001 -0.002 -0.010 -0.010 -0.005 -0.003 -0.003 -0.002 -0.001 0.001 -0.001 0.004 -0.001 -0.001 -0.002 -0.002 -0.003 -0.003 -0.006 -0.003 -0.007 -0.009 -0.004 -0.008 -0.008 -0.008 -0.006 -0.013 -0.009 -0.008 -0.011 -0.017 -0.010 -0.009 -0.016 -0.009 -0.017 -0.017 -0.022 -0.015 -0.018 -0.013 -0.013 -0.018 -0.021 -0.005 -0.029 -0.002 -0.013
0.000 0.000 0.000 0.000 0.000 0.000 0.000 0.000 0.000 0.000 0.048 0.070 0.000 0.000 -0.000 -0.003 -0.004 0.002 -0.003 0.003 0.002 -0.001 -0.004 -0.011 -0.002 0.002 0.000 0.000 0.000 0.000 0.000 0.000 0.000 0.000 0.000 -0.000 0.001 0.001 0.003 -0.001 -0.002 0.001 -0.005 -0.005 -0.000 -0.005 -0.003 -0.007 -0.004 -0.008 -0.009 -0.008 -0.008 -0.006 -0.014 -0.006 -0.012 -0.011 -0.010 -0.019 -0.009 -0.016 -0.018 -0.008 -0.021 -0.011 -0.020 -0.018 -0.012 -0.024 -0.014 -0.016 -0.007 -0.023 -0.016 -0.012
0.000 0.000 0.000 0.000 0.000 0.072 0.072 0.072 0.072 0.072 0.004 0.002 0.000 0.000 -0.001 -0.000 0.000 0.001 -0.004 0.000 0.001 -0.003 -0.010 0.000 0.000 0.000 0.004 -0.000 0.000 0.000 0.000 -0.000 0.000 0.000 0.000 0.000 -0.000 0.000 0.001 0.000 -0.000 -0.002 -0.005 -0.000 -0.004 -0.004 -0.008 -0.006 -0.002 -0.010 -0.004 -0.008 -0.006 -0.012 -0.011 -0.009 -0.008 -0.016 -0.010 -0.013 -0.017 -0.022 -0.010 -0.014 -0.022 -0.016 -0.017 -0.020 -0.004 -0.030 -0.014 -0.018 -0.010 -0.022 -0.011 -0.018
0.000 0.000 0.073 0.073 0.072 0.000 0.000 0.001 0.000 0.000 0.000 0.001 0.065 0.040 0.030 0.030 0.026 -0.004 -0.007 -0.001 0.000 -0.006 -0.003 -0.003 0.003 -0.003 -0.001 -0.001 0.000 0.000 0.000 0.000 0.000 0.000 0.000 0.000 -0.000 0.000 -0.000 -0.001 -0.003 0.000 -0.003 -0.004 -0.004 -0.003 -0.003 -0.007 -0.006 -0.005 -0.009 -0.007 -0.010 -0.006 -0.012 -0.010 -0.011 -0.016 -0.012 -0.019 -0.013 -0.011 -0.018 -0.022 -0.018 -0.019 -0.013 -0.018 -0.024 -0.017 -0.012 -0.015 -0.026 -0.009 -0.015 -0.016
0.080 0.072 0.000 0.000 0.000 0.000 0.000 0.000 0.000 0.000 0.000 0.000 0.006 0.015 0.020 0.011 0.009 0.040 -0.011 -0.002 -0.005 0.002 0.007 -0.002 0.000 -0.005 -0.004 -0.001 -0.001 0.000 0.000 0.000 0.000 0.000 0.000 -0.000 -0.000 -0.000 -0.000 -0.002 -0.003 0.001 -0.003 -0.005 -0.003 -0.008 -0.003 -0.005 -0.005 -0.009 -0.008 -0.006 -0.010 -0.010 -0.007 -0.011 -0.015 -0.012 -0.014 -0.016 -0.016 -0.018 -0.019 -0.020 -0.021 -0.010 -0.027 -0.018 -0.022 -0.013 -0.025 -0.013 -0.019 -0.016 -0.013 -0.023
0.000 0.005 0.005 0.005 0.000 0.000 0.000 0.000 0.000 0.000 0.000 0.000 -0.000 0.000 -0.001 -0.002 -0.000 -0.000 -0.001 0.000 -0.001 -0.002 -0.003 0.004 -0.004 -0.003 0.000 0.000 -0.001 0.000 0.000 0.000 0.000 0.000 0.000 0.000 0.000 -0.002 -0.001 -0.003 0.001 -0.007 -0.002 -0.000 -0.006 -0.007 -0.003 -0.005 -0.008 -0.006 -0.007 -0.010 -0.011 -0.009 -0.005 -0.015 -0.014 -0.014 -0.012 -0.017 -0.016 -0.023 -0.020 -0.024 -0.018 -0.017 -0.027 -0.015 -0.023 -0.016 -0.020 -0.021 -0.013 -0.017 -0.015 -0.017
0.000 0.000 0.000 0.000 0.002 0.000 0.000 0.000 0.000 0.000 -0.000 -0.000 -0.004 0.001 -0.003 -0.003 -0.001 -0.008 0.051 -0.002 -0.001 -0.006 -0.011 -0.008 -0.010 -0.002 -0.003 -0.003 -0.002 -0.003 -0.001 -0.000 0.000 0.000 -0.000 -0.000 0.000 -0.002 -0.005 -0.005 -0.004 -0.003 -0.001 -0.006 -0.005 -0.003 -0.004 -0.008 -0.006 -0.007 -0.006 -0.008 -0.007 -0.011 -0.009 -0.013 -0.012 -0.018 -0.017 -0.021 -0.016 -0.015 -0.024 -0.023 -0.020 -0.017 -0.028 -0.018 -0.023 -0.021 -0.011 -0.025 -0.015 -0.019 -0.014 -0.017
-0.001 0.000 0.000 0.000 0.002 0.005 0.005 0.000 0.000 0.000 0.000 0.000 -0.001 0.002 -0.012 -0.012 -0.030 -0.018 -0.009 0.008 0.013 0.034 -0.011 -0.017 -0.003 0.000 0.000 0.000 0.000 -0.001 -0.015 -0.017 -0.017 -0.018 -0.018 -0.022 -0.023 -0.015 -0.011 -0.003 -0.001 -0.004 -0.005 -0.003 -0.005 -0.004 -0.004 -0.010 -0.002 -0.006 -0.009 -0.010 -0.005 -0.013 -0.006 -0.014 -0.013 -0.013 -0.020 -0.014 -0.026 -0.019 -0.021 -0.021 -0.024 -0.024 -0.029 -0.013 -0.022 -0.019 -0.021 -0.023 -0.022 -0.016 -0.013 -0.018
-0.001 0.000 0.000 0.000 0.000 0.000 0.000 0.005 0.000 0.000 -0.001 -0.003 -0.002 -0.009 -0.023 -0.017 -0.014 -0.020 -0.031 -0.008 -0.001 0.001 -0.002 -0.004 0.000 0.000 0.000 0.000 0.000 0.000 0.000 -0.000 -0.000 -0.003 -0.005 -0.003 -0.002 -0.003 -0.005 -0.007 -0.004 -0.002 -0.000 -0.007 -0.003 -0.006 -0.005 -0.002 -0.004 -0.005 -0.007 -0.010 -0.001 -0.011 -0.012 -0.013 -0.013 -0.017 -0.017 -0.024 -0.019 -0.024 -0.025 -0.018 -0.028 -0.026 -0.020 -0.025 -0.022 -0.023 -0.015 -0.030 -0.012 -0.020 -0.020 -0.014
-0.001 0.000 0.000 0.000 0.000 0.000 0.000 0.000 0.000 0.000 0.000 -0.000 0.000 -0.019 -0.004 -0.005 -0.009 -0.012 -0.005 -0.001 -0.001 -0.000 0.018 -0.000 0.000 0.000 0.000 0.000 0.000 0.000 0.006 -0.000 -0.004 -0.004 -0.001 -0.001 -0.001 -0.005 -0.006 -0.004 -0.006 0.000 -0.007 -0.002 -0.007 0.003 -0.008 -0.002 -0.007 -0.001 -0.008 -0.000 -0.009 -0.012 -0.007 -0.006 -0.018 -0.018 -0.016 -0.019 -0.025 -0.022 -0.025 -0.024 -0.021 -0.027 -0.022 -0.023 -0.019 -0.030 -0.015 -0.017 -0.019 -0.025 -0.017 -0.013
0.000 0.000 0.000 0.000 0.000 0.000 0.000 0.000 0.004 -0.000 -0.000 -0.001 -0.022 -0.007 -0.004 -0.007 -0.014 -0.012 -0.007 -0.006 -0.017 -0.022 -0.023 0.002 -0.010 -0.011 -0.011 -0.011 -0.011 -0.006 -0.000 -0.003 -0.003 -0.000 -0.000 -0.002 -0.005 -0.006 -0.007 -0.009 -0.008 -0.010 -0.004 0.003 -0.007 -0.003 0.000 -0.005 -0.000 -0.003 -0.007 -0.001 -0.008 -0.005 -0.012 -0.008 -0.013 -0.017 -0.013 -0.022 -0.016 -0.025 -0.021 -0.027 -0.030 -0.018 -0.025 -0.027 -0.020 -0.018 -0.021 -0.018 -0.020 -0.018 -0.012 -0.021
0.000 0.000 0.000 0.000 0.000 0.000 0.000 0.000 -0.000 0.002 -0.003 -0.025 -0.030 -0.012 0.002 -0.010 -0.007 -0.006 -0.007 -0.012 -0.029 -0.074 -0.033 -0.017 -0.001 0.000 0.000 0.000 -0.000 -0.005 -0.004 -0.001 -0.000 -0.001 -0.002 -0.004 -0.007 -0.009 -0.006 -0.009 -0.011 -0.007 -0.010 -0.002 -0.003 0.000 -0.001 -0.004 0.000 0.001 -0.004 -0.003 -0.002 -0.001 -0.013 -0.012 -0.006 -0.014 -0.020 -0.010 -0.026 -0.017 -0.028 -0.025 -0.022 -0.035 -0.020 -0.022 -0.023 -0.016 -0.023 -0.018 -0.018 -0.016 -0.018 -0.017
0.000 0.000 0.000 0.000 0.000 0.000 0.000 0.000 -0.001 -0.000 -0.001 0.007 -0.000 -0.002 -0.004 0.007 -0.014 -0.022 -0.016 -0.012 -0.011 0.000 -0.000 -0.000 -0.000 0.000 0.000 0.000 0.000 -0.000 0.000 -0.002 -0.000 -0.001 -0.001 -0.003 -0.004 -0.003 -0.004 -0.004 -0.006 -0.007 -0.012 -0.007 -0.001 -0.002 0.005 -0.001 0.001 -0.002 0.003 -0.004 -0.004 -0.007 -0.005 -0.010 -0.008 -0.015 -0.013 -0.017 -0.018 -0.025 -0.023 -0.031 -0.024 -0.029 -0.023 -0.022 -0.023 -0.020 -0.018 -0.019 -0.016 -0.017 -0.017 -0.016
0.000 0.000 0.000 0.000 0.000 0.000 0.000 -0.002 -0.001 -0.000 -0.001 0.001 -0.001 -0.006 -0.004 -0.002 -0.004 -0.005 -0.008 -0.011 -0.005 0.005 0.002 0.000 0.000 0.000 0.000 0.000 0.000 0.000 -0.000 0.000 -0.000 -0.002 -0.003 -0.009 -0.006 -0.003 -0.004 -0.005 -0.007 -0.016 -0.014 -0.007 -0.004 0.001 0.006 0.003 0.004 -0.000 -0.003 0.000 -0.004 -0.004 -0.003 -0.010 -0.011 -0.008 -0.015 -0.015 -0.022 -0.023 -0.023 -0.035 -0.024 -0.031 -0.033 -0.019 -0.017 -0.020 -0.019 -0.014 -0.019 -0.015 -0.018 -0.013
0.000 0.000 0.000 0.000 0.000 0.000 0.000 -0.003 -0.008 -0.014 -0.011 -0.005 -0.012 -0.014 -0.017 -0.048 -0.010 -0.007 -0.013 -0.007 -0.015 -0.000 -0.001 0.000 -0.000 -0.000 0.000 -0.000 0.000 0.000 0.000 0.004 -0.002 -0.002 -0.008 -0.004 -0.003 -0.003 -0.003 -0.005 -0.008 -0.006 -0.001 -0.000 -0.005 -0.004 0.001 0.005 0.001 0.003 -0.002 -0.001 -0.003 -0.003 -0.002 -0.008 -0.005 -0.011 -0.011 -0.017 -0.024 -0.021 -0.028 -0.031 -0.025 -0.020 -0.015 -0.017 -0.016 -0.011 -0.020 -0.015 -0.018 -0.012 -0.015 -0.015
0.002 0.002 0.000 0.000 0.000 0.000 0.000 0.001 -0.009 -0.007 -0.006 -0.006 -0.002 0.001 -0.002 -0.010 -0.008 -0.009 -0.011 -0.008 0.003 0.001 0.000 0.000 -0.000 -0.000 -0.000 -0.000 0.000 0.000 0.000 0.004 -0.001 -0.004 -0.010 -0.004 -0.003 -0.002 -0.003 -0.005 -0.009 0.002 0.000 0.000 -0.004 -0.004 -0.006 -0.005 0.001 0.000 0.001 -0.005 0.001 -0.007 0.000 -0.004 -0.008 -0.004 -0.016 -0.014 -0.020 -0.026 -0.018 -0.004 -0.003 -0.001 -0.004 -0.008 -0.007 -0.013 -0.013 -0.013 -0.015 -0.015 -0.014 -0.014
0.000 0.000 0.002 0.000 0.000 -0.000 -0.000 0.003 -0.006 -0.025 -0.026 -0.025 -0.002 -0.001 -0.005 -0.009 -0.010 -0.008 -0.019 -0.017 -0.005 -0.001 0.003 0.001 0.000 0.000 0.000 0.000 0.000 0.000 0.000 0.001 0.015 -0.012 -0.009 -0.006 -0.002 -0.004 -0.008 -0.004 0.000 0.000 0.003 -0.005 -0.006 -0.012 -0.015 -0.011 -0.004 0.004 -0.004 -0.005 -0.001 -0.002 0.000 -0.000 -0.000 -0.005 -0.008 -0.012 -0.022 -0.011 -0.002 0.004 -0.004 -0.004 -0.004 -0.003 -0.005 -0.007 -0.010 -0.010 -0.013 -0.012 -0.014 -0.014
