Data/res-0031.wd
ncols         433
nrows         491
xllcorner     1194560.000000
yllcorner     -584471.000000
cellsize      25.000000
NODATA_value  -9999.000000
[rows 272 to 305 of 491, columns 231 to 307 of 433]
0.081 0.000 0.066 0.038 0.104 0.042 0.142 0.122 0.119 0.146 0.272 0.310 0.237 0.327 0.119 0.126 0.134 0.056 0.066 0.060 0.072 0.143 0.067 0.268 0.234 0.216 0.407 0.441 0.297 0.256 0.091 0.113 0.064 0.038 0.041 0.166 0.106 0.016 0.085 0.000 0.000 0.000 0.000 0.000 0.018 0.341 0.000 0.000 0.000 0.088 0.000 0.000 0.000 0.100 0.020 0.000 0.000 0.001 0.001 0.003 0.008 0.019 0.040 0.039 0.019 0.015 0.013 0.013 0.015 0.040 0.087 0.128 0.144 0.171 0.201 0.228 0.243
0.180 0.037 0.146 0.000 0.132 0.035 0.078 0.180 0.075 0.044 0.065 0.086 0.047 0.213 0.226 0.411 0.216 0.060 0.164 0.166 0.215 0.136 0.139 0.309 0.180 0.137 0.240 0.165 0.192 0.275 0.363 0.134 0.147 0.295 0.139 0.025 0.154 0.093 0.048 0.028 0.000 0.000 0.000 0.000 0.000 0.143 0.142 0.000 0.049 0.017 0.151 0.000 0.000 0.038 0.260 0.124 0.000 0.001 0.002 0.006 0.015 0.022 0.027 0.026 0.032 0.021 0.017 0.015 0.020 0.071 0.110 0.151 0.168 0.196 0.229 0.257 0.269
0.066 0.117 0.000 0.029 0.143 0.036 0.084 0.102 0.000 0.015 0.053 0.000 0.160 0.000 0.000 0.093 0.183 0.491 0.344 0.232 0.133 0.107 0.069 0.298 0.077 0.220 0.187 0.273 0.167 0.189 0.165 0.339 0.139 0.140 0.124 0.206 0.271 0.070 0.047 0.182 0.000 0.000 0.000 0.000 0.000 0.094 0.226 0.000 0.000 0.000 0.170 0.000 0.000 0.000 0.000 0.021 0.025 0.020 0.027 0.022 0.025 0.033 0.023 0.031 0.011 0.007 0.008 0.014 0.032 0.086 0.137 0.174 0.191 0.230 0.266 0.269 0.290
0.114 0.161 0.000 0.066 0.046 0.159 0.233 0.199 0.029 0.008 0.145 0.000 0.172 0.000 0.000 0.000 0.006 0.221 0.488 0.489 0.247 0.070 0.313 0.316 0.125 0.296 0.122 0.291 0.153 0.194 0.194 0.098 0.351 0.189 0.214 0.157 0.000 0.000 0.084 0.000 0.000 0.000 0.000 0.000 0.000 0.000 0.211 0.000 0.000 0.029 0.027 0.085 0.000 0.000 0.000 0.000 0.000 0.025 0.029 0.018 0.028 0.044 0.022 0.014 0.013 0.008 0.009 0.030 0.073 0.122 0.166 0.214 0.248 0.273 0.292 0.307 0.313
0.171 0.050 0.127 0.080 0.193 0.075 0.082 0.034 0.099 0.125 0.079 0.009 0.080 0.046 0.098 0.026 0.045 0.360 0.034 0.134 0.516 0.180 0.394 0.153 0.272 0.215 0.323 0.212 0.160 0.163 0.382 0.207 0.236 0.508 0.097 0.008 0.000 0.024 0.033 0.000 0.000 0.000 0.000 0.000 0.000 0.000 0.080 0.166 0.000 0.027 0.000 0.134 0.131 0.013 0.007 0.004 0.003 0.005 0.018 0.018 0.022 0.040 0.025 0.012 0.008 0.008 0.014 0.039 0.095 0.146 0.192 0.252 0.294 0.326 0.348 0.350 0.353
0.058 0.157 0.118 0.000 0.154 0.000 0.260 0.096 0.066 0.198 0.025 0.086 0.157 0.210 0.019 0.068 0.104 0.180 0.000 0.069 0.198 0.628 0.430 0.316 0.411 0.156 0.394 0.342 0.272 0.166 0.398 0.405 0.242 0.463 0.116 0.117 0.213 0.000 0.176 0.000 0.000 0.000 0.000 0.000 0.000 0.000 0.029 0.004 0.068 0.000 0.000 0.000 0.001 0.000 0.006 0.002 0.003 0.009 0.015 0.017 0.031 0.032 0.026 0.007 0.005 0.007 0.028 0.067 0.112 0.179 0.231 0.277 0.328 0.355 0.368 0.370 0.368
0.235 0.095 0.000 0.065 0.234 0.006 0.245 0.118 0.114 0.015 0.042 0.006 0.185 0.129 0.000 0.000 0.038 0.252 0.025 0.049 0.150 0.225 0.518 0.576 0.654 0.502 0.693 0.770 0.733 0.443 0.723 0.774 0.587 0.186 0.167 0.071 0.024 0.041 0.000 0.000 0.000 0.000 0.000 0.000 0.000 0.000 0.027 0.008 0.082 0.000 0.000 0.000 0.000 0.000 0.003 0.004 0.005 0.008 0.017 0.025 0.025 0.029 0.031 0.010 0.009 0.014 0.062 0.119 0.159 0.206 0.229 0.273 0.318 0.351 0.367 0.356 0.361
0.250 0.034 0.033 0.238 0.126 0.048 0.304 0.125 0.075 0.000 0.059 0.184 0.166 0.000 0.000 0.102 0.026 0.193 0.099 0.137 0.132 0.207 0.229 0.234 0.593 0.464 0.307 0.327 0.303 0.603 0.342 0.119 0.538 0.164 0.065 0.041 0.000 0.000 0.000 0.000 0.000 0.000 0.000 0.000 0.000 0.000 0.000 0.033 0.001 0.001 0.000 0.000 0.000 0.000 0.004 0.007 0.005 0.007 0.018 0.019 0.025 0.028 0.020 0.013 0.021 0.043 0.092 0.139 0.180 0.210 0.246 0.275 0.304 0.326 0.344 0.343 0.330
0.260 0.144 0.235 0.348 0.101 0.182 0.063 0.055 0.363 0.020 0.209 0.135 0.000 0.000 0.089 0.148 0.075 0.175 0.050 0.247 0.328 0.256 0.260 0.230 0.305 0.565 0.215 0.283 0.243 0.284 0.114 0.179 0.343 0.386 0.000 0.133 0.032 0.031 0.000 0.000 0.000 0.000 0.000 0.000 0.000 0.000 0.000 0.000 0.000 0.000 0.000 0.000 0.000 0.000 0.003 0.006 0.006 0.006 0.014 0.021 0.025 0.027 0.021 0.020 0.032 0.072 0.122 0.163 0.198 0.238 0.273 0.292 0.313 0.319 0.315 0.334 0.326
0.446 0.416 0.495 0.422 0.179 0.059 0.105 0.000 0.162 0.397 0.193 0.083 0.027 0.000 0.214 0.027 0.068 0.018 0.056 0.275 0.386 0.363 0.450 0.251 0.184 0.558 0.241 0.171 0.224 0.304 0.209 0.042 0.085 0.492 0.079 0.000 0.000 0.000 0.000 0.000 0.000 0.000 0.000 0.000 0.000 0.000 0.000 0.000 0.000 0.000 0.000 0.000 0.000 0.000 0.003 0.004 0.006 0.008 0.011 0.021 0.031 0.024 0.023 0.020 0.052 0.100 0.143 0.182 0.227 0.269 0.285 0.300 0.311 0.310 0.316 0.322 0.319
0.252 0.181 0.034 0.298 0.401 0.187 0.198 0.264 0.421 0.158 0.221 0.304 0.112 0.283 0.123 0.032 0.260 0.159 0.250 0.178 0.363 0.545 0.286 0.278 0.213 0.562 0.336 0.251 0.175 0.076 0.217 0.135 0.122 0.059 0.471 0.000 0.000 0.046 0.000 0.000 0.000 0.000 0.000 0.000 0.000 0.000 0.000 0.000 0.000 0.000 0.000 0.000 0.000 0.000 0.002 0.005 0.003 0.006 0.015 0.017 0.033 0.035 0.021 0.028 0.100 0.127 0.161 0.207 0.257 0.270 0.294 0.296 0.301 0.310 0.310 0.310 0.310
0.195 0.096 0.061 0.017 0.066 0.347 0.168 0.156 0.137 0.121 0.000 0.220 0.145 0.044 0.062 0.016 0.281 0.106 0.000 0.170 0.391 0.214 0.408 0.353 0.259 0.643 0.212 0.174 0.311 0.086 0.095 0.345 0.112 0.000 0.140 0.328 0.311 0.096 0.000 0.000 0.000 0.000 0.000 0.000 0.000 0.000 0.000 0.000 0.000 0.000 0.000 0.000 0.000 0.000 0.001 0.004 0.005 0.011 0.028 0.027 0.027 0.029 0.023 0.059 0.115 0.153 0.203 0.238 0.257 0.278 0.288 0.294 0.309 0.304 0.309 0.300 0.293
0.069 0.015 0.124 0.000 0.141 0.281 0.081 0.105 0.029 0.000 0.000 0.025 0.025 0.000 0.032 0.279 0.090 0.087 0.190 0.318 0.233 0.190 0.277 0.362 0.718 0.396 0.259 0.174 0.407 0.149 0.080 0.323 0.157 0.014 0.118 0.048 0.111 0.350 0.436 0.231 0.000 0.000 0.000 0.000 0.000 0.000 0.000 0.000 0.000 0.000 0.000 0.000 0.000 0.000 0.002 0.003 0.011 0.039 0.037 0.033 0.031 0.027 0.045 0.103 0.158 0.182 0.219 0.240 0.262 0.289 0.286 0.299 0.307 0.301 0.309 0.290 0.282
0.012 0.017 0.086 0.085 0.147 0.161 0.114 0.235 0.200 0.029 0.035 0.066 0.000 0.021 0.293 0.043 0.058 0.169 0.332 0.096 0.127 0.236 0.142 0.474 0.527 0.415 0.258 0.328 0.208 0.138 0.228 0.378 0.304 0.133 0.000 0.000 0.000 0.000 0.143 0.463 0.055 0.000 0.000 0.025 0.000 0.000 0.000 0.000 0.000 0.000 0.000 0.000 0.000 0.000 0.001 0.006 0.023 0.041 0.056 0.045 0.041 0.043 0.073 0.131 0.176 0.208 0.222 0.261 0.269 0.292 0.291 0.314 0.321 0.311 0.311 0.303 0.282
0.034 0.037 0.052 0.148 0.122 0.027 0.039 0.076 0.182 0.248 0.058 0.013 0.011 0.199 0.000 0.000 0.092 0.257 0.027 0.104 0.334 0.260 0.332 0.625 0.482 0.313 0.246 0.407 0.208 0.303 0.095 0.067 0.162 0.257 0.049 0.042 0.000 0.000 0.000 0.001 0.434 0.344 0.346 0.367 0.000 0.000 0.000 0.000 0.000 0.000 0.000 0.000 0.000 0.000 0.006 0.027 0.036 0.045 0.057 0.061 0.060 0.069 0.106 0.144 0.182 0.210 0.234 0.245 0.265 0.294 0.301 0.315 0.315 0.318 0.307 0.306 0.284
0.016 0.022 0.091 0.177 0.284 0.106 0.000 0.000 0.156 0.229 0.169 0.000 0.019 0.241 0.000 0.050 0.165 0.222 0.222 0.113 0.454 0.332 0.452 0.291 0.354 0.348 0.488 0.399 0.292 0.225 0.176 0.235 0.327 0.129 0.000 0.009 0.000 0.000 0.000 0.000 0.009 0.067 0.000 0.036 0.036 0.033 0.050 0.000 0.000 0.000 0.000 0.000 0.000 0.000 0.012 0.033 0.056 0.070 0.080 0.073 0.085 0.089 0.125 0.141 0.184 0.201 0.226 0.250 0.254 0.277 0.305 0.315 0.315 0.314 0.305 0.300 0.280
0.011 0.004 0.003 0.159 0.210 0.128 0.104 0.099 0.230 0.299 0.296 0.067 0.196 0.322 0.382 0.408 0.414 0.687 0.251 0.324 0.371 0.349 0.195 0.356 0.199 0.335 0.197 0.158 0.119 0.356 0.320 0.155 0.000 0.116 0.101 0.027 0.000 0.000 0.000 0.000 0.000 0.000 0.000 0.011 0.000 0.000 0.030 0.026 0.022 0.023 0.019 0.018 0.015 0.018 0.029 0.047 0.061 0.073 0.087 0.097 0.118 0.110 0.132 0.147 0.177 0.213 0.240 0.242 0.257 0.291 0.292 0.292 0.312 0.305 0.302 0.293 0.283
0.012 0.000 0.025 0.104 0.000 0.125 0.197 0.200 0.214 0.075 0.034 0.220 0.011 0.247 0.049 0.129 0.074 0.309 0.605 0.501 0.195 0.149 0.117 0.322 0.203 0.339 0.134 0.127 0.217 0.199 0.011 0.000 0.000 0.000 0.183 0.000 0.000 0.000 0.000 0.000 0.018 0.094 0.000 0.000 0.000 0.000 0.009 0.015 0.018 0.019 0.022 0.024 0.029 0.045 0.053 0.064 0.077 0.092 0.096 0.111 0.110 0.113 0.162 0.172 0.196 0.221 0.245 0.257 0.258 0.293 0.289 0.279 0.283 0.281 0.275 0.271 0.263
0.105 0.096 0.071 0.052 0.023 0.000 0.080 0.064 0.044 0.041 0.000 0.003 0.000 0.139 0.000 0.101 0.000 0.006 0.538 0.268 0.288 0.325 0.448 0.220 0.460 0.271 0.228 0.117 0.294 0.073 0.345 0.000 0.051 0.000 0.137 0.161 0.022 0.024 0.000 0.076 0.082 0.021 0.071 0.000 0.000 0.000 0.010 0.014 0.015 0.015 0.017 0.025 0.029 0.057 0.068 0.090 0.106 0.105 0.117 0.124 0.089 0.107 0.155 0.178 0.209 0.235 0.268 0.288 0.285 0.293 0.296 0.291 0.287 0.272 0.263 0.265 0.271
0.063 0.168 0.148 0.154 0.056 0.050 0.077 0.062 0.159 0.085 0.012 0.176 0.000 0.303 0.105 0.000 0.000 0.129 0.293 0.629 0.251 0.430 0.235 0.397 0.425 0.200 0.127 0.214 0.562 0.331 0.098 0.054 0.010 0.115 0.080 0.110 0.150 0.154 0.141 0.075 0.000 0.013 0.005 0.004 0.006 0.014 0.009 0.012 0.012 0.013 0.014 0.019 0.031 0.059 0.076 0.086 0.106 0.125 0.137 0.126 0.112 0.128 0.154 0.180 0.212 0.240 0.270 0.307 0.320 0.322 0.315 0.319 0.296 0.284 0.261 0.269 0.250
0.124 0.048 0.030 0.142 0.105 0.151 0.116 0.000 0.052 0.091 0.104 0.071 0.241 0.039 0.065 0.082 0.227 0.166 0.207 0.587 0.800 0.443 0.263 0.356 0.157 0.259 0.186 0.421 0.236 0.182 0.184 0.226 0.044 0.072 0.099 0.039 0.153 0.032 0.022 0.000 0.106 0.013 0.007 0.009 0.014 0.013 0.011 0.012 0.014 0.013 0.010 0.020 0.048 0.070 0.074 0.094 0.120 0.133 0.142 0.115 0.110 0.150 0.166 0.197 0.223 0.243 0.267 0.278 0.313 0.326 0.347 0.348 0.343 0.323 0.294 0.272 0.264
0.068 0.099 0.061 0.000 0.000 0.000 0.069 0.031 0.030 0.150 0.013 0.133 0.101 0.232 0.212 0.316 0.178 0.083 0.283 0.550 0.363 0.607 0.791 0.147 0.139 0.252 0.332 0.392 0.167 0.110 0.000 0.162 0.264 0.264 0.132 0.111 0.079 0.050 0.036 0.190 0.000 0.000 0.003 0.003 0.011 0.010 0.013 0.019 0.017 0.015 0.014 0.029 0.050 0.077 0.096 0.112 0.130 0.127 0.119 0.113 0.116 0.145 0.180 0.211 0.234 0.252 0.266 0.286 0.301 0.325 0.340 0.353 0.354 0.350 0.332 0.305 0.271
0.000 0.000 0.000 0.000 0.036 0.025 0.032 0.074 0.035 0.268 0.244 0.016 0.000 0.000 0.028 0.052 0.102 0.169 0.430 0.207 0.257 0.338 0.728 0.413 0.323 0.123 0.239 0.502 0.278 0.000 0.000 0.066 0.000 0.119 0.151 0.040 0.000 0.000 0.229 0.000 0.000 0.000 0.002 0.003 0.015 0.005 0.004 0.005 0.015 0.015 0.024 0.036 0.072 0.084 0.101 0.119 0.136 0.125 0.115 0.108 0.113 0.149 0.190 0.214 0.240 0.263 0.285 0.299 0.294 0.328 0.335 0.333 0.330 0.331 0.329 0.321 0.303
0.000 0.008 0.000 0.000 0.000 0.005 0.029 0.079 0.131 0.176 0.107 0.059 0.000 0.000 0.094 0.152 0.431 0.425 0.294 0.265 0.295 0.314 0.364 0.478 0.742 0.297 0.483 0.558 0.455 0.123 0.330 0.288 0.143 0.137 0.331 0.211 0.133 0.194 0.008 0.000 0.000 0.000 0.001 0.003 0.004 0.006 0.004 0.004 0.006 0.010 0.021 0.056 0.074 0.088 0.100 0.122 0.137 0.125 0.107 0.087 0.124 0.167 0.195 0.217 0.254 0.274 0.290 0.304 0.308 0.333 0.336 0.334 0.333 0.317 0.309 0.297 0.279
0.025 0.015 0.000 0.000 0.030 0.008 0.069 0.038 0.020 0.000 0.185 0.226 0.163 0.268 0.148 0.311 0.127 0.161 0.165 0.262 0.227 0.513 0.429 0.177 0.280 0.800 0.445 0.232 0.199 0.495 0.077 0.000 0.000 0.000 0.107 0.000 0.000 0.000 0.000 0.000 0.000 0.000 0.001 0.003 0.002 0.006 0.002 0.003 0.005 0.012 0.048 0.078 0.077 0.101 0.118 0.136 0.132 0.118 0.093 0.100 0.135 0.160 0.197 0.224 0.260 0.280 0.293 0.308 0.319 0.326 0.342 0.334 0.333 0.323 0.302 0.288 0.282
0.146 0.094 0.036 0.068 0.004 0.000 0.000 0.000 0.000 0.039 0.117 0.218 0.173 0.149 0.239 0.188 0.175 0.105 0.285 0.250 0.625 0.415 0.176 0.283 0.164 0.486 0.421 0.128 0.133 0.327 0.283 0.025 0.060 0.000 0.017 0.206 0.160 0.000 0.000 0.000 0.000 0.000 0.000 0.000 0.001 0.008 0.005 0.003 0.005 0.014 0.056 0.079 0.079 0.107 0.127 0.133 0.130 0.115 0.095 0.108 0.138 0.168 0.196 0.230 0.264 0.276 0.295 0.317 0.325 0.335 0.343 0.330 0.334 0.330 0.302 0.305 0.272
0.051 0.033 0.006 0.000 0.000 0.000 0.000 0.078 0.054 0.050 0.000 0.028 0.296 0.180 0.210 0.282 0.154 0.383 0.497 0.481 0.439 0.244 0.357 0.166 0.190 0.451 0.201 0.150 0.124 0.121 0.076 0.199 0.206 0.043 0.074 0.063 0.219 0.226 0.046 0.031 0.036 0.000 0.000 0.000 0.001 0.001 0.002 0.003 0.005 0.012 0.065 0.089 0.095 0.113 0.121 0.122 0.110 0.098 0.076 0.117 0.143 0.178 0.207 0.224 0.257 0.276 0.294 0.318 0.322 0.348 0.345 0.343 0.335 0.319 0.304 0.315 0.225
0.005 0.036 0.046 0.006 0.025 0.127 0.152 0.034 0.000 0.000 0.067 0.204 0.316 0.116 0.147 0.249 0.407 0.364 0.192 0.258 0.254 0.286 0.222 0.171 0.220 0.366 0.498 0.262 0.238 0.080 0.106 0.000 0.053 0.013 0.044 0.000 0.000 0.000 0.000 0.000 0.073 0.002 0.003 0.003 0.003 0.004 0.004 0.004 0.008 0.036 0.079 0.095 0.111 0.124 0.131 0.120 0.104 0.083 0.094 0.116 0.152 0.177 0.207 0.240 0.253 0.272 0.291 0.297 0.314 0.334 0.341 0.336 0.343 0.335 0.309 0.303 0.201
0.057 0.044 0.008 0.053 0.151 0.061 0.067 0.000 0.001 0.052 0.050 0.075 0.173 0.314 0.301 0.442 0.205 0.280 0.398 0.307 0.282 0.270 0.253 0.215 0.286 0.389 0.178 0.098 0.105 0.031 0.103 0.236 0.142 0.080 0.000 0.000 0.000 0.000 0.000 0.000 0.025 0.026 0.023 0.022 0.017 0.018 0.018 0.027 0.042 0.060 0.090 0.115 0.123 0.134 0.122 0.112 0.106 0.081 0.087 0.133 0.156 0.187 0.213 0.240 0.254 0.278 0.287 0.293 0.297 0.312 0.305 0.312 0.311 0.303 0.318 0.315 0.215
0.314 0.223 0.050 0.104 0.019 0.064 0.000 0.000 0.001 0.000 0.024 0.160 0.157 0.268 0.171 0.209 0.329 0.311 0.257 0.172 0.171 0.232 0.206 0.311 0.375 0.535 0.187 0.203 0.186 0.112 0.070 0.217 0.044 0.095 0.000 0.000 0.000 0.000 0.000 0.000 0.000 0.009 0.019 0.022 0.028 0.027 0.025 0.031 0.069 0.088 0.117 0.111 0.126 0.127 0.124 0.102 0.099 0.068 0.093 0.137 0.162 0.188 0.218 0.242 0.261 0.274 0.288 0.287 0.299 0.308 0.300 0.287 0.292 0.289 0.298 0.227 0.199
0.086 0.290 0.338 0.000 0.070 0.014 0.027 0.000 0.000 0.000 0.055 0.092 0.064 0.212 0.077 0.125 0.245 0.133 0.187 0.200 0.365 0.360 0.394 0.271 0.239 0.422 0.415 0.267 0.107 0.194 0.077 0.212 0.041 0.022 0.160 0.000 0.000 0.000 0.000 0.000 0.000 0.009 0.010 0.014 0.015 0.024 0.037 0.063 0.088 0.108 0.120 0.144 0.149 0.145 0.122 0.105 0.086 0.084 0.103 0.135 0.170 0.192 0.238 0.244 0.268 0.268 0.283 0.287 0.299 0.295 0.290 0.283 0.276 0.285 0.235 0.186 0.189
0.000 0.000 0.327 0.329 0.118 0.062 0.075 0.065 0.000 0.000 0.076 0.192 0.103 0.156 0.127 0.174 0.152 0.161 0.284 0.417 0.492 0.178 0.258 0.249 0.185 0.361 0.235 0.545 0.091 0.101 0.155 0.109 0.119 0.000 0.000 0.000 0.000 0.000 0.000 0.000 0.000 0.007 0.008 0.010 0.009 0.016 0.034 0.067 0.096 0.127 0.141 0.152 0.154 0.134 0.131 0.104 0.091 0.091 0.111 0.151 0.184 0.210 0.243 0.252 0.279 0.285 0.286 0.294 0.304 0.291 0.285 0.281 0.264 0.272 0.201 0.182 0.171
0.000 0.000 0.157 0.160 0.328 0.000 0.000 0.058 0.156 0.151 0.230 0.294 0.113 0.151 0.167 0.165 0.234 0.263 0.382 0.288 0.231 0.205 0.193 0.158 0.183 0.308 0.142 0.371 0.322 0.404 0.211 0.139 0.129 0.000 0.000 0.139 0.000 0.000 0.000 0.000 0.000 0.008 0.006 0.009 0.008 0.008 0.033 0.088 0.109 0.135 0.147 0.152 0.142 0.123 0.109 0.104 0.091 0.111 0.129 0.167 0.191 0.214 0.259 0.277 0.295 0.292 0.291 0.305 0.311 0.302 0.295 0.285 0.266 0.260 0.193 0.191 0.174
0.000 0.158 0.053 0.016 0.386 0.272 0.020 0.000 0.000 0.043 0.000 0.026 0.125 0.127 0.091 0.137 0.233 0.138 0.258 0.268 0.455 0.300 0.258 0.303 0.302 0.098 0.138 0.105 0.237 0.314 0.230 0.050 0.125 0.266 0.059 0.038 0.156 0.043 0.012 0.015 0.015 0.017 0.016 0.011 0.012 0.010 0.045 0.096 0.114 0.130 0.161 0.151 0.142 0.122 0.104 0.087 0.086 0.112 0.146 0.181 0.203 0.228 0.255 0.274 0.298 0.316 0.310 0.326 0.329 0.305 0.296 0.281 0.263 0.260 0.197 0.185 0.160
