Data/res-0210.Qy
ncols         433
nrows         492
xllcorner     1194560.000000
yllcorner     -584483.500000
cellsize      25.000000
NODATA_value  -9999.000000
[rows 165 to 197 of 492, columns 76 to 151 of 433]
0.023 0.288 0.128 0.084 0.074 3.834 8.725 0.018 0.128 -0.004 -0.002 -0.022 0.000 0.414 5.451 0.353 0.039 0.010 0.012 0.012 0.038 0.024 0.024 0.029 0.023 0.010 0.014 0.009 0.004 -0.002 -0.003 -0.002 -0.005 -0.002 -0.002 -0.001 0.002 0.001 -0.000 -0.001 0.001 0.000 -0.003 -0.005 0.000 -0.018 -0.036 -0.070 -0.015 -0.021 -0.016 -0.028 -0.039 -0.029 -0.017 -0.035 -0.036 -0.006 0.004 0.039 0.010 0.007 0.018 0.029 0.049 0.034 0.026 0.023 0.026 0.078 0.064 0.024 0.010 0.001 0.000 0.000
0.074 0.221 0.103 0.135 0.143 0.076 0.103 12.186 0.220 0.047 0.065 0.011 0.000 -0.081 5.620 0.636 0.058 0.000 0.000 0.002 0.017 0.008 0.026 0.029 0.027 0.032 0.028 0.019 0.014 0.005 0.002 -0.001 -0.001 -0.001 -0.001 -0.001 -0.000 0.004 0.001 -0.000 0.001 0.001 -0.003 -0.013 -0.001 -0.018 -0.037 -0.077 -0.019 -0.048 -0.026 -0.041 -0.040 -0.012 -0.026 -0.027 -0.013 -0.006 0.001 0.017 0.036 0.007 0.018 0.017 0.057 0.039 0.033 0.031 0.030 0.072 0.072 0.028 0.011 0.004 0.000 0.000
0.075 0.168 0.102 0.130 0.108 0.105 0.197 1.448 10.659 0.261 0.079 0.038 -0.005 -0.069 0.002 6.280 0.058 0.000 0.000 0.002 0.005 0.001 0.007 0.005 0.025 0.040 0.036 0.034 0.033 0.007 0.005 0.002 0.000 0.000 -0.003 -0.002 0.001 0.002 0.007 0.000 -0.001 -0.003 0.001 -0.014 0.000 -0.027 -0.036 -0.096 -0.017 -0.057 -0.043 -0.039 -0.020 -0.005 -0.029 -0.030 -0.012 -0.007 -0.004 0.009 0.006 0.037 0.032 0.023 0.045 0.033 0.039 0.039 0.041 0.059 0.084 0.028 0.016 0.010 0.001 0.001
0.072 0.132 0.090 0.118 0.061 -0.098 0.037 0.096 0.107 12.606 0.004 0.056 0.000 -0.054 -0.034 0.456 5.927 0.072 0.001 0.003 0.007 0.000 0.000 0.000 0.005 0.015 0.041 0.042 0.039 0.029 0.009 0.001 0.001 0.004 -0.000 -0.000 0.000 0.001 0.011 0.001 0.000 -0.009 -0.022 -0.025 -0.017 -0.029 -0.049 -0.050 -0.013 -0.073 -0.067 -0.023 -0.026 -0.018 -0.009 -0.014 -0.006 -0.010 -0.016 -0.004 0.003 0.033 0.028 0.031 0.023 0.042 0.079 0.040 0.046 0.030 0.088 0.060 0.023 0.010 0.005 0.003
0.010 0.150 0.059 0.061 -0.279 0.057 0.134 0.129 0.180 0.104 11.987 0.535 0.049 0.005 -0.001 -0.391 0.110 4.623 2.026 0.116 0.042 0.005 0.000 0.000 0.000 0.000 0.019 0.026 0.058 0.060 0.007 0.004 0.002 0.003 0.001 0.000 -0.003 -0.001 -0.003 0.000 0.007 -0.001 -0.025 -0.035 -0.018 -0.034 -0.081 -0.066 -0.027 -0.047 -0.037 -0.028 -0.025 -0.018 -0.034 -0.016 -0.010 -0.001 0.009 0.005 0.007 0.020 0.020 0.044 0.028 0.038 0.071 0.047 0.051 0.029 0.037 0.088 0.038 0.019 0.011 0.006
0.009 0.029 -0.253 -0.013 0.047 0.103 0.112 0.137 0.147 0.209 0.036 0.037 0.397 4.899 6.215 0.000 -0.577 -8.726 0.021 2.449 13.512 0.738 0.213 0.010 0.000 0.000 -0.004 -0.000 0.030 0.052 0.045 0.017 0.013 0.011 0.004 0.001 0.000 -0.012 -0.006 -0.003 -0.009 -0.002 -0.005 -0.094 -0.014 -0.026 -0.101 -0.039 -0.030 -0.034 -0.030 -0.027 -0.019 -0.021 -0.028 -0.018 -0.009 -0.014 -0.003 0.023 0.017 0.020 0.019 0.050 0.032 0.033 0.053 0.066 0.050 0.028 0.038 0.042 0.065 0.033 0.019 0.008
0.003 -0.027 -0.018 -0.003 0.017 0.045 0.040 0.078 0.054 0.083 0.090 0.125 0.247 0.557 0.364 0.080 -0.360 0.022 0.010 0.012 0.024 0.022 0.015 0.600 16.959 0.933 -0.002 -0.007 0.005 0.031 0.069 0.072 0.016 0.013 0.016 0.004 0.001 -0.006 -0.006 -0.041 -0.087 -0.037 -0.009 0.020 -0.001 -0.026 -0.106 -0.046 -0.028 -0.025 -0.029 -0.028 -0.012 -0.019 -0.039 -0.028 -0.001 0.002 0.010 0.010 0.026 0.029 0.021 0.034 0.045 0.034 0.056 0.051 0.040 0.038 0.038 0.040 0.056 0.036 0.026 0.013
-0.010 -0.010 -0.008 -0.000 0.003 0.010 0.014 0.023 0.044 0.051 0.066 0.051 0.081 0.120 0.092 0.292 0.347 0.173 0.026 0.005 -0.126 -0.065 0.000 0.000 0.031 1.179 17.498 -0.064 0.049 0.031 0.081 0.106 0.045 0.026 0.024 0.013 -0.008 -0.009 -0.009 -0.052 -0.057 -0.021 -0.006 -0.049 -0.031 -0.058 -0.037 -0.037 -0.039 -0.054 -0.025 -0.005 0.017 -0.005 -0.028 0.002 0.005 0.002 -0.002 0.011 0.022 0.040 0.020 0.028 0.040 0.033 0.072 0.040 0.023 0.043 0.031 0.037 0.051 0.033 0.025 0.022
0.000 -0.003 -0.003 -0.000 -0.002 -0.000 0.000 0.000 0.003 0.011 0.015 0.041 0.047 0.091 0.106 0.273 0.344 0.180 0.077 0.047 -0.005 -0.009 0.000 0.000 0.078 1.088 15.206 2.208 0.054 0.028 0.048 0.056 0.027 0.040 0.031 0.032 0.006 -0.010 -0.003 -0.036 -0.037 -0.019 -0.036 -0.059 -0.052 -0.019 -0.016 -0.054 -0.044 -0.024 -0.004 0.000 -0.020 -0.002 0.016 0.002 -0.003 0.004 0.000 0.001 0.022 0.030 0.031 0.032 0.041 0.034 0.076 0.038 0.018 0.040 0.028 0.034 0.047 0.025 0.025 0.022
0.000 0.000 0.000 0.000 0.000 0.001 0.000 0.000 0.000 0.000 0.000 0.006 0.020 0.047 0.069 0.166 0.202 0.124 0.296 0.138 0.080 0.061 0.011 0.000 0.095 1.016 2.966 14.466 0.037 0.018 0.007 0.032 0.016 0.023 0.040 0.042 0.045 0.003 -0.018 -0.089 -0.049 -0.042 -0.047 -0.010 -0.018 -0.028 -0.022 -0.034 -0.008 -0.001 0.002 0.003 -0.012 -0.001 -0.001 0.017 0.005 -0.003 -0.002 0.008 0.016 0.031 0.030 0.032 0.050 0.037 0.079 0.041 0.017 0.025 0.031 0.032 0.051 0.019 0.020 0.019
0.000 0.000 0.000 0.000 0.000 0.001 0.000 0.000 0.000 0.000 0.000 0.006 0.019 0.034 0.064 0.090 0.105 0.179 0.283 0.208 0.109 0.077 0.040 0.002 0.090 0.964 2.685 14.781 0.017 0.012 -0.014 -0.014 0.001 0.010 0.038 0.013 -0.007 -0.009 -0.008 -0.030 -0.046 -0.025 -0.008 0.000 -0.008 -0.012 -0.013 -0.014 -0.005 -0.014 -0.004 -0.006 -0.004 0.003 0.008 -0.007 0.001 0.005 0.025 0.020 0.020 0.022 0.030 0.030 0.051 0.048 0.079 0.042 0.018 0.021 0.022 0.025 0.053 0.013 0.011 0.011
0.000 0.000 0.000 0.000 0.000 0.000 0.000 0.000 0.001 0.001 0.001 0.004 0.017 0.021 0.058 0.080 0.093 0.162 0.278 0.202 0.121 0.105 0.022 0.000 -0.008 1.133 3.348 14.083 -0.003 -0.017 -0.019 -0.037 -0.004 0.001 0.006 -0.011 -0.012 -0.005 0.015 -0.013 -0.026 -0.007 -0.001 0.003 -0.011 -0.004 -0.009 0.002 -0.000 -0.011 -0.011 0.001 -0.006 0.008 -0.003 -0.001 0.006 0.017 0.013 0.026 0.028 0.017 0.031 0.034 0.045 0.054 0.044 0.053 0.034 0.022 0.023 0.025 0.033 0.016 0.007 0.005
0.000 0.000 0.000 0.000 0.000 0.000 0.000 0.000 0.000 0.004 0.001 0.002 0.019 0.013 0.036 0.086 0.090 0.180 0.283 0.189 0.105 0.103 0.031 0.000 -0.011 0.993 10.120 7.423 -0.031 -0.017 -0.025 -0.004 0.003 -0.002 -0.004 -0.003 -0.010 -0.014 -0.013 -0.008 -0.005 -0.002 -0.003 -0.004 -0.007 -0.001 -0.001 0.010 0.001 -0.003 -0.012 -0.000 -0.000 0.000 0.001 0.000 0.007 0.029 0.017 0.025 0.032 0.018 0.022 0.021 0.053 0.056 0.038 0.038 0.030 0.025 0.025 0.037 0.037 0.027 0.008 0.006
0.000 0.000 0.000 0.000 0.000 0.001 0.003 0.004 0.002 0.002 0.002 0.004 0.012 0.009 0.035 0.073 0.117 0.195 0.276 0.160 0.106 0.078 0.050 0.000 -0.000 0.946 16.136 1.338 -0.005 0.003 -0.002 -0.000 0.003 0.013 -0.003 -0.010 -0.010 -0.012 -0.006 -0.005 -0.006 -0.001 -0.001 -0.000 -0.000 -0.001 0.000 0.000 0.000 0.000 0.000 0.000 0.000 0.000 0.000 0.002 0.005 0.013 0.023 0.026 0.032 0.019 0.021 0.022 0.045 0.042 0.030 0.035 0.033 0.032 0.032 0.038 0.028 0.027 0.015 0.007
0.000 0.000 0.000 0.001 0.003 0.003 0.005 0.006 0.003 0.002 0.002 0.003 0.018 0.012 0.018 0.075 0.130 0.200 0.260 0.153 0.113 0.077 0.014 0.000 0.025 0.819 16.835 0.734 0.000 0.000 0.000 0.002 0.014 0.010 -0.001 -0.015 -0.010 -0.005 -0.003 -0.002 -0.000 -0.000 -0.000 0.000 0.000 0.000 0.000 0.000 0.000 0.000 0.000 0.000 0.000 0.000 0.000 0.000 0.001 0.010 0.015 0.025 0.025 0.026 0.022 0.021 0.045 0.030 0.028 0.043 0.032 0.031 0.034 0.039 0.025 0.024 0.014 0.009
0.000 0.000 0.002 0.002 0.008 0.004 0.007 0.008 0.009 0.008 0.002 0.011 0.023 0.028 0.036 0.064 0.107 0.188 0.259 0.157 0.120 0.046 0.000 0.000 0.000 0.344 17.358 0.723 0.000 0.000 0.000 0.002 0.008 0.002 -0.003 -0.014 -0.004 -0.001 -0.000 -0.000 0.000 0.000 0.000 0.000 0.000 0.000 0.000 0.000 0.000 0.000 0.000 0.000 0.000 0.000 0.000 0.000 0.001 0.007 0.012 0.021 0.021 0.020 0.017 0.014 0.057 0.028 0.024 0.043 0.032 0.028 0.037 0.045 0.025 0.026 0.015 0.009
0.000 0.000 0.003 0.006 0.007 0.004 0.017 0.008 0.006 0.004 0.002 0.019 0.029 0.043 0.064 0.057 0.071 0.219 0.254 0.155 0.073 0.045 0.000 0.000 0.000 0.088 17.555 0.781 0.000 0.000 0.000 0.001 0.004 0.000 -0.004 -0.012 -0.000 0.000 0.000 0.000 0.000 0.000 0.000 0.000 0.000 0.000 0.000 0.000 0.000 0.000 0.000 0.000 0.000 0.000 0.000 0.000 0.001 0.006 0.011 0.018 0.016 0.015 0.022 0.017 0.023 0.055 0.021 0.042 0.030 0.030 0.038 0.043 0.026 0.020 0.015 0.013
0.000 0.001 0.003 0.007 0.015 0.012 0.020 0.006 0.033 0.041 0.019 0.009 0.016 0.028 0.032 0.020 0.085 0.181 0.277 0.164 0.074 0.045 0.000 0.000 0.000 0.014 17.126 1.283 0.000 0.000 0.000 0.000 -0.001 -0.002 -0.004 -0.006 -0.000 0.000 0.000 0.000 0.000 0.000 0.000 0.000 0.000 0.000 0.000 0.000 0.000 0.000 0.000 0.000 0.000 0.000 0.000 0.000 0.001 0.005 0.013 0.010 0.014 0.013 0.019 0.014 0.016 0.019 0.025 0.019 0.069 0.044 0.045 0.037 0.029 0.015 0.018 0.017
0.000 0.001 0.002 0.006 0.012 0.022 0.015 0.007 0.039 0.045 0.019 0.011 0.013 0.020 0.031 0.019 0.093 0.114 0.249 0.211 0.098 0.058 0.002 0.000 0.000 0.012 1.568 16.822 0.022 0.000 0.000 -0.005 -0.003 -0.002 -0.002 -0.001 0.000 0.000 0.000 0.000 0.000 0.000 0.000 -0.336 -11.779 0.444 11.406 0.265 0.000 0.000 0.000 0.000 0.000 0.000 0.000 0.000 0.001 0.004 0.012 0.008 0.011 0.010 0.010 0.015 0.013 0.015 0.018 0.021 0.062 0.057 0.056 0.039 0.033 0.016 0.018 0.014
0.000 0.000 0.001 0.009 0.006 0.023 0.015 0.021 0.031 0.049 0.019 0.011 0.008 0.017 0.032 0.030 0.085 0.081 0.116 0.227 0.137 0.116 0.047 0.004 0.000 0.011 0.111 17.759 0.448 0.086 -0.002 -0.001 -0.001 -0.001 -0.000 0.000 0.000 0.000 0.000 0.000 0.000 -0.003 -16.031 -1.921 -0.010 0.004 0.159 17.304 0.497 0.000 0.000 0.000 0.000 0.000 -0.000 0.000 0.001 0.004 0.009 0.006 0.009 0.007 0.006 0.011 0.008 0.018 0.016 0.022 0.024 0.065 0.107 0.037 0.035 0.019 0.017 0.009
0.000 0.000 0.001 0.009 0.006 0.021 0.017 0.030 0.028 0.054 0.011 0.010 0.006 0.031 0.033 0.023 0.058 0.076 0.094 0.113 0.158 0.142 0.125 0.028 0.026 0.027 0.057 0.220 17.503 0.536 0.052 -0.001 0.000 0.000 0.000 0.000 0.000 0.000 0.000 0.000 -0.152 -18.036 -0.021 0.000 0.000 0.000 0.312 1.047 16.849 0.000 0.000 0.000 0.000 0.000 0.000 0.000 0.001 0.004 0.007 0.005 0.006 0.004 0.003 0.006 0.006 0.015 0.014 0.023 0.015 0.041 0.162 0.049 0.022 0.023 0.011 0.005
0.000 0.001 0.001 0.003 0.005 0.015 0.040 0.025 0.034 0.043 0.007 0.017 0.018 0.024 0.032 0.014 0.042 0.058 0.068 0.095 0.138 0.147 0.142 0.069 0.056 0.057 0.040 0.062 0.077 17.624 0.540 0.000 0.000 0.000 0.000 0.000 0.000 0.000 0.000 -2.344 -15.858 -0.007 0.000 0.000 0.000 0.000 0.023 0.557 17.523 0.105 0.000 0.000 0.000 0.000 0.000 0.000 0.001 0.003 0.004 0.003 0.003 0.002 0.000 -0.001 0.001 0.015 0.016 0.030 0.020 0.046 0.152 0.075 0.022 0.017 0.005 0.002
0.000 0.000 0.000 0.001 0.007 0.016 0.036 0.027 0.034 0.045 0.007 0.024 0.013 0.027 0.031 0.011 0.034 0.048 0.055 0.083 0.110 0.100 0.153 0.130 0.082 0.084 0.064 0.053 0.006 0.023 17.681 0.510 0.000 0.000 0.000 0.000 0.000 -0.036 -4.097 -14.077 -0.000 0.000 0.000 0.000 0.000 0.000 0.000 0.046 16.400 1.761 0.000 0.000 0.000 0.000 0.000 0.000 0.001 0.002 0.002 0.002 0.002 0.000 -0.004 -0.006 -0.007 0.005 0.020 0.035 0.029 0.063 0.185 0.065 0.018 0.003 0.000 0.000
0.000 0.000 0.000 0.001 0.007 0.021 0.032 0.017 0.023 0.051 0.021 0.025 0.011 0.035 0.024 0.013 0.028 0.042 0.045 0.061 0.085 0.106 0.155 0.117 0.116 0.106 0.085 0.049 0.006 0.000 0.026 18.120 0.065 0.000 0.000 -0.009 -0.612 -1.026 -16.563 -0.000 0.000 0.000 0.000 0.000 0.000 0.000 0.000 0.000 0.837 17.370 0.000 0.000 0.000 0.000 0.000 0.000 0.000 0.001 0.000 0.001 0.001 -0.002 -0.005 -0.010 -0.020 -0.002 0.002 0.057 0.031 0.111 0.216 0.032 0.001 0.000 0.000 0.000
0.000 0.000 0.000 0.001 0.009 0.021 0.030 0.014 0.024 0.050 0.024 0.025 0.036 0.019 0.014 0.010 0.031 0.031 0.041 0.051 0.070 0.099 0.184 0.103 0.123 0.090 0.109 0.065 0.006 0.000 0.000 0.172 17.807 -0.001 -0.003 -0.816 -1.204 -15.950 -0.004 0.000 0.000 0.000 0.000 0.000 0.000 0.000 0.000 0.000 0.000 18.098 0.109 0.000 0.000 0.000 0.000 0.000 0.000 0.000 0.000 0.000 0.000 0.000 -0.000 -0.000 -0.040 -0.008 -0.001 -0.002 0.000 0.438 0.027 0.000 0.000 0.000 0.000 0.000
0.000 0.000 0.000 0.001 0.013 0.033 0.012 0.012 0.037 0.033 0.042 0.038 0.033 0.007 0.006 0.008 0.023 0.024 0.040 0.045 0.065 0.090 0.201 0.094 0.137 0.081 0.101 0.073 0.029 0.000 0.000 0.000 0.768 16.382 -0.245 -0.340 -12.994 -3.572 0.000 0.000 0.000 0.000 0.000 0.000 0.000 0.000 0.000 0.000 0.000 0.323 17.883 0.000 0.000 0.000 0.000 0.000 0.000 0.000 0.000 0.000 0.000 0.000 0.000 -0.000 -0.012 -0.636 -11.126 -0.354 11.234 1.278 0.028 0.000 0.000 0.000 0.000 0.000
0.000 0.000 0.000 0.000 0.014 0.033 0.010 0.012 0.039 0.029 0.058 0.041 0.019 0.007 0.006 0.003 0.016 0.019 0.033 0.045 0.065 0.079 0.159 0.116 0.116 0.110 0.124 0.069 0.048 0.005 0.000 0.000 0.000 0.084 0.614 -0.567 -0.130 0.000 0.000 0.000 0.000 0.000 0.000 0.000 0.000 0.000 0.000 0.000 0.000 0.000 16.433 1.773 0.000 0.000 0.000 0.000 0.000 0.000 0.000 0.000 0.000 0.000 0.000 -0.076 -18.105 -0.008 0.000 0.006 0.090 17.637 0.868 0.000 0.000 0.000 0.000 0.000
0.000 0.000 0.000 0.007 0.011 0.033 0.015 0.016 0.027 0.048 0.048 0.035 0.016 0.007 0.006 0.002 0.015 0.017 0.030 0.040 0.048 0.061 0.155 0.110 0.112 0.116 0.124 0.099 0.060 0.016 0.000 0.000 0.000 0.000 0.000 0.000 0.000 0.000 0.000 0.000 0.000 0.000 0.000 0.000 0.000 0.000 0.000 0.000 0.000 0.000 0.003 18.182 0.021 0.000 0.000 0.000 0.000 0.000 0.000 0.000 0.000 0.000 -0.113 -18.076 0.000 0.000 0.000 0.000 0.000 0.092 18.507 0.002 0.000 0.000 0.000 0.000
0.000 0.000 0.000 0.016 0.015 0.031 0.028 0.020 0.029 0.046 0.032 0.022 0.017 0.007 0.005 0.001 0.016 0.022 0.031 0.041 0.027 0.052 0.107 0.095 0.087 0.188 0.129 0.132 0.059 0.017 0.000 0.000 0.000 0.000 0.000 0.000 0.000 0.000 0.000 0.000 0.000 0.000 0.000 0.000 0.000 0.000 0.000 0.000 0.000 0.000 0.000 0.444 17.762 0.000 0.000 0.000 0.000 0.000 0.000 0.000 -0.002 -0.677 -17.404 -0.107 0.000 0.000 0.000 0.000 0.000 0.000 0.001 17.640 0.829 0.123 0.008 0.000
0.000 0.000 0.000 0.018 0.025 0.033 0.030 0.023 0.034 0.039 0.025 0.012 0.015 0.013 0.008 0.009 0.016 0.022 0.024 0.034 0.026 0.051 0.087 0.063 0.111 0.199 0.116 0.166 0.056 0.018 0.000 0.000 0.000 0.000 0.000 0.000 0.000 0.000 0.000 0.000 0.000 0.000 0.000 0.000 0.000 0.000 0.000 0.000 0.000 0.000 0.000 0.000 2.214 15.974 0.017 0.000 -0.001 -0.064 -0.080 -0.128 -16.829 -1.088 0.000 0.000 0.000 0.000 0.000 0.000 0.000 0.000 0.000 0.000 0.000 0.010 3.074 15.320
0.000 0.000 0.005 0.013 0.023 0.037 0.042 0.029 0.026 0.032 0.021 0.009 0.016 0.017 0.012 0.015 0.013 0.020 0.020 0.029 0.038 0.048 0.058 0.068 0.111 0.211 0.092 0.189 0.059 0.019 0.000 0.000 0.000 0.000 0.000 0.000 0.000 0.000 0.000 0.000 0.000 0.000 0.000 0.000 -0.000 -0.000 0.000 0.000 0.000 0.000 0.000 0.000 0.000 0.964 16.145 0.242 -0.027 -0.453 -15.193 -1.662 -0.001 0.000 0.000 0.000 0.000 0.000 0.000 0.000 0.000 0.000 0.000 0.000 0.000 0.000 0.000 0.012
0.000 0.002 0.006 0.022 0.019 0.043 0.037 0.034 0.023 0.025 0.021 0.010 0.015 0.018 0.015 0.011 0.013 0.020 0.028 0.028 0.037 0.041 0.048 0.081 0.105 0.197 0.090 0.176 0.075 0.032 0.001 0.000 0.000 0.000 0.000 0.000 0.000 0.000 0.000 0.000 0.000 0.000 0.000 0.000 0.000 0.000 0.000 0.000 0.000 0.000 0.000 0.000 0.000 0.000 0.006 0.083 -0.044 -0.032 0.000 0.000 0.000 0.000 0.000 0.000 0.000 0.000 0.000 0.000 0.000 0.000 0.000 0.000 0.000 0.000 0.000 0.017
0.000 0.006 0.006 0.030 0.020 0.037 0.033 0.038 0.022 0.025 0.020 0.014 0.015 0.013 0.015 0.008 0.021 0.019 0.024 0.024 0.040 0.036 0.051 0.086 0.091 0.145 0.092 0.211 0.078 0.044 0.005 0.000 0.000 0.000 0.000 0.000 0.000 0.000 0.000 0.000 0.000 0.000 0.000 0.000 0.000 0.000 0.000 0.000 0.000 0.000 0.000 0.000 0.000 0.000 0.012 0.002 0.001 0.000 0.000 0.000 0.000 0.000 0.000 0.000 0.000 0.000 0.000 0.000 0.000 0.000 0.000 0.000 0.000 0.000 0.000 0.003
