Data/res-0419.wd
ncols         433
nrows         491
xllcorner     1194560.000000
yllcorner     -584471.000000
cellsize      25.000000
NODATA_value  -9999.000000
[rows 408 to 441 of 491, columns 154 to 230 of 433]
0.001 0.162 0.006 0.001 0.001 0.015 0.001 0.056 0.105 0.160 0.402 0.083 0.100 0.190 0.140 0.001 0.002 0.163 0.529 0.120 0.026 0.063 0.187 0.664 0.255 0.001 0.001 0.001 0.001 0.001 0.054 0.406 0.002 0.405 0.159 0.095 0.001 0.001 0.275 0.159 0.001 0.001 0.001 0.265 0.320 0.126 0.048 0.001 0.001 0.001 0.001 0.001 0.001 0.001 0.001 0.008 0.001 0.001 0.057 0.322 0.141 0.134 0.225 0.293 0.282 0.345 0.185 0.310 0.114 0.305 0.130 0.095 0.065 0.038 0.001 0.187 0.001
0.017 0.049 0.001 0.001 0.001 0.001 0.001 0.001 0.126 0.325 0.140 0.001 0.110 0.164 0.266 0.174 0.358 0.358 0.182 0.001 0.043 0.078 0.246 0.446 0.264 0.033 0.001 0.001 0.001 0.001 0.125 0.171 0.052 0.027 0.190 0.001 0.001 0.001 0.093 0.402 0.013 0.001 0.007 0.274 0.031 0.001 0.088 0.181 0.031 0.054 0.007 0.063 0.001 0.001 0.001 0.001 0.001 0.002 0.209 0.180 0.082 0.030 0.045 0.154 0.155 0.168 0.381 0.421 0.359 0.378 0.248 0.114 0.053 0.052 0.167 0.006 0.122
0.001 0.001 0.001 0.001 0.001 0.001 0.001 0.129 0.061 0.081 0.001 0.001 0.156 0.130 0.029 0.127 0.346 0.090 0.099 0.001 0.123 0.163 0.542 0.122 0.101 0.031 0.001 0.001 0.001 0.175 0.123 0.107 0.001 0.078 0.309 0.001 0.001 0.001 0.001 0.575 0.026 0.001 0.001 0.001 0.032 0.001 0.001 0.113 0.015 0.103 0.023 0.009 0.001 0.001 0.001 0.036 0.028 0.001 0.286 0.004 0.066 0.054 0.080 0.216 0.355 0.295 0.705 0.602 0.688 0.586 0.355 0.233 0.196 0.227 0.200 0.001 0.050
0.001 0.001 0.001 0.001 0.127 0.061 0.208 0.043 0.001 0.001 0.001 0.018 0.163 0.005 0.126 0.320 0.237 0.089 0.243 0.172 0.065 0.315 0.225 0.001 0.168 0.025 0.001 0.001 0.001 0.177 0.001 0.001 0.010 0.294 0.369 0.001 0.001 0.001 0.181 0.544 0.048 0.001 0.001 0.014 0.001 0.001 0.001 0.001 0.001 0.001 0.131 0.115 0.001 0.044 0.001 0.089 0.001 0.001 0.194 0.001 0.074 0.111 0.376 0.423 0.543 0.565 0.522 0.496 0.300 0.560 0.251 0.081 0.037 0.060 0.001 0.001 0.001
0.001 0.001 0.001 0.063 0.130 0.001 0.001 0.001 0.001 0.001 0.039 0.072 0.070 0.001 0.164 0.425 0.193 0.040 0.271 0.300 0.206 0.488 0.032 0.001 0.247 0.001 0.001 0.001 0.001 0.012 0.001 0.001 0.150 0.105 0.216 0.145 0.001 0.001 0.001 0.234 0.001 0.001 0.001 0.001 0.001 0.001 0.001 0.001 0.001 0.001 0.001 0.227 0.001 0.001 0.033 0.058 0.024 0.074 0.102 0.079 0.298 0.421 0.535 0.368 0.408 0.375 0.275 0.364 0.370 0.477 0.456 0.170 0.001 0.013 0.001 0.001 0.001
0.001 0.001 0.010 0.156 0.001 0.001 0.001 0.001 0.020 0.001 0.001 0.001 0.001 0.040 0.332 0.035 0.036 0.155 0.144 0.169 0.375 0.278 0.001 0.001 0.439 0.001 0.001 0.001 0.001 0.001 0.001 0.001 0.303 0.001 0.001 0.341 0.001 0.001 0.001 0.334 0.299 0.146 0.174 0.039 0.027 0.001 0.001 0.001 0.047 0.001 0.001 0.190 0.277 0.169 0.318 0.131 0.001 0.182 0.060 0.200 0.366 0.238 0.301 0.191 0.409 0.240 0.160 0.285 0.237 0.198 0.272 0.368 0.058 0.011 0.001 0.155 0.104
0.001 0.001 0.001 0.078 0.062 0.001 0.001 0.001 0.007 0.001 0.001 0.001 0.135 0.341 0.198 0.001 0.001 0.306 0.001 0.039 0.249 0.278 0.001 0.160 0.338 0.106 0.001 0.048 0.001 0.001 0.001 0.272 0.284 0.001 0.001 0.454 0.001 0.001 0.064 0.164 0.045 0.366 0.001 0.001 0.001 0.130 0.001 0.001 0.001 0.103 0.001 0.001 0.030 0.001 0.001 0.347 0.025 0.331 0.256 0.488 0.399 0.238 0.289 0.073 0.215 0.368 0.120 0.273 0.331 0.225 0.225 0.349 0.235 0.198 0.381 0.366 0.267
0.001 0.001 0.001 0.080 0.001 0.039 0.001 0.001 0.001 0.001 0.228 0.327 0.258 0.348 0.026 0.072 0.138 0.195 0.001 0.067 0.305 0.049 0.001 0.067 0.225 0.001 0.001 0.024 0.001 0.001 0.306 0.281 0.001 0.001 0.001 0.291 0.001 0.001 0.001 0.001 0.001 0.084 0.284 0.243 0.147 0.001 0.001 0.001 0.001 0.061 0.001 0.001 0.001 0.002 0.122 0.169 0.301 0.563 0.392 0.301 0.237 0.114 0.155 0.196 0.169 0.500 0.260 0.392 0.191 0.301 0.434 0.258 0.174 0.210 0.295 0.062 0.055
0.001 0.013 0.279 0.001 0.001 0.001 0.001 0.001 0.001 0.136 0.350 0.065 0.043 0.326 0.001 0.055 0.001 0.247 0.038 0.090 0.115 0.001 0.001 0.001 0.143 0.001 0.001 0.001 0.001 0.001 0.205 0.001 0.001 0.001 0.005 0.221 0.001 0.001 0.001 0.074 0.001 0.001 0.126 0.001 0.230 0.111 0.001 0.036 0.001 0.001 0.023 0.034 0.001 0.001 0.077 0.221 0.403 0.337 0.330 0.129 0.205 0.342 0.184 0.219 0.307 0.381 0.217 0.204 0.147 0.180 0.212 0.414 0.358 0.312 0.208 0.037 0.104
0.064 0.061 0.165 0.001 0.001 0.001 0.001 0.019 0.189 0.069 0.264 0.002 0.057 0.293 0.031 0.001 0.001 0.246 0.052 0.001 0.097 0.001 0.001 0.001 0.145 0.001 0.001 0.039 0.001 0.011 0.106 0.001 0.001 0.019 0.001 0.024 0.159 0.001 0.001 0.149 0.001 0.001 0.001 0.001 0.001 0.264 0.059 0.001 0.001 0.006 0.001 0.001 0.001 0.042 0.069 0.101 0.072 0.257 0.510 0.312 0.316 0.225 0.352 0.235 0.213 0.197 0.125 0.117 0.180 0.126 0.175 0.319 0.315 0.221 0.202 0.001 0.001
0.001 0.001 0.105 0.001 0.001 0.001 0.001 0.061 0.001 0.001 0.218 0.072 0.001 0.233 0.004 0.001 0.055 0.252 0.001 0.007 0.035 0.001 0.001 0.001 0.086 0.001 0.001 0.001 0.001 0.100 0.001 0.001 0.001 0.001 0.001 0.107 0.012 0.002 0.001 0.025 0.001 0.001 0.001 0.001 0.001 0.001 0.002 0.002 0.001 0.001 0.001 0.001 0.001 0.001 0.001 0.088 0.079 0.308 0.250 0.288 0.193 0.182 0.215 0.151 0.133 0.072 0.051 0.107 0.069 0.150 0.088 0.204 0.090 0.286 0.224 0.001 0.001
0.001 0.001 0.007 0.001 0.021 0.001 0.001 0.001 0.001 0.184 0.220 0.001 0.001 0.333 0.001 0.006 0.287 0.001 0.001 0.113 0.001 0.001 0.001 0.006 0.001 0.001 0.001 0.001 0.085 0.001 0.001 0.001 0.001 0.001 0.095 0.001 0.142 0.001 0.077 0.001 0.054 0.001 0.084 0.001 0.001 0.001 0.001 0.002 0.049 0.001 0.008 0.011 0.001 0.001 0.001 0.079 0.224 0.123 0.241 0.167 0.218 0.111 0.074 0.019 0.001 0.034 0.021 0.008 0.086 0.047 0.052 0.077 0.053 0.220 0.234 0.155 0.002
0.001 0.001 0.001 0.001 0.001 0.001 0.035 0.038 0.095 0.201 0.004 0.086 0.195 0.177 0.001 0.077 0.146 0.001 0.012 0.077 0.001 0.001 0.001 0.001 0.001 0.085 0.001 0.001 0.001 0.001 0.019 0.001 0.012 0.001 0.001 0.151 0.242 0.001 0.001 0.001 0.088 0.001 0.037 0.001 0.136 0.070 0.001 0.001 0.122 0.065 0.032 0.001 0.002 0.069 0.156 0.003 0.271 0.128 0.125 0.231 0.100 0.051 0.001 0.033 0.036 0.007 0.014 0.028 0.045 0.074 0.160 0.243 0.004 0.067 0.072 0.475 0.506
0.001 0.001 0.001 0.001 0.001 0.001 0.001 0.001 0.001 0.106 0.001 0.001 0.065 0.109 0.001 0.194 0.178 0.001 0.115 0.001 0.001 0.001 0.001 0.001 0.001 0.176 0.001 0.001 0.001 0.053 0.013 0.001 0.089 0.001 0.001 0.055 0.066 0.123 0.001 0.001 0.168 0.001 0.095 0.001 0.001 0.001 0.001 0.019 0.138 0.001 0.001 0.066 0.001 0.001 0.056 0.032 0.196 0.169 0.137 0.149 0.007 0.001 0.057 0.051 0.030 0.028 0.001 0.004 0.080 0.228 0.069 0.178 0.105 0.296 0.591 0.259 0.424
0.000 0.001 0.001 0.001 0.001 0.001 0.001 0.001 0.021 0.142 0.142 0.078 0.147 0.001 0.001 0.236 0.036 0.001 0.127 0.001 0.001 0.001 0.016 0.001 0.080 0.001 0.151 0.001 0.076 0.166 0.001 0.003 0.029 0.001 0.001 0.001 0.001 0.087 0.001 0.001 0.137 0.001 0.001 0.001 0.051 0.001 0.001 0.080 0.001 0.043 0.001 0.025 0.124 0.069 0.001 0.065 0.118 0.124 0.025 0.021 0.003 0.029 0.001 0.011 0.020 0.028 0.001 0.100 0.194 0.253 0.309 0.606 0.631 0.650 0.449 0.214 0.008
0.000 0.000 0.001 0.001 0.001 0.001 0.001 0.001 0.001 0.001 0.001 0.003 0.158 0.001 0.050 0.172 0.001 0.010 0.063 0.001 0.019 0.001 0.001 0.001 0.001 0.001 0.110 0.032 0.001 0.001 0.001 0.041 0.005 0.001 0.036 0.001 0.001 0.045 0.001 0.001 0.001 0.137 0.001 0.031 0.001 0.099 0.001 0.001 0.001 0.041 0.001 0.001 0.041 0.005 0.001 0.137 0.069 0.053 0.001 0.019 0.001 0.062 0.042 0.102 0.126 0.159 0.143 0.092 0.133 0.121 0.326 0.424 0.348 0.159 0.072 0.375 0.047
0.000 0.000 0.000 0.000 0.000 0.000 0.000 0.000 0.001 0.001 0.001 0.001 0.001 0.001 0.219 0.162 0.001 0.001 0.040 0.001 0.001 0.001 0.001 0.138 0.001 0.001 0.106 0.005 0.001 0.005 0.001 0.106 0.001 0.001 0.042 0.001 0.018 0.021 0.004 0.001 0.001 0.043 0.001 0.024 0.023 0.017 0.001 0.038 0.001 0.001 0.001 0.071 0.043 0.001 0.027 0.080 0.031 0.001 0.001 0.012 0.024 0.060 0.168 0.101 0.129 0.121 0.270 0.216 0.426 0.404 0.247 0.278 0.158 0.054 0.001 0.094 0.398
0.000 0.000 0.000 0.000 0.011 0.000 0.000 0.000 0.000 0.000 0.001 0.001 0.001 0.024 0.047 0.107 0.101 0.001 0.001 0.136 0.001 0.001 0.022 0.120 0.001 0.001 0.001 0.001 0.001 0.076 0.001 0.001 0.001 0.001 0.001 0.001 0.170 0.001 0.031 0.025 0.001 0.049 0.001 0.001 0.001 0.066 0.001 0.034 0.019 0.001 0.001 0.042 0.001 0.003 0.001 0.040 0.001 0.001 0.032 0.074 0.051 0.048 0.160 0.116 0.157 0.137 0.178 0.344 0.326 0.108 0.082 0.202 0.215 0.053 0.001 0.037 0.166
0.000 0.000 0.000 0.001 0.001 0.000 0.000 0.000 0.000 0.000 0.000 0.000 0.001 0.001 0.001 0.036 0.152 0.036 0.001 0.094 0.076 0.001 0.001 0.001 0.001 0.001 0.054 0.031 0.001 0.085 0.001 0.001 0.001 0.039 0.001 0.036 0.258 0.001 0.001 0.001 0.159 0.115 0.090 0.118 0.001 0.001 0.001 0.001 0.010 0.001 0.001 0.001 0.001 0.138 0.237 0.105 0.063 0.107 0.118 0.005 0.079 0.101 0.160 0.263 0.168 0.166 0.145 0.186 0.194 0.001 0.012 0.005 0.015 0.091 0.061 0.001 0.109
0.000 0.001 0.001 0.001 0.001 0.001 0.000 0.000 0.000 0.000 0.000 0.000 0.001 0.001 0.001 0.001 0.077 0.029 0.001 0.001 0.043 0.056 0.001 0.001 0.001 0.001 0.005 0.040 0.001 0.001 0.001 0.001 0.063 0.004 0.001 0.002 0.033 0.117 0.001 0.001 0.017 0.001 0.005 0.087 0.022 0.003 0.001 0.022 0.001 0.001 0.048 0.001 0.148 0.069 0.069 0.001 0.046 0.033 0.158 0.193 0.094 0.180 0.201 0.195 0.263 0.282 0.218 0.127 0.179 0.054 0.042 0.001 0.001 0.001 0.148 0.050 0.001
0.000 0.001 0.001 0.001 0.001 0.001 0.001 0.001 0.001 0.001 0.001 0.001 0.001 0.001 0.001 0.001 0.053 0.001 0.049 0.001 0.001 0.001 0.001 0.001 0.001 0.089 0.001 0.001 0.001 0.020 0.009 0.001 0.048 0.001 0.091 0.001 0.001 0.050 0.001 0.089 0.001 0.001 0.001 0.038 0.001 0.001 0.103 0.009 0.001 0.149 0.001 0.001 0.095 0.019 0.001 0.001 0.001 0.024 0.042 0.187 0.170 0.108 0.185 0.115 0.228 0.104 0.128 0.096 0.039 0.001 0.001 0.001 0.001 0.028 0.116 0.262 0.273
0.001 0.001 0.037 0.001 0.001 0.001 0.089 0.021 0.001 0.020 0.020 0.016 0.001 0.021 0.054 0.147 0.180 0.001 0.117 0.001 0.015 0.001 0.001 0.001 0.001 0.001 0.130 0.049 0.001 0.001 0.001 0.001 0.001 0.001 0.145 0.001 0.001 0.090 0.001 0.168 0.018 0.001 0.001 0.001 0.195 0.098 0.032 0.153 0.105 0.001 0.110 0.217 0.107 0.045 0.001 0.001 0.001 0.081 0.139 0.117 0.062 0.249 0.161 0.270 0.254 0.216 0.120 0.042 0.056 0.044 0.031 0.001 0.022 0.217 0.268 0.343 0.372
0.022 0.001 0.001 0.001 0.001 0.001 0.001 0.100 0.001 0.025 0.024 0.105 0.298 0.293 0.072 0.054 0.061 0.001 0.135 0.001 0.089 0.001 0.001 0.001 0.001 0.001 0.001 0.062 0.030 0.001 0.001 0.001 0.141 0.175 0.001 0.001 0.065 0.009 0.006 0.075 0.076 0.001 0.001 0.001 0.001 0.298 0.001 0.001 0.001 0.184 0.066 0.001 0.002 0.001 0.001 0.001 0.034 0.036 0.107 0.204 0.190 0.193 0.312 0.233 0.238 0.110 0.088 0.104 0.009 0.001 0.061 0.154 0.079 0.047 0.242 0.061 0.204
0.001 0.027 0.001 0.001 0.001 0.146 0.321 0.181 0.012 0.001 0.209 0.137 0.113 0.157 0.001 0.001 0.001 0.001 0.056 0.035 0.053 0.001 0.001 0.001 0.001 0.001 0.001 0.001 0.003 0.206 0.001 0.001 0.207 0.001 0.001 0.001 0.001 0.007 0.001 0.002 0.104 0.065 0.059 0.001 0.051 0.315 0.001 0.001 0.137 0.092 0.142 0.034 0.001 0.001 0.001 0.001 0.001 0.098 0.109 0.149 0.125 0.289 0.142 0.202 0.181 0.129 0.159 0.049 0.024 0.097 0.001 0.004 0.001 0.035 0.039 0.001 0.194
0.001 0.045 0.001 0.009 0.001 0.001 0.001 0.324 0.127 0.311 0.174 0.345 0.215 0.287 0.018 0.001 0.122 0.001 0.001 0.108 0.036 0.001 0.001 0.001 0.093 0.001 0.073 0.001 0.001 0.001 0.161 0.123 0.176 0.049 0.001 0.001 0.001 0.008 0.016 0.001 0.026 0.001 0.109 0.001 0.001 0.136 0.120 0.054 0.006 0.001 0.001 0.001 0.001 0.001 0.022 0.021 0.110 0.138 0.287 0.228 0.287 0.217 0.170 0.154 0.151 0.087 0.139 0.023 0.021 0.022 0.001 0.001 0.001 0.001 0.001 0.001 0.002
0.001 0.001 0.001 0.005 0.001 0.001 0.001 0.146 0.408 0.362 0.482 0.402 0.270 0.268 0.193 0.346 0.065 0.001 0.001 0.001 0.121 0.001 0.001 0.064 0.001 0.001 0.119 0.001 0.001 0.015 0.001 0.001 0.119 0.289 0.036 0.001 0.001 0.001 0.057 0.009 0.023 0.045 0.001 0.001 0.011 0.173 0.001 0.001 0.095 0.001 0.001 0.001 0.001 0.001 0.005 0.039 0.187 0.187 0.319 0.263 0.183 0.132 0.170 0.255 0.094 0.087 0.078 0.043 0.001 0.001 0.001 0.001 0.001 0.001 0.001 0.001 0.001
0.000 0.001 0.001 0.001 0.001 0.001 0.001 0.114 0.152 0.001 0.114 0.001 0.001 0.038 0.298 0.096 0.202 0.048 0.001 0.005 0.280 0.001 0.001 0.025 0.001 0.142 0.021 0.001 0.001 0.038 0.001 0.001 0.001 0.209 0.001 0.164 0.246 0.054 0.001 0.054 0.001 0.048 0.222 0.155 0.132 0.149 0.001 0.063 0.107 0.001 0.001 0.001 0.001 0.001 0.027 0.124 0.293 0.209 0.247 0.170 0.144 0.240 0.079 0.118 0.129 0.103 0.050 0.014 0.028 0.001 0.001 0.001 0.001 0.001 0.018 0.001 0.093
0.000 0.001 0.001 0.001 0.001 0.001 0.023 0.078 0.001 0.001 0.001 0.001 0.105 0.073 0.297 0.001 0.001 0.001 0.001 0.001 0.255 0.001 0.001 0.001 0.001 0.113 0.001 0.001 0.001 0.001 0.001 0.001 0.058 0.266 0.001 0.001 0.001 0.001 0.001 0.001 0.001 0.157 0.042 0.001 0.001 0.148 0.111 0.001 0.001 0.001 0.001 0.001 0.001 0.001 0.019 0.109 0.268 0.096 0.163 0.151 0.158 0.248 0.130 0.167 0.111 0.007 0.001 0.001 0.001 0.001 0.001 0.001 0.001 0.001 0.001 0.001 0.115
0.000 0.000 0.001 0.001 0.001 0.117 0.001 0.001 0.001 0.001 0.001 0.125 0.304 0.412 0.482 0.339 0.154 0.161 0.158 0.219 0.298 0.001 0.031 0.001 0.001 0.042 0.001 0.026 0.032 0.023 0.001 0.001 0.001 0.252 0.037 0.001 0.001 0.001 0.003 0.001 0.001 0.171 0.001 0.001 0.001 0.124 0.001 0.061 0.001 0.001 0.001 0.001 0.001 0.019 0.070 0.215 0.178 0.109 0.134 0.142 0.154 0.268 0.096 0.019 0.024 0.086 0.001 0.001 0.001 0.001 0.001 0.000 0.001 0.001 0.000 0.000 0.001
0.000 0.000 0.001 0.001 0.001 0.001 0.070 0.001 0.051 0.182 0.101 0.087 0.568 0.133 0.262 0.068 0.030 0.001 0.001 0.033 0.002 0.270 0.016 0.001 0.001 0.001 0.001 0.001 0.001 0.001 0.001 0.095 0.097 0.239 0.051 0.153 0.071 0.012 0.063 0.001 0.001 0.051 0.001 0.001 0.071 0.073 0.001 0.001 0.010 0.001 0.001 0.001 0.040 0.220 0.263 0.161 0.178 0.077 0.197 0.152 0.086 0.224 0.034 0.001 0.001 0.009 0.001 0.001 0.001 0.001 0.000 0.000 0.037 0.000 0.000 0.000 0.000
0.000 0.000 0.000 0.001 0.001 0.001 0.001 0.001 0.001 0.001 0.173 0.156 0.479 0.012 0.180 0.001 0.001 0.001 0.069 0.001 0.001 0.142 0.090 0.157 0.001 0.001 0.001 0.001 0.042 0.216 0.147 0.204 0.090 0.095 0.028 0.001 0.001 0.001 0.001 0.173 0.001 0.001 0.001 0.108 0.087 0.001 0.001 0.001 0.001 0.001 0.001 0.001 0.046 0.099 0.098 0.083 0.195 0.092 0.168 0.055 0.081 0.164 0.087 0.043 0.001 0.001 0.001 0.001 0.001 0.001 0.000 0.000 0.000 0.000 0.000 0.000 0.000
0.000 0.000 0.000 0.001 0.001 0.001 0.079 0.157 0.001 0.001 0.001 0.001 0.448 0.258 0.191 0.001 0.001 0.001 0.045 0.001 0.005 0.089 0.152 0.001 0.001 0.001 0.001 0.001 0.001 0.246 0.066 0.051 0.140 0.001 0.001 0.001 0.030 0.001 0.001 0.179 0.054 0.018 0.001 0.001 0.001 0.045 0.162 0.036 0.001 0.001 0.001 0.016 0.030 0.042 0.060 0.068 0.239 0.169 0.189 0.112 0.167 0.049 0.055 0.001 0.001 0.001 0.019 0.001 0.000 0.000 0.000 0.000 0.000 0.000 0.000 0.000 0.000
0.000 0.000 0.000 0.000 0.001 0.001 0.001 0.001 0.084 0.001 0.305 0.305 0.242 0.055 0.285 0.082 0.001 0.001 0.001 0.001 0.001 0.321 0.001 0.060 0.001 0.001 0.001 0.001 0.001 0.144 0.001 0.025 0.107 0.001 0.001 0.066 0.020 0.001 0.001 0.023 0.001 0.198 0.103 0.001 0.001 0.026 0.065 0.065 0.001 0.001 0.001 0.001 0.111 0.104 0.193 0.282 0.131 0.097 0.086 0.083 0.044 0.008 0.001 0.001 0.001 0.001 0.001 0.001 0.000 0.000 0.000 0.000 0.000 0.000 0.000 0.000 0.000
0.000 0.000 0.000 0.000 0.001 0.001 0.001 0.001 0.069 0.151 0.137 0.219 0.054 0.002 0.369 0.001 0.001 0.001 0.001 0.026 0.001 0.129 0.116 0.001 0.001 0.198 0.188 0.191 0.229 0.057 0.001 0.001 0.001 0.001 0.001 0.001 0.001 0.001 0.042 0.001 0.001 0.001 0.001 0.001 0.001 0.001 0.001 0.001 0.001 0.001 0.001 0.001 0.120 0.099 0.073 0.269 0.085 0.023 0.071 0.027 0.001 0.006 0.001 0.001 0.001 0.001 0.001 0.001 0.000 0.000 0.000 0.000 0.000 0.000 0.000 0.000 0.000
