Data/res-0290.wd
ncols         433
nrows         491
xllcorner     1194560.000000
yllcorner     -584471.000000
cellsize      25.000000
NODATA_value  -9999.000000
[rows 374 to 407 of 491, columns 0 to 76 of 433]
0.000 0.000 0.000 0.000 0.000 0.000 0.000 0.044 0.000 0.000 0.000 0.000 0.024 0.000 0.000 0.000 0.000 0.000 0.019 0.079 0.000 0.000 0.000 0.000 0.000 0.000 0.000 0.000 0.000 0.000 0.000 0.000 0.000 0.000 0.010 0.137 0.198 0.134 0.052 0.060 0.010 0.135 0.105 0.094 0.096 0.078 0.064 0.189 0.088 0.112 0.138 0.287 0.198 0.190 0.315 0.218 0.297 0.339 0.457 0.302 0.154 0.202 0.497 0.420 0.257 0.104 0.193 0.336 0.355 0.236 0.207 0.199 0.201 0.251 0.357 0.368 0.475
0.000 0.000 0.000 0.000 0.000 0.000 0.000 0.020 0.010 0.015 0.036 0.000 0.013 0.000 0.000 0.000 0.000 0.000 0.000 0.066 0.042 0.000 0.000 0.000 0.000 0.000 0.000 0.000 0.000 0.000 0.000 0.000 0.000 0.004 0.166 0.182 0.185 0.180 0.172 0.166 0.124 0.082 0.012 0.027 0.219 0.264 0.118 0.200 0.174 0.142 0.179 0.267 0.369 0.316 0.348 0.233 0.319 0.230 0.466 0.406 0.246 0.478 0.574 0.351 0.194 0.173 0.170 0.093 0.265 0.364 0.168 0.138 0.139 0.164 0.217 0.414 0.448
0.000 0.000 0.000 0.000 0.000 0.000 0.000 0.000 0.094 0.139 0.141 0.074 0.073 0.062 0.010 0.017 0.002 0.000 0.021 0.040 0.133 0.013 0.000 0.000 0.000 0.000 0.000 0.000 0.000 0.000 0.000 0.000 0.000 0.086 0.060 0.151 0.042 0.012 0.016 0.037 0.020 0.037 0.100 0.030 0.108 0.337 0.407 0.454 0.428 0.345 0.365 0.387 0.513 0.577 0.496 0.461 0.568 0.533 0.513 0.643 0.569 0.353 0.214 0.167 0.242 0.370 0.310 0.104 0.227 0.381 0.286 0.247 0.122 0.218 0.184 0.446 0.351
0.000 0.000 0.000 0.000 0.000 0.000 0.000 0.000 0.096 0.000 0.000 0.028 0.150 0.079 0.000 0.002 0.015 0.000 0.000 0.000 0.125 0.000 0.000 0.000 0.000 0.016 0.008 0.000 0.000 0.000 0.000 0.000 0.145 0.246 0.211 0.231 0.183 0.149 0.139 0.056 0.000 0.003 0.040 0.139 0.164 0.234 0.267 0.266 0.200 0.262 0.359 0.324 0.275 0.279 0.477 0.586 0.273 0.292 0.346 0.464 0.474 0.169 0.247 0.164 0.203 0.208 0.231 0.323 0.395 0.230 0.155 0.224 0.280 0.303 0.410 0.471 0.314
0.000 0.000 0.000 0.000 0.000 0.000 0.000 0.000 0.000 0.000 0.000 0.000 0.000 0.075 0.076 0.035 0.000 0.000 0.000 0.000 0.119 0.042 0.000 0.000 0.000 0.000 0.019 0.021 0.015 0.002 0.004 0.140 0.234 0.135 0.146 0.121 0.020 0.009 0.018 0.168 0.155 0.019 0.000 0.050 0.090 0.057 0.072 0.129 0.220 0.334 0.488 0.200 0.277 0.194 0.437 0.424 0.278 0.213 0.165 0.386 0.566 0.472 0.356 0.173 0.137 0.139 0.198 0.450 0.271 0.172 0.188 0.146 0.286 0.273 0.293 0.396 0.346
0.000 0.000 0.000 0.000 0.000 0.000 0.000 0.000 0.000 0.000 0.000 0.000 0.000 0.000 0.000 0.000 0.000 0.087 0.000 0.000 0.060 0.062 0.000 0.088 0.165 0.113 0.072 0.055 0.064 0.014 0.145 0.225 0.083 0.118 0.106 0.045 0.010 0.010 0.008 0.038 0.118 0.217 0.171 0.222 0.213 0.114 0.262 0.134 0.162 0.204 0.461 0.296 0.248 0.246 0.304 0.466 0.297 0.215 0.252 0.267 0.306 0.450 0.721 0.351 0.285 0.223 0.399 0.269 0.261 0.311 0.348 0.379 0.340 0.253 0.446 0.295 0.255
0.000 0.000 0.000 0.000 0.000 0.000 0.000 0.000 0.000 0.000 0.000 0.000 0.000 0.000 0.000 0.000 0.075 0.098 0.153 0.009 0.029 0.107 0.057 0.195 0.130 0.067 0.014 0.001 0.005 0.027 0.180 0.125 0.164 0.096 0.033 0.065 0.114 0.084 0.167 0.079 0.021 0.005 0.085 0.176 0.402 0.377 0.420 0.396 0.375 0.260 0.498 0.203 0.109 0.074 0.119 0.341 0.218 0.196 0.227 0.144 0.228 0.585 1.393 0.677 0.492 0.383 0.294 0.129 0.183 0.218 0.284 0.302 0.371 0.278 0.385 0.252 0.796
0.000 0.000 0.000 0.000 0.000 0.000 0.000 0.000 0.000 0.000 0.000 0.000 0.000 0.000 0.000 0.000 0.000 0.000 0.084 0.173 0.137 0.203 0.249 0.116 0.000 0.004 0.000 0.000 0.000 0.072 0.184 0.178 0.125 0.007 0.004 0.064 0.021 0.039 0.066 0.000 0.000 0.000 0.000 0.043 0.104 0.130 0.111 0.171 0.354 0.446 0.529 0.207 0.108 0.117 0.184 0.208 0.259 0.145 0.240 0.440 1.534 1.587 1.516 1.791 1.128 0.355 0.433 0.631 0.160 0.135 0.159 0.243 0.304 0.395 0.682 1.556 2.004
0.000 0.000 0.000 0.000 0.000 0.000 0.000 0.000 0.000 0.000 0.000 0.000 0.000 0.000 0.000 0.000 0.000 0.000 0.000 0.000 0.031 0.148 0.046 0.056 0.000 0.000 0.000 0.000 0.000 0.200 0.132 0.044 0.114 0.150 0.051 0.001 0.035 0.089 0.000 0.000 0.000 0.000 0.000 0.065 0.111 0.068 0.120 0.278 0.243 0.549 0.425 0.275 0.163 0.175 0.117 0.124 0.162 0.074 0.305 1.740 1.194 0.470 0.275 0.385 1.458 1.657 1.556 1.618 0.646 0.311 0.304 0.230 0.452 0.710 1.208 1.839 0.621
0.000 0.000 0.000 0.000 0.000 0.000 0.000 0.000 0.000 0.000 0.000 0.000 0.000 0.000 0.000 0.000 0.000 0.000 0.000 0.027 0.146 0.000 0.000 0.006 0.003 0.000 0.000 0.000 0.185 0.160 0.069 0.011 0.130 0.125 0.122 0.142 0.063 0.000 0.000 0.000 0.000 0.000 0.004 0.044 0.151 0.349 0.336 0.224 0.335 0.452 0.591 0.498 0.234 0.336 0.139 0.084 0.063 0.074 0.934 1.325 0.454 0.253 0.175 0.245 0.230 0.244 0.247 1.246 1.504 0.446 0.451 1.308 1.917 1.867 1.859 0.501 0.357
0.000 0.000 0.000 0.000 0.000 0.000 0.000 0.000 0.000 0.000 0.000 0.000 0.000 0.000 0.000 0.000 0.000 0.000 0.049 0.128 0.037 0.000 0.000 0.000 0.001 0.001 0.003 0.186 0.124 0.041 0.016 0.026 0.163 0.010 0.058 0.002 0.001 0.000 0.000 0.000 0.000 0.000 0.000 0.108 0.152 0.230 0.261 0.315 0.405 0.193 0.236 0.485 0.582 0.408 0.242 0.258 0.147 0.164 0.636 1.666 0.358 0.220 0.157 0.230 0.138 0.190 0.220 0.111 1.202 1.664 1.595 1.638 0.543 0.597 0.565 0.444 0.325
0.000 0.000 0.000 0.000 0.000 0.000 0.000 0.000 0.000 0.000 0.000 0.000 0.000 0.000 0.000 0.000 0.000 0.001 0.043 0.000 0.000 0.000 0.000 0.000 0.000 0.001 0.097 0.263 0.186 0.131 0.167 0.189 0.095 0.058 0.023 0.015 0.008 0.065 0.009 0.000 0.069 0.000 0.000 0.064 0.296 0.212 0.089 0.278 0.294 0.104 0.141 0.333 0.372 0.553 0.398 0.416 0.407 0.336 1.358 1.418 0.398 0.323 0.276 0.137 0.085 0.063 0.104 0.193 0.266 0.430 0.631 0.508 0.423 0.287 0.422 0.391 0.454
0.000 0.000 0.000 0.000 0.000 0.000 0.000 0.000 0.000 0.000 0.000 0.000 0.000 0.000 0.000 0.000 0.001 0.001 0.000 0.000 0.000 0.000 0.000 0.000 0.000 0.006 0.225 0.312 0.304 0.166 0.120 0.072 0.089 0.018 0.006 0.001 0.001 0.000 0.009 0.047 0.103 0.048 0.077 0.203 0.148 0.164 0.148 0.336 0.240 0.169 0.273 0.342 0.304 0.844 0.172 0.180 0.303 0.360 1.678 0.497 0.261 0.182 0.261 0.396 0.381 0.389 0.416 0.375 0.291 0.307 0.332 0.367 0.553 0.259 0.269 0.241 0.262
0.000 0.000 0.000 0.000 0.000 0.000 0.000 0.000 0.000 0.000 0.000 0.000 0.000 0.000 0.000 0.000 0.004 0.000 0.000 0.000 0.000 0.000 0.000 0.000 0.000 0.249 0.228 0.090 0.130 0.048 0.104 0.091 0.020 0.000 0.004 0.000 0.000 0.011 0.015 0.000 0.000 0.000 0.133 0.155 0.127 0.238 0.297 0.363 0.336 0.232 0.213 0.268 0.455 1.209 1.831 1.326 0.482 0.515 1.765 0.503 0.204 0.154 0.337 0.142 0.083 0.068 0.149 0.156 0.224 0.312 0.322 0.284 0.597 0.567 0.447 0.500 0.542
0.000 0.000 0.000 0.000 0.000 0.000 0.000 0.000 0.000 0.000 0.000 0.000 0.000 0.000 0.000 0.000 0.000 0.000 0.000 0.000 0.000 0.000 0.000 0.173 0.221 0.229 0.074 0.145 0.084 0.067 0.147 0.014 0.004 0.006 0.006 0.015 0.012 0.013 0.000 0.000 0.000 0.000 0.109 0.054 0.140 0.077 0.119 0.243 0.266 0.313 0.230 0.388 0.693 1.706 0.767 1.767 1.333 1.718 1.006 0.435 0.258 0.138 0.343 0.203 0.149 0.223 0.347 0.429 0.432 0.332 0.210 0.382 0.604 0.347 0.455 0.487 0.314
0.000 0.000 0.000 0.000 0.000 0.000 0.000 0.000 0.000 0.000 0.000 0.000 0.000 0.000 0.000 0.000 0.000 0.000 0.000 0.000 0.000 0.000 0.000 0.129 0.159 0.218 0.094 0.043 0.107 0.201 0.114 0.009 0.022 0.068 0.018 0.000 0.000 0.000 0.000 0.000 0.023 0.118 0.059 0.228 0.357 0.304 0.158 0.255 0.176 0.285 0.581 1.733 1.798 1.502 0.367 0.310 0.724 0.413 0.516 0.373 0.405 0.242 0.396 0.129 0.300 0.325 0.327 0.204 0.225 0.352 0.503 0.540 0.348 0.340 0.293 0.281 0.313
0.000 0.000 0.000 0.000 0.000 0.000 0.000 0.000 0.000 0.000 0.000 0.000 0.000 0.000 0.000 0.000 0.000 0.000 0.000 0.000 0.000 0.000 0.304 0.264 0.172 0.065 0.034 0.027 0.001 0.172 0.028 0.012 0.005 0.001 0.000 0.000 0.000 0.032 0.021 0.031 0.036 0.000 0.000 0.141 0.135 0.251 0.245 0.294 0.231 0.493 1.913 1.163 0.393 0.225 0.138 0.284 0.403 0.486 0.330 0.232 0.257 0.436 0.368 0.269 0.212 0.152 0.241 0.303 0.275 0.538 0.413 0.430 0.368 0.416 0.678 0.615 0.505
0.000 0.000 0.000 0.000 0.000 0.000 0.000 0.000 0.000 0.000 0.000 0.000 0.000 0.000 0.000 0.000 0.000 0.000 0.000 0.000 0.041 0.182 0.363 0.042 0.001 0.024 0.022 0.000 0.008 0.167 0.000 0.000 0.000 0.000 0.000 0.030 0.065 0.017 0.000 0.000 0.000 0.000 0.076 0.122 0.160 0.186 0.394 0.475 0.460 0.488 1.963 1.158 0.370 0.198 0.237 0.454 0.517 0.446 0.194 0.170 0.236 0.385 0.181 0.091 0.119 0.203 0.187 0.176 0.502 0.288 0.246 0.263 0.305 0.650 0.503 0.558 0.757
0.000 0.000 0.000 0.000 0.000 0.000 0.000 0.000 0.000 0.000 0.000 0.000 0.000 0.000 0.000 0.000 0.000 0.000 0.000 0.000 0.001 0.105 0.230 0.052 0.001 0.018 0.093 0.000 0.073 0.167 0.001 0.051 0.045 0.012 0.129 0.034 0.000 0.000 0.000 0.000 0.000 0.046 0.163 0.256 0.362 0.436 0.375 0.337 0.276 0.219 0.724 1.708 0.568 0.417 0.517 0.537 0.299 0.344 0.350 0.381 0.427 0.172 0.156 0.211 0.294 0.332 0.476 0.510 0.416 0.350 0.587 0.584 0.639 0.539 0.261 0.353 0.384
0.000 0.000 0.000 0.000 0.000 0.000 0.000 0.000 0.000 0.000 0.000 0.000 0.000 0.000 0.000 0.000 0.000 0.000 0.000 0.000 0.090 0.249 0.206 0.112 0.007 0.050 0.122 0.070 0.139 0.000 0.000 0.022 0.146 0.042 0.006 0.005 0.055 0.031 0.013 0.034 0.061 0.072 0.123 0.180 0.198 0.325 0.217 0.307 0.174 0.175 0.375 1.988 0.618 0.619 0.299 0.270 0.400 0.276 0.282 0.459 0.269 0.137 0.138 0.211 0.552 0.588 0.641 0.364 0.339 0.565 0.326 0.288 0.370 0.212 0.307 0.324 0.336
0.000 0.000 0.000 0.000 0.000 0.000 0.000 0.000 0.000 0.000 0.000 0.000 0.000 0.000 0.000 0.000 0.000 0.000 0.033 0.006 0.116 0.308 0.079 0.010 0.035 0.151 0.251 0.096 0.067 0.016 0.048 0.020 0.010 0.000 0.000 0.000 0.025 0.000 0.000 0.000 0.000 0.018 0.103 0.148 0.272 0.220 0.323 0.200 0.212 0.293 0.362 1.974 0.534 0.370 0.457 0.316 0.380 0.235 0.223 0.390 0.208 0.284 0.366 0.567 0.448 0.160 0.244 0.521 0.648 0.384 0.177 0.269 0.238 0.284 0.210 0.241 0.428
0.000 0.000 0.000 0.000 0.000 0.000 0.000 0.000 0.000 0.000 0.000 0.000 0.000 0.000 0.000 0.000 0.000 0.000 0.100 0.125 0.326 0.126 0.077 0.022 0.040 0.116 0.252 0.050 0.040 0.032 0.006 0.007 0.000 0.000 0.000 0.000 0.000 0.000 0.000 0.000 0.000 0.136 0.290 0.319 0.321 0.165 0.288 0.234 0.229 0.275 0.455 1.922 0.537 0.276 0.376 0.238 0.232 0.244 0.291 0.436 0.219 0.464 0.519 0.292 0.110 0.208 0.380 0.358 0.287 0.364 0.161 0.135 0.239 0.335 0.302 0.308 0.311
0.000 0.000 0.000 0.000 0.000 0.000 0.000 0.000 0.000 0.000 0.000 0.000 0.000 0.000 0.000 0.000 0.062 0.000 0.025 0.112 0.266 0.079 0.048 0.007 0.065 0.263 0.200 0.005 0.022 0.000 0.045 0.000 0.000 0.000 0.000 0.000 0.000 0.000 0.000 0.000 0.122 0.208 0.172 0.121 0.329 0.244 0.216 0.169 0.212 0.244 0.458 1.923 0.500 0.309 0.331 0.266 0.355 0.389 0.351 0.243 0.186 0.548 0.098 0.244 0.321 0.361 0.384 0.204 0.243 0.511 0.342 0.426 0.484 0.264 0.171 0.277 0.428
0.000 0.000 0.000 0.000 0.000 0.000 0.000 0.000 0.000 0.000 0.000 0.000 0.000 0.000 0.000 0.023 0.168 0.059 0.094 0.152 0.235 0.038 0.126 0.037 0.119 0.223 0.206 0.148 0.077 0.013 0.000 0.000 0.000 0.000 0.000 0.000 0.000 0.000 0.000 0.004 0.111 0.196 0.250 0.169 0.379 0.427 0.203 0.193 0.251 0.306 0.741 1.859 0.512 0.313 0.257 0.421 0.209 0.315 0.294 0.335 0.566 0.268 0.089 0.320 0.241 0.182 0.291 0.151 0.378 0.265 0.483 0.325 0.262 0.258 0.231 0.336 0.537
0.000 0.000 0.000 0.000 0.000 0.000 0.000 0.000 0.000 0.000 0.000 0.000 0.000 0.000 0.000 0.000 0.169 0.103 0.156 0.255 0.247 0.060 0.151 0.072 0.013 0.245 0.206 0.034 0.011 0.008 0.000 0.000 0.000 0.000 0.000 0.000 0.000 0.000 0.005 0.088 0.139 0.197 0.341 0.236 0.251 0.440 0.424 0.200 0.330 0.393 1.438 1.531 0.433 0.258 0.217 0.497 0.343 0.207 0.116 0.276 0.536 0.168 0.194 0.287 0.118 0.176 0.196 0.220 0.438 0.244 0.438 0.313 0.205 0.286 0.281 0.512 0.255
0.000 0.000 0.000 0.000 0.000 0.000 0.000 0.000 0.000 0.000 0.000 0.000 0.000 0.000 0.000 0.036 0.080 0.087 0.096 0.126 0.329 0.223 0.168 0.019 0.090 0.280 0.089 0.009 0.052 0.008 0.009 0.000 0.000 0.000 0.000 0.000 0.000 0.000 0.137 0.216 0.141 0.204 0.416 0.377 0.242 0.220 0.333 0.426 0.453 0.588 1.881 0.686 0.338 0.221 0.296 0.483 0.234 0.181 0.244 0.227 0.524 0.104 0.093 0.144 0.086 0.185 0.269 0.422 0.290 0.289 0.340 0.190 0.271 0.536 0.572 0.488 0.226
0.000 0.000 0.000 0.000 0.000 0.000 0.000 0.000 0.000 0.000 0.000 0.000 0.006 0.000 0.000 0.189 0.095 0.028 0.187 0.197 0.209 0.285 0.238 0.074 0.136 0.278 0.074 0.000 0.130 0.009 0.033 0.000 0.000 0.000 0.000 0.000 0.000 0.052 0.073 0.131 0.184 0.209 0.180 0.340 0.397 0.357 0.488 0.447 0.564 1.617 1.569 0.437 0.307 0.137 0.342 0.421 0.220 0.345 0.260 0.388 0.536 0.160 0.096 0.298 0.378 0.438 0.423 0.196 0.210 0.323 0.256 0.394 0.488 0.320 0.292 0.345 0.346
0.000 0.000 0.000 0.000 0.000 0.000 0.000 0.000 0.000 0.000 0.009 0.053 0.148 0.244 0.189 0.191 0.097 0.053 0.114 0.104 0.074 0.165 0.343 0.254 0.175 0.221 0.030 0.043 0.091 0.038 0.015 0.072 0.000 0.000 0.000 0.000 0.006 0.120 0.232 0.286 0.291 0.242 0.269 0.246 0.424 0.480 0.413 0.485 1.281 1.804 0.330 0.231 0.213 0.380 0.778 0.671 0.581 0.629 0.664 0.682 0.295 0.151 0.384 0.294 0.298 0.233 0.297 0.199 0.263 0.237 0.451 0.453 0.271 0.299 0.367 0.280 0.211
0.000 0.000 0.000 0.000 0.000 0.000 0.000 0.000 0.000 0.000 0.015 0.263 0.125 0.078 0.043 0.092 0.134 0.000 0.059 0.161 0.086 0.292 0.368 0.099 0.085 0.284 0.150 0.035 0.032 0.038 0.029 0.018 0.030 0.076 0.026 0.062 0.107 0.210 0.178 0.217 0.425 0.450 0.420 0.442 0.333 0.404 0.450 1.231 2.100 0.736 0.437 0.566 0.710 0.720 0.269 0.296 0.585 0.407 0.211 0.472 0.380 0.429 0.360 0.133 0.157 0.194 0.250 0.216 0.294 0.506 0.383 0.214 0.253 0.395 0.275 0.278 0.254
0.000 0.000 0.000 0.000 0.000 0.000 0.000 0.005 0.000 0.000 0.057 0.099 0.000 0.000 0.006 0.220 0.087 0.079 0.158 0.155 0.123 0.347 0.269 0.146 0.301 0.199 0.054 0.020 0.033 0.034 0.061 0.086 0.203 0.213 0.146 0.110 0.083 0.117 0.299 0.366 0.326 0.235 0.249 0.303 0.602 1.489 1.765 1.823 0.734 0.601 0.574 0.432 0.236 0.177 0.253 0.425 0.309 0.286 0.221 0.472 0.247 0.232 0.370 0.343 0.237 0.157 0.233 0.353 0.571 0.572 0.507 0.370 0.481 0.474 0.273 0.226 0.427
0.000 0.000 0.000 0.000 0.000 0.000 0.000 0.023 0.206 0.102 0.050 0.087 0.059 0.013 0.036 0.223 0.064 0.035 0.152 0.108 0.252 0.407 0.181 0.215 0.234 0.133 0.034 0.067 0.045 0.076 0.118 0.156 0.112 0.138 0.206 0.116 0.130 0.211 0.305 0.291 0.182 0.249 0.284 1.412 1.971 1.381 0.514 0.460 0.694 0.493 0.473 0.439 0.442 0.406 0.473 0.287 0.228 0.219 0.471 0.491 0.205 0.263 0.155 0.255 0.402 0.451 0.515 0.461 0.387 0.236 0.411 0.471 0.284 0.221 0.325 0.381 0.442
0.000 0.000 0.000 0.000 0.000 0.000 0.000 0.186 0.115 0.033 0.113 0.184 0.244 0.027 0.103 0.108 0.153 0.048 0.140 0.123 0.447 0.273 0.066 0.255 0.312 0.172 0.062 0.111 0.150 0.265 0.259 0.250 0.205 0.177 0.264 0.224 0.308 0.265 0.326 0.324 0.242 0.264 1.156 1.782 0.545 0.249 0.377 0.712 0.532 0.512 0.311 0.449 0.323 0.420 0.257 0.292 0.337 0.445 0.518 0.305 0.215 0.314 0.202 0.182 0.191 0.308 0.333 0.197 0.253 0.217 0.270 0.228 0.229 0.250 0.312 0.365 0.186
0.000 0.000 0.000 0.048 0.000 0.000 0.055 0.192 0.000 0.000 0.000 0.000 0.226 0.141 0.197 0.037 0.201 0.258 0.259 0.208 0.456 0.191 0.183 0.377 0.125 0.091 0.130 0.159 0.191 0.151 0.078 0.125 0.254 0.166 0.096 0.086 0.182 0.337 0.479 0.426 0.441 0.479 1.692 0.772 0.404 0.325 0.501 0.722 0.457 0.413 0.334 0.416 0.245 0.395 0.315 0.253 0.377 0.530 0.296 0.219 0.326 0.194 0.319 0.312 0.238 0.408 0.339 0.272 0.272 0.291 0.319 0.339 0.290 0.289 0.376 0.376 0.332
0.000 0.000 0.000 0.028 0.177 0.135 0.037 0.166 0.000 0.112 0.014 0.000 0.127 0.178 0.271 0.193 0.167 0.058 0.128 0.277 0.471 0.178 0.148 0.322 0.082 0.240 0.231 0.091 0.088 0.262 0.247 0.193 0.184 0.230 0.099 0.296 0.501 0.365 0.224 0.205 0.285 0.382 1.421 1.370 0.527 0.410 0.328 0.483 0.571 0.363 0.265 0.302 0.253 0.350 0.307 0.509 0.482 0.395 0.339 0.261 0.207 0.227 0.209 0.238 0.419 0.317 0.318 0.314 0.502 0.515 0.515 0.482 0.437 0.429 0.259 0.184 0.324
