Data/res-0290.Qx
ncols         434
nrows         491
xllcorner     1194547.500000
yllcorner     -584471.000000
cellsize      25.000000
NODATA_value  -9999.000000
[rows 272 to 305 of 491, columns 152 to 227 of 434]
-0.007 -0.037 -0.074 -0.129 -0.221 -0.004 0.511 0.150 0.103 0.085 0.079 0.080 0.095 0.105 0.135 0.133 0.137 0.111 0.069 0.061 0.149 0.155 0.191 0.047 0.031 0.028 0.061 0.125 0.061 0.061 0.098 0.114 0.113 0.023 0.023 0.093 0.048 0.003 0.004 0.019 0.148 0.129 0.113 0.124 0.110 0.079 0.035 0.058 0.053 0.033 0.047 0.064 0.132 0.118 0.190 0.191 0.119 0.079 0.147 0.154 0.374 0.156 0.149 0.133 0.134 0.133 0.128 0.319 0.192 0.060 0.053 0.087 0.220 0.139 0.148 0.155
-0.041 -0.065 -0.074 -0.091 -0.058 -0.003 11.398 0.008 0.069 0.094 0.085 0.112 0.106 0.102 0.068 0.061 0.064 0.120 0.168 0.185 0.199 0.195 0.167 0.206 0.213 0.206 0.133 0.088 0.083 0.086 0.088 0.169 0.163 0.122 0.131 0.081 0.017 0.003 0.001 0.056 0.090 0.039 0.014 0.010 0.010 0.036 0.236 0.673 0.281 0.220 0.075 0.051 0.047 0.068 0.083 0.077 0.092 0.160 0.238 0.176 0.080 0.105 0.103 0.103 0.138 0.193 0.245 0.045 0.040 0.003 0.003 0.008 0.248 0.350 0.204 0.153
0.034 -0.006 -0.064 -0.071 -0.061 -0.065 0.282 0.179 0.148 0.092 0.116 0.156 0.106 0.068 0.060 0.076 0.090 0.092 0.107 0.108 0.107 0.086 0.073 0.091 0.078 0.071 0.089 0.070 0.074 0.076 0.055 0.047 0.029 0.074 0.035 0.030 0.022 0.029 0.067 0.117 0.018 0.028 0.030 0.014 0.007 0.334 0.201 0.122 0.202 0.222 0.258 0.225 0.208 0.234 0.188 0.241 0.196 0.192 0.135 0.220 0.277 0.297 0.298 0.440 0.377 0.198 0.082 0.066 0.050 0.027 0.024 0.036 0.087 0.194 0.342 0.116
-0.003 0.047 -0.018 -0.078 -0.097 -0.136 -0.011 10.910 0.045 0.163 0.127 0.055 0.046 0.042 0.062 0.061 0.057 0.058 0.054 0.061 0.090 0.086 0.081 0.113 0.120 0.121 0.144 0.157 0.107 0.106 0.021 0.033 0.067 0.071 0.066 0.055 0.059 0.065 0.134 0.075 0.074 0.045 0.024 0.039 0.106 0.008 0.009 0.102 0.359 0.412 0.492 0.524 0.324 0.183 0.133 0.269 0.300 0.209 0.200 0.098 0.061 0.108 0.101 0.034 0.035 0.059 0.058 0.050 0.047 0.056 0.041 0.029 0.093 0.074 0.052 0.300
-0.013 0.007 0.044 -0.086 -0.124 -0.115 -0.087 0.440 0.139 0.126 0.085 0.022 0.021 0.034 0.026 0.033 0.036 0.038 0.049 0.058 0.135 0.076 0.073 0.080 0.077 0.075 0.071 0.052 0.026 0.025 0.077 0.077 0.117 0.111 0.157 0.194 0.193 0.192 0.109 0.077 0.059 0.079 0.118 0.104 0.156 0.000 0.000 0.008 0.047 0.048 0.044 0.041 0.217 0.249 0.205 0.093 0.075 0.087 0.244 0.075 0.095 0.108 0.089 0.044 0.058 0.052 0.062 0.026 0.026 0.028 0.040 0.063 0.076 0.087 0.060 0.057
0.024 -0.018 -0.027 -0.049 -0.135 -0.169 -0.241 -0.022 9.434 0.003 0.026 0.030 0.029 0.021 0.016 0.011 0.005 0.003 0.003 0.004 0.019 0.109 0.092 0.082 0.073 0.055 0.054 0.047 0.131 0.130 0.172 0.105 0.084 0.155 0.057 0.026 0.033 0.059 0.074 0.066 0.013 0.001 0.001 0.027 0.114 0.051 0.050 0.106 0.121 0.106 0.084 0.093 0.093 0.109 0.282 0.236 0.223 0.182 0.045 0.049 0.017 0.105 0.118 0.067 0.030 0.032 0.028 0.029 0.030 0.043 0.124 0.106 0.072 0.099 0.109 0.085
0.012 0.003 -0.010 -0.039 -0.097 -0.102 -0.067 -0.026 1.414 0.003 0.013 0.012 0.012 0.006 0.004 0.000 0.000 0.000 0.000 0.000 0.000 0.003 0.041 0.059 0.043 0.051 0.059 0.080 0.062 0.057 0.092 0.155 0.114 0.093 0.123 0.083 0.062 0.069 0.055 0.056 0.028 0.037 0.044 0.081 0.055 0.084 0.086 0.002 0.002 0.004 0.038 0.039 0.131 0.196 0.128 0.158 0.282 0.285 0.043 0.060 -0.023 0.110 0.143 0.093 0.101 0.074 0.064 0.101 0.172 0.163 0.078 0.047 0.039 0.037 0.108 0.090
0.005 -0.006 -0.113 -0.111 -0.088 -0.113 -0.140 -0.217 0.002 0.650 0.001 0.003 0.003 0.006 0.005 0.000 0.000 0.000 0.000 0.000 0.000 0.000 0.000 0.006 0.032 0.036 0.038 0.027 0.074 0.081 0.111 0.117 0.126 0.120 0.185 0.123 0.110 0.053 0.047 0.047 0.113 0.119 0.255 0.266 0.094 0.055 0.031 0.129 0.125 0.087 0.089 0.146 0.122 0.120 0.147 0.138 0.080 0.081 0.116 0.144 0.087 0.057 0.037 0.031 0.120 0.148 0.119 0.079 0.000 0.000 0.032 0.073 0.089 0.093 0.070 0.151
0.001 -0.143 -0.126 -0.120 -0.064 -0.070 -0.060 -0.017 -0.001 8.870 0.000 0.000 0.000 0.000 0.000 0.000 0.000 0.000 0.000 0.000 0.000 0.000 0.000 0.011 0.023 0.035 0.038 0.032 0.062 0.066 0.053 0.070 0.078 0.056 0.046 0.114 0.045 0.069 0.095 0.105 0.124 0.158 0.054 0.000 0.000 0.014 0.028 0.009 0.012 0.039 0.050 0.129 0.138 0.111 0.077 0.078 0.084 0.139 0.145 0.123 0.109 0.120 0.145 0.190 0.069 0.063 0.028 0.024 0.033 0.058 0.042 0.027 0.027 0.027 0.059 0.085
-0.092 -0.113 -0.065 -0.074 -0.051 -0.101 -0.071 -0.042 -0.032 0.902 0.001 0.000 0.000 -0.000 0.000 0.000 0.000 0.000 0.000 0.000 0.000 0.000 0.000 0.000 0.003 0.014 0.020 0.020 0.020 0.019 0.033 0.022 0.014 0.025 0.025 0.037 0.098 0.089 0.055 0.059 0.075 0.045 0.000 0.000 0.003 0.009 0.022 0.000 0.000 0.020 0.140 0.123 0.082 0.053 0.170 0.244 0.240 0.197 0.124 0.115 0.217 0.076 0.086 0.101 0.100 0.107 0.067 0.033 0.043 0.030 0.026 0.034 0.039 0.041 0.028 0.114
-0.191 -0.115 -0.140 -0.106 -0.158 -0.088 -0.102 -0.153 -0.221 0.026 0.135 0.001 0.001 -0.000 0.000 0.000 0.000 0.000 0.000 0.000 0.000 0.000 0.000 0.000 0.000 0.000 0.000 0.008 0.019 0.023 0.007 0.006 0.017 0.023 0.023 0.040 0.066 0.053 0.045 0.046 0.024 0.022 0.036 0.036 0.033 0.012 0.005 0.001 0.003 0.000 0.211 0.105 0.090 0.210 0.142 0.107 0.121 0.132 0.163 0.202 0.198 0.195 0.166 0.143 0.138 0.136 0.029 0.060 0.047 0.027 0.018 0.021 0.021 0.022 0.049 0.011
-0.129 -0.110 -0.146 -0.118 -0.105 -0.083 -0.067 -0.052 -0.029 -0.001 10.128 0.000 0.000 -0.000 -0.000 0.000 0.000 0.000 0.000 0.000 0.000 0.000 0.000 0.000 0.000 0.000 0.001 0.021 0.021 0.017 0.018 0.015 0.009 0.014 0.016 0.024 0.028 0.040 0.033 0.029 0.004 0.006 0.000 0.000 0.000 0.013 0.011 0.001 0.002 0.000 0.048 0.116 0.158 0.104 0.082 0.099 0.097 0.207 0.174 0.206 0.138 0.079 0.086 0.096 0.104 0.089 -0.000 0.000 0.000 0.008 0.016 0.016 0.009 0.082 0.159 0.084
-0.095 -0.088 -0.133 -0.114 -0.101 -0.088 -0.080 -0.038 -0.018 -0.026 0.102 1.904 0.000 0.000 0.000 0.000 0.000 0.000 0.000 0.000 0.000 0.000 0.000 0.000 0.000 0.000 0.000 0.002 0.004 0.006 0.006 0.011 0.010 0.011 0.017 0.013 0.014 0.017 0.029 0.009 0.006 0.004 0.007 0.007 0.007 0.005 0.011 0.010 0.011 0.022 0.079 0.062 0.092 0.100 0.102 0.093 0.056 0.090 0.082 0.191 0.203 0.149 0.176 0.132 0.087 0.061 0.237 0.153 0.140 0.140 0.085 0.073 0.281 0.204 0.085 0.077
-0.072 -0.239 -0.145 -0.155 -0.088 -0.068 -0.048 -0.049 -0.022 -0.015 -0.000 8.459 0.426 0.000 0.000 0.000 0.000 0.000 0.000 0.000 0.000 0.000 0.000 0.000 0.000 0.000 0.000 0.001 0.000 0.000 0.000 0.005 0.008 0.010 0.008 0.008 0.007 0.008 0.006 0.006 0.004 0.004 0.000 0.000 0.000 0.001 0.000 0.017 0.049 0.062 0.003 0.032 0.087 0.082 0.135 0.188 0.247 0.136 0.132 0.135 0.088 0.087 0.263 0.286 0.294 0.311 0.391 0.092 0.021 0.020 0.138 0.217 0.008 0.011 0.070 0.078
-0.031 -0.129 -0.082 -0.083 -0.094 -0.111 -0.085 -0.038 -0.030 -0.011 0.000 0.000 9.087 0.045 0.000 0.000 0.000 0.000 0.000 0.000 0.000 0.000 0.000 0.000 0.000 0.000 0.000 0.000 0.000 0.000 0.000 0.000 0.001 0.005 0.005 0.004 0.006 0.008 0.002 0.003 0.008 0.002 0.000 0.000 0.000 0.000 0.000 0.023 -0.005 0.007 -0.315 0.037 0.148 0.127 0.104 0.108 0.136 0.151 0.253 0.092 0.106 0.129 0.008 0.034 0.041 0.042 0.057 0.183 0.196 0.183 0.171 0.054 0.042 0.036 0.078 0.067
-0.086 -0.031 -0.026 -0.095 -0.137 -0.095 -0.095 -0.117 -0.156 -0.196 -0.299 -0.341 0.509 9.831 0.014 0.000 0.000 0.000 0.000 0.000 0.000 0.000 0.000 0.000 0.000 0.000 0.000 0.000 0.000 0.000 0.000 -0.000 0.000 -0.000 0.001 0.003 0.004 0.004 0.004 0.003 0.000 0.000 0.000 0.000 0.000 0.000 0.000 0.000 0.003 -0.016 0.017 -0.400 0.040 0.077 0.105 0.055 0.115 0.112 0.065 0.098 0.112 0.124 0.006 0.025 0.035 0.029 0.022 0.501 0.594 0.609 0.244 0.236 0.223 0.216 0.105 0.066
-0.045 0.075 -0.190 -0.086 -0.099 -0.072 -0.101 -0.112 -0.110 -0.096 -0.033 0.000 0.000 -0.092 9.771 9.531 0.010 0.000 0.000 0.000 0.000 0.000 0.000 0.000 0.000 0.000 0.000 0.000 0.000 0.000 0.000 -0.000 0.001 0.000 0.001 0.000 0.000 0.000 0.000 0.002 0.000 0.000 0.000 0.000 0.006 0.010 0.034 0.004 0.006 0.002 -0.001 0.002 0.066 0.150 0.072 0.052 0.042 0.073 0.062 0.098 0.134 0.037 0.037 0.005 0.015 0.013 0.005 0.042 0.006 0.001 0.035 0.045 0.033 0.031 0.039 0.023
-0.173 -0.090 -0.080 -0.093 -0.041 -0.071 -0.079 -0.098 -0.065 -0.048 -0.008 0.000 -0.238 0.000 0.000 0.253 9.775 9.764 0.061 0.000 0.000 0.000 0.000 0.000 0.000 0.000 0.000 0.000 0.000 0.000 0.000 -0.000 0.004 0.002 0.000 0.000 0.000 0.000 0.000 0.000 0.000 0.000 0.000 0.000 -0.002 0.000 0.008 0.017 0.024 0.054 0.023 0.206 0.136 0.069 0.063 0.063 0.070 0.110 0.074 0.034 0.011 0.015 0.029 0.034 0.000 0.000 0.118 0.025 0.039 0.029 0.275 0.274 0.113 0.030 0.030 0.034
-0.113 -0.366 -0.095 -0.021 -0.034 -0.051 -0.053 -0.024 -0.008 -0.009 -0.238 -0.238 0.000 0.000 0.000 0.000 0.000 0.021 9.723 9.757 0.106 0.000 0.000 0.000 0.000 0.000 0.000 0.000 0.000 0.000 0.000 -0.001 0.000 0.000 -0.000 0.000 0.000 0.000 0.000 0.000 0.000 0.000 0.000 0.000 -0.004 -0.000 0.025 0.017 0.016 0.017 0.027 0.035 0.051 0.091 0.109 0.145 0.147 0.063 0.064 0.062 0.099 0.115 0.102 0.140 0.135 0.159 0.191 0.030 0.015 0.016 0.043 0.070 0.241 0.175 0.090 0.084
-0.063 -0.038 -0.040 -0.049 -0.110 -0.071 -0.021 -0.030 -0.062 -0.230 -0.001 0.000 0.000 0.000 0.000 0.000 0.000 0.000 0.000 0.028 9.678 9.785 9.358 0.000 0.000 0.000 0.000 0.000 0.000 0.000 0.000 0.002 0.000 0.000 0.000 0.000 0.000 0.000 0.000 0.000 0.000 0.000 0.000 0.000 0.000 0.001 0.002 0.008 0.012 0.017 0.040 0.049 0.090 0.080 0.063 0.059 0.066 0.104 0.088 0.106 0.075 0.087 0.073 0.013 0.017 0.068 0.006 0.020 0.011 0.017 0.024 0.024 0.032 0.171 0.031 0.032
0.025 -0.030 -0.037 -0.081 -0.074 -0.067 -0.103 -0.177 -0.165 -0.000 0.000 0.000 0.000 0.000 0.000 0.000 0.000 0.000 0.000 0.000 0.000 0.000 0.427 9.757 0.000 0.000 0.000 0.000 0.000 0.000 0.000 0.005 0.000 0.000 0.000 0.000 0.000 0.000 0.000 0.000 0.000 0.000 0.000 0.000 -0.001 -0.001 -0.003 0.005 0.068 0.099 0.143 0.117 0.342 0.286 0.272 0.186 0.081 0.072 0.064 0.148 0.107 0.122 0.094 0.017 0.008 0.139 0.057 0.042 0.004 0.001 0.001 0.017 0.032 0.029 0.098 0.067
0.018 -0.228 -0.105 -0.058 -0.002 -0.015 -0.065 -0.003 -0.001 0.000 0.000 0.000 0.000 0.000 0.000 0.000 0.000 0.000 0.000 0.000 0.000 0.000 0.000 0.028 0.507 0.000 0.000 0.000 0.000 0.000 0.000 0.000 0.000 0.000 0.000 0.000 0.000 0.000 0.000 0.000 0.000 0.000 0.000 0.000 0.000 0.001 -0.009 0.027 0.063 0.123 0.120 0.096 0.006 0.024 0.040 0.049 0.063 0.119 0.238 0.086 0.049 0.038 0.057 0.176 0.177 0.000 0.000 0.000 0.062 0.008 0.010 0.011 0.015 0.023 0.181 0.261
-0.027 -0.003 -0.015 -0.012 -0.002 -0.010 -0.002 0.000 0.000 0.000 0.000 0.000 0.000 0.000 0.000 0.000 0.000 0.000 0.000 0.000 0.000 0.000 0.000 0.000 9.263 0.000 0.000 0.000 0.000 0.000 0.000 0.000 0.000 0.000 0.000 0.000 0.000 0.000 6.230 6.230 6.230 0.004 0.000 0.000 0.000 0.004 0.007 0.057 0.029 0.069 0.200 0.230 0.010 0.073 0.115 0.199 0.242 0.210 0.166 0.146 0.112 0.132 0.088 0.000 0.000 0.000 0.000 0.000 0.000 0.068 0.067 0.064 0.059 0.076 0.085 0.051
-0.000 0.035 -0.010 0.004 0.029 -0.033 0.011 0.000 0.000 -0.000 0.000 0.000 0.000 0.000 0.000 0.000 0.000 0.000 0.000 0.000 0.000 0.000 0.000 0.000 0.015 9.784 2.013 1.471 0.679 0.499 0.075 0.000 0.000 0.000 0.000 0.000 0.000 0.000 0.000 0.000 0.000 5.578 0.198 0.000 0.000 0.036 0.136 0.073 0.015 -0.046 0.136 0.768 0.170 0.132 0.182 0.202 0.215 0.142 0.053 0.038 0.061 0.011 0.006 0.012 0.029 0.000 0.000 0.004 0.004 0.000 0.000 0.000 0.003 0.001 0.000 0.003
-0.032 0.124 0.112 0.131 -0.059 -0.044 -0.019 -0.002 -0.002 -0.001 0.000 0.000 0.000 0.000 0.000 0.000 0.000 0.000 0.000 0.000 0.000 0.000 0.000 0.000 0.000 0.001 7.772 8.314 9.106 9.282 0.323 0.384 1.664 0.000 0.000 0.000 0.000 0.000 0.000 0.000 0.000 0.072 2.693 0.426 0.429 2.140 2.699 2.519 2.461 2.321 1.669 0.227 0.178 0.171 0.191 0.180 0.165 0.125 0.097 0.062 0.010 0.000 0.000 0.012 0.000 0.000 0.000 0.000 0.000 0.000 -0.000 0.000 0.000 -0.000 -0.017 -0.003
-0.352 0.044 0.055 0.048 0.002 -0.000 -0.000 0.000 0.000 0.000 0.000 0.000 0.000 0.000 0.000 0.000 0.000 0.000 0.000 0.000 0.000 0.000 0.000 0.000 0.000 0.000 0.000 0.000 0.000 -0.001 4.714 5.845 4.565 6.230 6.230 0.000 0.000 6.230 0.000 0.000 -0.000 0.577 3.339 5.804 5.793 4.032 3.209 0.196 0.139 0.134 0.204 0.047 0.069 0.084 0.097 0.124 0.017 0.020 0.006 0.010 0.011 0.034 0.034 0.014 0.005 0.004 0.004 0.000 0.000 0.000 0.000 0.000 0.005 0.008 0.027 0.056
0.001 0.016 0.031 0.039 0.157 0.035 -0.002 0.004 0.002 0.000 0.000 0.000 0.000 0.000 0.000 0.000 0.000 0.000 0.000 0.000 0.000 0.000 0.000 0.000 0.000 0.000 0.000 0.000 0.000 -0.085 1.128 0.000 0.000 0.000 0.000 6.230 6.230 0.000 0.000 0.000 0.000 0.000 0.000 0.000 0.008 0.001 -0.020 0.012 0.051 0.040 0.062 0.682 0.166 0.073 0.054 0.027 0.032 0.004 0.008 0.042 0.057 0.000 0.000 0.000 0.002 0.002 0.001 0.001 0.001 0.001 0.006 0.006 0.000 0.000 0.009 0.001
0.079 0.078 0.139 -0.027 -0.007 0.051 0.024 0.010 0.000 -0.000 0.000 0.000 0.000 0.000 0.000 0.000 0.000 0.000 0.000 0.000 0.000 0.000 0.000 0.000 0.000 0.000 0.000 0.000 0.000 -3.455 0.000 0.000 0.000 0.000 0.000 0.000 0.000 0.000 0.000 0.000 0.000 0.000 0.000 0.000 0.000 0.002 0.045 0.003 0.047 0.086 0.132 0.230 0.682 0.618 0.135 0.042 0.024 0.015 0.020 0.026 0.000 0.000 0.002 0.002 0.003 0.004 0.005 0.006 0.006 0.006 0.000 0.000 0.000 0.000 0.008 0.010
0.055 0.015 -0.000 -0.133 -0.038 -0.024 -0.013 -0.014 -0.002 0.000 -0.000 0.000 0.000 0.000 0.000 0.000 0.000 0.000 0.000 0.000 0.000 0.000 0.000 0.000 0.000 0.000 0.000 0.000 -3.544 -0.000 0.000 0.000 0.000 0.000 0.000 0.000 0.000 0.000 0.000 0.000 0.000 0.000 0.000 0.000 0.000 0.000 -0.005 3.064 2.773 0.038 0.079 0.069 0.065 0.036 0.308 0.227 0.101 0.124 0.094 0.014 0.002 0.002 0.000 0.000 0.000 0.000 0.000 0.000 0.000 0.000 0.000 0.000 0.000 0.002 0.004 0.009
0.052 0.040 -0.226 -0.059 -0.086 -0.065 -0.012 -0.000 -0.000 -0.001 0.000 0.000 0.000 0.000 0.000 0.000 0.000 0.000 0.000 0.000 0.000 0.000 0.000 0.000 0.000 0.000 0.000 -0.012 -0.002 0.000 0.000 0.000 0.000 0.000 0.000 0.000 0.000 0.000 0.000 0.000 0.000 -0.002 -0.003 -0.005 -0.012 -0.040 -0.019 -0.022 0.215 2.853 0.034 0.075 0.055 0.054 0.055 0.065 0.144 0.017 0.000 0.000 0.000 0.001 0.000 0.000 0.000 0.000 0.000 0.000 0.000 0.000 0.000 -0.000 0.000 0.000 0.006 0.000
-0.337 -0.253 -0.051 -0.011 -0.020 -0.001 -0.007 -0.002 -0.001 0.000 0.000 0.000 0.000 0.000 0.000 0.000 0.000 0.000 0.000 0.000 0.000 0.000 0.000 0.000 0.000 0.000 -3.397 -3.534 0.000 0.000 0.000 0.000 0.000 0.000 0.000 0.000 0.000 0.000 0.000 0.000 0.000 0.002 -0.006 -0.010 -0.020 -0.012 -0.002 -0.002 -0.003 0.014 2.740 0.062 0.045 0.022 0.022 0.026 0.014 0.073 0.000 0.000 0.000 0.000 0.000 0.000 0.000 0.000 0.000 0.000 0.000 0.000 0.000 0.000 0.000 0.039 0.012 0.016
-0.047 -0.073 -0.034 0.037 0.133 -0.000 0.000 0.000 -0.000 -0.000 0.000 0.000 0.000 0.000 0.000 0.000 0.000 0.000 0.000 0.000 0.000 0.000 0.000 -0.047 -3.546 -3.545 -0.148 0.000 0.000 0.000 0.000 0.000 0.000 0.000 0.000 0.000 0.000 0.000 0.000 0.000 0.000 0.000 -0.002 -0.016 -0.017 -0.010 0.007 -0.014 -0.009 0.005 -0.044 2.527 0.001 0.002 0.000 -0.001 0.000 0.000 0.007 0.000 0.000 0.000 0.000 0.000 0.000 0.000 0.000 0.000 0.000 0.000 0.000 0.000 0.000 0.000 0.000 0.001
-0.058 -0.055 -0.051 0.009 0.004 0.081 0.007 -0.000 0.000 0.000 0.000 0.000 0.000 0.000 0.000 0.000 0.000 0.000 0.000 0.000 0.000 0.000 -3.546 -3.499 0.000 0.000 0.000 0.000 0.000 0.000 0.000 0.000 0.000 0.000 0.000 0.000 0.000 0.000 0.000 0.000 0.000 -0.003 -0.007 -0.008 -0.020 -0.030 -0.017 -0.015 -0.029 -0.039 -0.042 -0.025 0.038 0.025 -0.003 -0.011 0.000 0.000 0.057 0.000 0.000 0.000 0.000 0.000 0.000 0.000 0.000 0.000 0.000 0.000 0.000 0.069 0.069 0.002 0.000 0.000
-0.036 -0.044 -0.053 -0.024 -0.114 -0.020 0.003 0.009 -0.000 -0.000 0.000 0.000 0.000 0.000 0.000 0.000 0.000 0.000 0.000 0.000 0.000 -3.537 0.000 0.000 0.000 0.000 0.000 0.000 0.000 0.000 0.000 0.000 0.000 0.000 0.000 0.000 0.000 0.000 0.000 -0.000 -0.004 -0.004 -0.008 -0.002 -0.007 -0.031 -0.037 -0.011 -0.004 -0.038 -0.026 -0.022 2.461 2.484 -0.001 0.000 0.000 0.000 0.000 0.064 0.000 0.000 0.000 0.000 0.000 0.000 0.000 0.000 0.000 0.044 0.052 0.000 0.000 0.024 0.025 0.026
