Data/res-0030.Qy
ncols         433
nrows         492
xllcorner     1194560.000000
yllcorner     -584483.500000
cellsize      25.000000
NODATA_value  -9999.000000
[rows 198 to 230 of 492, columns 152 to 227 of 433]
4.862 11.777 0.000 0.000 0.000 0.000 0.000 0.000 0.000 -0.001 0.000 0.000 0.000 0.000 0.000 0.000 0.000 0.000 0.000 0.000 0.000 0.000 0.000 0.000 0.000 0.000 0.000 0.000 0.000 0.000 0.000 0.000 0.000 0.000 0.000 -0.001 -0.001 -0.000 0.000 0.000 0.000 0.000 0.000 0.000 0.000 0.000 0.000 0.000 0.000 0.000 0.000 0.000 0.000 0.000 0.000 0.000 0.000 0.000 0.000 0.000 0.000 0.000 0.000 0.000 0.000 0.000 0.000 0.000 0.000 0.000 0.000 0.000 -0.000 0.000 -0.017 -0.116
10.049 6.590 0.000 0.000 0.000 0.000 0.000 0.000 -0.028 0.016 0.011 0.000 0.000 0.000 0.000 0.000 0.000 0.000 0.000 0.000 0.000 0.000 0.000 0.000 0.000 0.000 0.000 0.000 0.000 0.000 0.000 0.000 0.000 0.000 -0.001 -0.001 -0.000 -0.000 0.000 0.000 0.000 0.000 0.000 0.000 0.000 0.000 0.000 0.000 0.000 0.000 0.000 0.000 0.000 0.000 0.000 0.000 0.000 0.000 0.000 0.000 0.000 0.000 0.000 0.000 0.000 0.000 0.000 0.000 0.000 0.000 0.000 0.000 -0.008 -0.035 -0.093 -0.165
9.032 7.607 0.000 0.000 0.000 -0.002 -0.015 -0.028 -0.038 0.066 0.016 0.000 0.000 0.000 0.000 0.000 0.000 0.000 0.000 0.000 0.000 0.000 0.000 0.000 0.000 0.000 0.000 0.000 0.000 0.000 0.000 0.000 0.000 0.000 -0.002 -0.000 0.000 0.000 0.000 0.000 0.000 0.000 0.000 0.000 0.000 0.000 0.000 0.000 0.000 0.000 0.000 0.000 0.000 0.000 0.000 0.000 0.000 0.000 0.000 0.000 0.000 0.000 0.000 0.000 0.000 0.000 0.000 0.000 0.000 0.000 0.000 0.000 -0.009 -0.046 -0.093 -0.119
0.000 10.239 2.750 -0.137 -9.983 -1.988 -0.541 -0.004 0.099 14.445 1.757 0.000 0.000 0.000 0.000 0.000 0.000 0.000 0.000 0.000 0.000 0.000 0.000 0.000 0.000 0.000 0.000 0.000 0.000 0.000 0.000 0.000 0.000 -0.001 -0.001 -0.000 0.000 0.000 0.000 0.000 0.000 0.000 0.000 0.000 0.000 0.000 0.000 0.000 0.000 0.000 0.000 0.000 0.000 0.000 0.000 0.000 0.000 0.000 0.000 0.000 0.000 0.000 0.000 0.000 0.000 0.000 0.000 0.000 0.000 0.000 0.000 0.000 -0.018 -0.041 -0.037 -0.160
0.000 0.002 -0.001 -0.000 0.000 0.038 -0.038 0.000 0.000 0.012 15.292 1.331 0.000 0.000 0.000 0.000 0.000 0.000 0.000 0.000 0.000 0.000 0.000 0.000 0.000 0.000 0.000 0.000 0.000 0.000 0.000 0.000 -0.001 -0.001 -0.001 -0.000 0.000 0.000 0.000 0.000 0.000 0.000 0.000 0.000 0.000 0.000 0.000 0.000 0.000 0.000 0.000 0.000 0.000 0.000 0.000 0.000 0.000 0.000 0.000 0.000 0.000 0.000 0.000 0.000 0.000 0.000 0.000 0.000 0.000 0.000 -0.000 0.000 -0.020 -0.043 -0.033 -0.170
0.000 0.000 0.000 0.000 0.000 0.000 0.000 0.000 0.000 0.014 9.820 6.800 0.000 0.000 0.000 0.000 0.000 0.000 0.000 0.000 0.000 0.000 0.000 0.000 0.000 0.000 0.000 0.000 0.000 0.000 0.000 -0.001 -0.001 -0.001 -0.000 -0.000 0.000 0.000 0.000 0.000 0.000 0.000 0.000 0.000 0.000 0.000 0.000 0.000 0.000 0.000 0.000 0.000 0.000 0.000 0.000 0.000 0.000 0.000 0.000 0.000 0.000 0.000 0.000 0.000 0.000 0.000 0.000 0.000 0.000 0.000 0.000 -0.036 -0.116 -0.074 -0.078 -0.072
0.000 0.000 0.000 0.000 0.000 0.000 0.000 0.000 0.000 0.015 13.894 2.726 0.000 0.000 0.000 0.000 0.000 0.000 0.000 0.000 0.000 0.000 0.000 0.000 0.000 0.000 0.000 0.000 0.000 0.000 -0.002 -0.001 -0.000 0.000 -0.000 0.000 0.000 0.000 0.000 0.000 0.000 0.000 0.000 0.000 0.000 0.000 0.000 0.000 0.000 0.000 0.000 0.000 0.000 0.000 0.000 0.000 0.000 0.000 0.000 0.000 0.000 0.000 0.000 0.000 0.000 0.000 0.000 0.000 0.000 0.000 0.000 -0.100 -0.065 -0.080 -0.088 -0.075
0.000 0.000 0.000 0.000 0.000 0.000 0.000 0.000 0.003 0.175 16.454 0.002 0.000 0.000 0.000 0.000 0.000 0.000 0.000 0.000 0.000 0.000 0.000 0.000 0.000 0.000 0.000 0.000 0.000 -0.003 -0.002 -0.000 0.000 0.001 0.000 0.000 0.000 0.000 0.000 0.000 0.000 0.000 0.000 0.000 0.000 0.000 0.000 0.000 0.000 0.000 0.000 0.000 0.000 0.000 0.000 0.000 0.000 0.000 0.000 0.000 0.000 0.000 0.000 0.000 0.000 0.000 0.000 0.000 -0.003 -0.031 -0.076 -0.015 -0.076 -0.054 -0.124 -0.099
0.000 0.000 0.000 0.000 0.000 0.000 0.000 0.000 0.006 15.177 1.451 0.000 0.000 0.000 0.000 0.000 0.000 0.000 0.000 0.000 0.000 0.000 0.000 0.000 0.000 0.000 0.000 0.000 -0.003 -0.002 -0.002 0.000 0.002 0.002 0.000 0.000 0.000 0.000 0.000 0.000 0.000 0.000 0.000 0.000 0.000 0.000 0.000 0.000 0.000 0.000 0.000 0.000 0.000 0.000 0.000 0.000 0.000 0.000 0.000 0.000 0.000 0.000 0.000 0.000 0.000 0.000 -0.000 -0.002 -0.002 -0.044 -0.066 -0.016 -0.099 -0.054 -0.118 -0.175
0.000 0.000 0.000 0.000 0.000 0.000 0.000 0.000 0.025 16.587 0.021 0.000 0.000 0.000 0.000 0.000 0.000 0.000 0.000 0.000 0.000 0.000 0.000 0.000 0.000 0.000 0.000 -0.004 -0.003 -0.002 -0.001 0.001 0.002 0.002 0.001 0.000 0.000 0.000 0.000 0.000 0.000 0.000 0.000 0.000 0.000 0.000 0.000 0.000 0.000 0.000 0.000 0.000 0.000 0.000 0.000 0.000 0.000 0.000 -0.000 0.000 0.000 0.000 -0.000 0.000 0.000 0.000 -0.003 0.000 -0.002 -0.055 -0.047 -0.062 -0.102 -0.051 -0.123 -0.186
0.000 0.000 0.000 0.000 0.000 0.000 0.000 0.000 0.213 16.412 0.007 0.000 0.000 0.000 0.000 0.000 0.000 0.000 0.000 0.000 0.000 0.000 0.000 0.000 0.000 0.000 -0.003 -0.004 -0.004 -0.003 -0.001 0.002 0.003 0.003 0.002 0.000 0.000 0.000 0.000 0.000 0.000 0.000 0.000 0.000 0.000 0.000 0.000 0.000 0.000 0.000 0.000 0.000 0.000 0.000 0.000 0.000 0.000 0.000 -0.000 0.000 0.000 0.000 -0.000 0.000 0.000 0.000 -0.003 0.000 -0.002 -0.073 -0.042 -0.050 -0.143 -0.089 -0.108 -0.178
0.000 0.000 0.000 0.000 0.000 0.000 0.000 0.000 1.215 15.417 0.000 0.000 0.000 0.000 0.000 0.000 0.000 0.000 0.000 0.000 0.000 0.000 0.000 0.000 0.000 0.000 -0.005 -0.005 -0.006 -0.004 0.000 0.003 0.004 0.004 0.002 0.002 0.000 0.000 0.000 0.000 0.000 0.000 0.000 0.000 0.000 0.000 0.000 0.000 0.000 0.000 0.000 0.000 0.000 0.000 0.000 0.000 0.000 0.000 0.000 -0.001 0.000 0.000 -0.008 0.000 0.000 0.000 0.002 -0.006 -0.014 -0.053 -0.053 -0.055 -0.115 -0.168 -0.153 -0.276
0.000 0.000 0.000 0.000 0.000 0.000 0.000 0.000 4.434 12.198 0.000 0.000 0.000 0.000 0.000 0.000 0.000 0.000 0.000 0.000 0.000 0.000 0.000 0.000 -0.000 -0.005 -0.005 -0.004 -0.006 -0.004 -0.001 0.002 0.005 0.008 0.004 0.003 0.000 0.000 0.000 0.000 0.000 0.000 0.000 0.000 0.000 0.000 0.000 0.000 0.000 0.000 0.000 0.000 0.000 0.000 0.000 0.000 0.000 0.000 0.000 -0.003 -0.003 -0.003 0.000 0.000 0.000 0.000 -0.003 -0.004 -0.040 -0.039 -0.084 -0.048 -0.110 -0.172 -0.138 -0.297
0.000 0.000 0.000 0.000 0.000 0.000 0.000 0.012 16.547 0.074 0.000 0.000 0.000 0.000 0.000 0.000 0.000 0.000 0.000 0.000 0.000 0.000 0.000 0.000 -0.006 -0.004 -0.011 -0.004 -0.004 -0.003 -0.008 -0.000 0.006 0.008 0.011 0.009 0.002 0.000 0.000 0.000 0.000 0.000 0.000 0.000 0.000 0.000 0.000 0.000 0.000 0.000 0.000 0.000 -0.000 -0.000 0.000 0.000 0.000 0.000 0.000 -0.004 -0.003 -0.001 0.000 -0.000 0.000 0.000 -0.005 -0.030 -0.032 -0.036 -0.094 -0.041 -0.111 -0.170 -0.139 -0.437
0.000 0.000 0.000 0.000 0.000 0.000 0.052 16.255 0.325 0.000 0.000 0.000 0.000 0.000 0.000 0.000 0.000 0.000 0.000 0.000 0.000 0.000 0.000 -0.000 -0.012 -0.014 -0.012 -0.011 -0.004 -0.006 -0.010 -0.005 0.007 0.015 0.023 0.016 0.006 0.000 0.000 0.000 0.000 0.000 0.000 0.000 0.000 0.000 0.000 0.000 0.000 0.000 0.000 -0.000 -0.000 0.000 -0.000 0.000 0.000 0.000 0.000 -0.012 0.000 0.003 0.000 -0.001 -0.003 -0.013 -0.012 -0.020 -0.034 -0.106 -0.045 -0.077 -0.085 -0.159 -0.185 -0.390
0.000 0.000 0.000 0.000 0.000 0.192 16.439 0.000 0.000 0.000 0.000 0.000 0.000 0.000 0.000 0.000 0.000 0.000 0.000 0.000 0.000 0.000 -0.000 -0.007 -0.014 -0.023 -0.012 -0.016 -0.016 -0.009 -0.010 -0.008 -0.001 0.018 0.027 0.032 0.011 0.002 0.004 0.004 0.010 0.002 0.000 -0.000 0.000 0.000 0.000 0.000 0.000 0.000 0.000 0.000 -0.000 0.000 -0.007 0.007 0.000 0.000 -0.008 -0.003 0.000 -0.001 0.000 0.001 -0.003 -0.029 -0.008 -0.015 -0.067 -0.092 -0.049 -0.092 -0.117 -0.186 -0.152 -0.340
0.000 0.000 0.000 0.000 0.168 16.462 0.000 0.000 0.000 0.000 0.000 0.000 0.000 0.000 0.000 0.000 0.000 0.000 0.000 0.000 0.000 -0.000 -0.008 -0.013 -0.029 -0.035 -0.022 -0.015 -0.017 -0.011 -0.014 -0.015 0.004 0.024 0.029 0.024 0.013 0.007 0.021 0.016 0.019 0.010 0.000 0.002 0.004 0.000 0.000 0.000 0.000 0.000 0.000 0.000 -0.000 -0.021 -0.010 0.030 0.000 -0.000 -0.020 -0.000 0.007 0.000 0.000 -0.009 -0.001 -0.047 -0.021 -0.027 -0.066 -0.090 -0.064 -0.081 -0.111 -0.200 -0.150 -0.273
0.000 0.000 0.000 -0.000 16.598 0.032 0.000 0.000 0.000 0.000 0.000 0.000 0.000 0.000 0.000 0.000 0.000 0.000 0.000 0.000 0.000 -0.002 -0.016 -0.029 -0.058 -0.045 -0.018 -0.013 -0.023 -0.023 -0.019 0.008 0.009 0.024 0.043 0.030 0.016 0.010 0.014 0.024 0.022 0.031 0.000 -0.007 0.013 0.000 0.000 0.000 0.000 0.000 0.000 -0.000 -0.003 -0.058 -0.030 -0.001 -0.006 -0.024 -0.004 -0.009 -0.006 -0.001 0.001 0.013 0.031 -0.014 -0.017 -0.017 -0.094 -0.106 -0.082 -0.075 -0.085 -0.224 -0.186 -0.190
0.000 0.000 0.000 1.401 15.229 0.000 0.000 0.000 0.000 0.000 0.000 0.000 0.000 0.000 0.000 0.000 0.000 0.000 0.000 0.000 0.000 -0.007 -0.040 -0.053 -0.067 -0.074 -0.017 -0.014 -0.025 -0.028 -0.009 0.013 0.027 0.034 0.057 0.015 0.010 0.017 0.020 0.029 0.037 0.023 0.020 0.001 0.006 0.018 0.000 0.000 0.000 0.000 -0.001 -0.062 -0.008 -0.017 -0.000 -0.000 -0.017 -0.017 -0.014 -0.019 -0.014 0.004 -0.004 0.006 -0.010 0.007 -0.001 -0.007 -0.119 -0.131 -0.070 -0.076 -0.127 -0.261 -0.163 -0.209
0.000 0.000 0.000 15.471 1.160 0.000 0.000 0.000 0.000 0.000 0.000 0.000 0.000 0.000 0.000 0.000 0.000 0.000 0.000 0.000 -0.004 -0.027 -0.049 -0.063 -0.078 -0.067 -0.027 -0.034 -0.044 -0.026 -0.014 0.014 0.049 0.030 0.036 0.017 0.026 0.010 0.036 0.046 0.030 0.032 0.011 0.039 0.008 0.008 0.002 -0.001 -0.003 -0.043 -0.004 -0.008 0.000 0.000 -0.000 -0.000 -0.034 -0.004 -0.043 -0.005 -0.031 -0.038 -0.011 -0.008 0.031 0.008 -0.001 -0.069 -0.090 -0.112 -0.070 -0.093 -0.199 -0.256 -0.168 -0.226
0.000 0.000 0.002 16.498 0.130 0.000 0.000 0.000 0.000 0.000 0.000 0.000 0.000 0.000 0.000 0.000 0.000 0.000 0.000 -0.000 -0.013 -0.041 -0.068 -0.101 -0.066 -0.087 -0.060 -0.048 -0.047 -0.024 -0.000 0.024 0.050 0.051 0.038 0.017 0.015 0.025 0.052 0.058 0.035 0.062 0.015 0.038 0.006 0.005 0.000 -0.014 -0.009 -0.005 -0.003 -0.005 0.000 0.000 -0.000 -0.059 -0.058 -0.037 -0.053 -0.008 -0.003 0.006 0.006 -0.011 -0.032 -0.007 0.013 -0.072 -0.111 -0.060 -0.065 -0.098 -0.247 -0.386 -0.297 -0.300
0.000 0.000 0.125 16.498 0.008 0.000 0.000 0.000 0.000 0.000 0.000 0.000 0.000 0.000 0.000 0.000 0.000 0.000 0.000 -0.001 -0.021 -0.049 -0.078 -0.117 -0.072 -0.116 -0.067 -0.055 -0.053 -0.041 -0.016 0.021 0.047 0.095 0.041 0.022 0.022 0.034 0.053 0.051 0.040 0.072 0.040 0.044 0.008 0.007 -0.015 -0.002 -0.000 0.003 0.002 0.001 0.000 -0.000 -0.050 -0.107 -0.073 -0.054 -0.027 -0.007 0.007 0.016 -0.003 -0.005 -0.004 -0.010 -0.013 -0.115 -0.064 -0.057 -0.075 -0.188 -0.213 -0.540 -0.239 -0.174
0.000 0.000 1.180 15.450 0.000 0.000 0.000 0.000 0.000 0.000 0.000 0.000 0.000 0.000 0.000 0.000 0.000 0.000 -0.001 -0.008 -0.025 -0.064 -0.113 -0.137 -0.072 -0.102 -0.082 -0.065 -0.065 -0.047 -0.024 0.011 0.040 0.105 0.044 0.035 0.033 0.037 0.081 0.047 0.043 0.090 0.053 0.042 0.009 0.001 0.015 0.001 -0.003 -0.009 0.004 0.001 -0.014 -0.015 -0.085 -0.079 -0.071 -0.046 -0.038 -0.001 0.001 0.030 -0.003 0.003 -0.004 0.006 0.001 -0.162 -0.072 -0.057 -0.161 -0.176 -0.489 -0.249 -0.153 -0.147
0.000 0.000 4.072 12.558 0.000 0.000 0.000 0.000 0.000 0.000 0.000 0.000 0.000 0.000 0.000 0.000 0.000 0.000 -0.001 -0.021 -0.053 -0.097 -0.107 -0.128 -0.073 -0.095 -0.092 -0.080 -0.068 -0.055 -0.038 -0.004 0.008 0.046 0.099 0.055 0.058 0.039 0.077 0.033 0.084 0.085 0.058 0.049 0.010 0.006 0.015 0.018 0.012 0.001 -0.023 -0.002 -0.019 -0.051 -0.073 -0.070 -0.051 -0.049 -0.002 0.006 0.003 -0.001 0.006 0.013 -0.002 -0.015 -0.054 -0.149 -0.085 -0.107 -0.152 -0.276 -0.354 -0.165 -0.169 -0.147
0.000 0.000 14.112 2.517 0.000 0.000 0.000 0.000 0.000 0.000 0.000 0.000 0.000 0.000 0.000 0.000 -0.000 0.000 -0.005 -0.025 -0.080 -0.135 -0.095 -0.109 -0.083 -0.095 -0.094 -0.114 -0.066 -0.051 -0.053 -0.031 0.001 0.009 0.007 0.201 0.075 0.050 0.087 0.033 0.097 0.088 0.037 0.004 0.017 0.025 0.030 0.015 0.007 0.001 -0.009 -0.010 -0.035 -0.049 -0.061 -0.044 -0.053 -0.013 -0.002 -0.000 0.016 0.002 0.001 -0.002 0.001 0.006 -0.093 -0.278 -0.049 -0.107 -0.144 -0.314 -0.205 -0.151 -0.191 -0.129
0.000 0.000 15.592 1.036 0.000 0.000 0.000 0.000 0.000 0.000 0.000 0.000 0.000 0.000 -0.000 -0.000 -0.000 -0.002 -0.004 -0.030 -0.082 -0.141 -0.109 -0.098 -0.099 -0.115 -0.079 -0.108 -0.096 -0.059 -0.053 -0.032 -0.008 0.006 0.019 0.027 0.088 0.159 0.078 0.060 0.075 0.084 0.054 0.060 0.012 0.003 0.035 0.010 -0.006 -0.005 -0.006 -0.033 -0.031 -0.024 -0.044 -0.025 -0.017 -0.009 -0.000 0.001 0.015 0.004 0.003 0.001 -0.002 -0.029 -0.106 -0.265 -0.063 -0.128 -0.253 -0.231 -0.156 -0.122 -0.221 -0.074
0.000 0.039 16.066 0.524 0.000 0.000 0.000 0.000 0.000 -0.000 0.000 0.000 0.000 -0.001 0.000 0.000 -0.001 -0.005 -0.001 -0.035 -0.086 -0.133 -0.119 -0.107 -0.119 -0.100 -0.085 -0.102 -0.124 -0.052 -0.067 -0.040 -0.002 -0.001 0.000 0.019 0.058 0.039 0.142 0.123 0.096 0.083 0.068 0.111 0.012 0.005 0.004 0.004 -0.026 -0.027 -0.057 -0.056 -0.017 0.013 -0.010 0.002 0.012 0.025 0.001 0.001 -0.020 0.009 0.004 0.006 0.005 -0.020 -0.149 -0.221 -0.079 -0.138 -0.246 -0.208 -0.167 -0.114 -0.215 -0.074
0.000 0.530 15.912 0.000 0.000 0.000 0.004 0.175 0.006 0.000 -0.000 -0.001 -0.000 -0.001 0.000 -0.001 0.000 -0.008 -0.011 -0.031 -0.092 -0.115 -0.134 -0.123 -0.115 -0.102 -0.087 -0.102 -0.119 -0.060 -0.052 -0.033 -0.004 -0.001 0.003 0.014 0.006 0.027 0.028 0.113 0.051 0.052 0.151 0.188 0.039 0.009 -0.010 -0.014 -0.045 -0.133 -0.034 -0.004 0.002 0.032 0.028 0.012 0.048 0.023 0.010 0.003 -0.029 -0.053 0.027 0.015 0.003 -0.000 -0.186 -0.147 -0.110 -0.118 -0.231 -0.198 -0.190 -0.106 -0.207 -0.078
0.000 4.024 12.419 0.000 0.000 0.000 0.000 0.000 0.178 0.003 0.001 0.000 -0.004 0.000 -0.005 -0.002 -0.005 -0.004 -0.007 -0.038 -0.090 -0.111 -0.139 -0.143 -0.122 -0.106 -0.094 -0.126 -0.081 -0.051 -0.043 -0.037 -0.002 -0.000 -0.000 0.033 0.007 0.008 -0.000 0.049 0.045 0.013 0.031 0.021 0.020 0.111 0.099 0.019 -0.089 -0.010 0.001 0.009 0.012 0.006 -0.000 0.006 0.054 0.010 -0.049 -0.021 -0.007 0.001 0.016 0.057 0.006 -0.099 -0.075 -0.094 -0.139 -0.182 -0.121 -0.208 -0.218 -0.132 -0.125 -0.078
-0.000 15.807 0.636 0.000 0.000 0.000 0.000 0.000 0.121 0.031 0.006 0.004 0.002 0.002 0.001 0.000 -0.017 -0.001 -0.015 -0.031 -0.087 -0.114 -0.151 -0.144 -0.130 -0.123 -0.102 -0.075 -0.102 -0.067 -0.029 -0.008 -0.000 0.000 -0.000 0.000 0.032 0.001 -0.001 -0.001 0.065 0.004 -0.006 -0.001 0.011 0.034 0.040 0.032 0.041 0.008 0.006 0.028 0.014 -0.004 0.002 0.001 0.056 0.013 -0.056 -0.003 0.002 0.007 -0.017 -0.014 -0.017 -0.027 -0.044 -0.078 -0.134 -0.185 -0.102 -0.189 -0.242 -0.141 -0.107 -0.073
0.163 16.275 0.004 0.000 0.000 0.000 0.000 0.000 0.001 -0.000 0.008 0.006 0.007 0.016 0.067 0.003 0.013 0.009 -0.007 -0.031 -0.097 -0.127 -0.133 -0.139 -0.138 -0.138 -0.094 -0.061 -0.108 -0.056 -0.028 -0.004 -0.000 -0.000 0.000 -0.001 0.000 0.015 -0.011 -0.001 0.044 0.005 0.001 -0.001 0.001 0.012 0.033 0.027 0.051 0.027 0.014 0.008 0.004 0.010 0.029 0.001 -0.061 -0.007 -0.002 0.026 0.001 0.026 0.005 -0.014 -0.016 -0.021 -0.044 -0.102 -0.138 -0.123 -0.117 -0.235 -0.278 -0.203 -0.057 -0.048
3.820 12.622 0.000 0.000 0.000 0.000 0.000 0.000 0.000 0.000 -0.000 0.000 0.002 -0.000 0.102 0.002 0.004 0.002 -0.021 -0.041 -0.094 -0.133 -0.113 -0.113 -0.183 -0.138 -0.086 -0.063 -0.097 -0.050 -0.015 0.000 0.000 0.000 0.000 0.000 0.000 0.000 0.000 0.000 -0.019 0.010 0.004 0.010 0.017 0.016 0.021 0.028 0.037 0.017 0.016 -0.000 -0.003 -0.002 -0.004 -0.001 0.001 0.012 0.000 -0.003 0.019 -0.002 0.026 0.007 -0.012 -0.012 -0.054 -0.122 -0.120 -0.118 -0.122 -0.330 -0.217 -0.265 -0.042 -0.034
16.342 0.098 0.000 0.000 0.000 0.000 0.000 0.000 0.000 0.000 0.000 0.000 0.001 0.001 0.101 0.001 0.001 -0.015 -0.042 -0.059 -0.096 -0.115 -0.121 -0.095 -0.145 -0.169 -0.092 -0.076 -0.096 -0.008 -0.011 0.000 0.000 0.000 0.000 0.000 0.000 0.000 -0.023 -0.005 -0.033 0.029 0.007 0.008 0.001 0.024 0.015 0.020 0.036 0.015 0.014 0.010 0.002 -0.009 -0.005 0.000 0.009 0.004 -0.000 0.008 0.020 0.004 0.001 0.020 -0.002 -0.027 -0.046 -0.127 -0.118 -0.119 -0.125 -0.365 -0.189 -0.235 -0.055 -0.047
