Data/res-0210.Qx
ncols         434
nrows         491
xllcorner     1194547.500000
yllcorner     -584471.000000
cellsize      25.000000
NODATA_value  -9999.000000
[rows 340 to 373 of 491, columns 228 to 303 of 434]
0.000 -0.004 0.012 0.070 0.071 0.047 0.026 0.007 0.055 -0.001 -0.008 -0.010 -0.000 -0.033 -0.040 -0.021 -0.019 -0.010 -0.011 -0.014 -0.020 0.008 -0.002 -0.001 0.007 -0.007 -0.003 -0.003 0.000 -0.022 -0.019 -0.019 -0.009 0.022 0.002 -0.003 -0.005 -0.006 -0.024 -0.027 -0.051 -0.039 -0.021 -0.067 -0.058 -0.085 -0.063 -0.059 -0.065 -0.046 -0.074 -0.051 -0.047 -0.030 -0.040 -0.010 -0.019 -0.045 -0.056 -0.056 -0.040 0.005 -0.001 0.000 -0.011 -0.015 -0.020 -0.027 -0.045 -0.037 -0.042 -0.059 -0.062 -0.054 -0.052 -0.051
0.000 0.002 -0.104 0.009 0.007 0.004 0.006 0.002 -0.001 0.019 -0.009 -0.015 -0.034 -0.088 -0.091 -0.032 -0.031 -0.010 -0.004 -0.006 -0.020 -0.012 -0.002 -0.006 0.002 0.000 -0.005 -0.011 -0.025 -0.025 -0.018 -0.038 -0.017 0.057 0.012 -0.015 -0.044 -0.027 -0.047 -0.024 -0.016 -0.022 -0.025 -0.116 -0.099 -0.069 -0.063 -0.089 -0.141 -0.110 -0.006 -0.026 -0.028 -0.038 -0.046 -0.020 -0.022 -0.008 0.009 -0.007 -0.016 -0.026 0.004 -0.000 -0.002 -0.041 -0.071 -0.064 -0.054 -0.043 -0.055 -0.042 -0.032 -0.031 -0.023 -0.024
0.000 0.000 -0.006 0.002 0.001 0.000 -0.004 -0.011 -0.026 0.018 0.010 -0.064 -0.105 -0.073 -0.044 -0.026 -0.028 -0.073 -0.011 -0.012 0.021 -0.016 0.002 -0.009 -0.002 0.003 -0.017 -0.020 -0.019 -0.014 -0.017 -0.037 -0.064 -0.028 0.038 -0.001 -0.015 -0.024 -0.026 -0.018 -0.024 -0.057 -0.157 -0.071 -0.084 -0.119 -0.206 -0.144 -0.038 -0.044 -0.034 -0.026 -0.032 -0.003 -0.018 -0.043 0.005 -0.006 -0.014 -0.034 -0.011 -0.006 -0.012 -0.017 -0.023 -0.035 -0.036 -0.047 -0.072 -0.066 -0.088 -0.052 -0.036 -0.019 -0.017 -0.027
0.000 -0.005 0.028 0.006 -0.010 -0.004 -0.020 -0.028 -0.091 -0.027 -0.021 0.011 -0.016 -0.027 -0.046 -0.039 -0.081 -0.034 -0.002 -0.008 -0.005 0.037 0.066 -0.013 -0.010 -0.010 -0.007 -0.010 -0.026 -0.017 -0.058 -0.027 -0.039 -0.019 0.004 0.005 -0.040 -0.072 -0.049 -0.111 -0.164 -0.190 -0.085 -0.051 -0.052 -0.065 -0.007 -0.028 -0.035 -0.036 -0.028 -0.045 -0.018 -0.028 -0.032 -0.044 -0.035 -0.048 -0.019 0.003 -0.012 -0.015 -0.020 -0.055 -0.036 -0.046 -0.037 -0.046 -0.031 -0.030 -0.061 -0.042 -0.025 -0.028 -0.034 -0.030
0.044 -0.004 0.025 0.028 -0.004 -0.022 -0.047 -0.036 -0.017 -0.022 -0.017 -0.022 -0.002 -0.010 -0.028 -0.020 -0.017 -0.020 -0.017 -0.006 -0.004 0.004 0.000 -0.027 -0.007 -0.007 -0.004 -0.008 -0.009 -0.009 -0.015 -0.021 -0.010 0.003 -0.002 -0.004 -0.057 -0.049 -0.210 -0.114 -0.057 -0.031 -0.047 -0.044 -0.040 -0.069 -0.010 -0.036 -0.055 -0.051 -0.022 -0.048 -0.036 -0.153 -0.050 -0.010 -0.043 -0.006 -0.019 -0.026 -0.029 -0.051 -0.051 -0.032 -0.032 -0.036 -0.046 -0.059 -0.048 -0.047 -0.008 -0.015 -0.025 -0.024 -0.022 -0.019
0.009 -0.017 -0.002 0.002 -0.021 -0.046 -0.015 -0.035 -0.003 -0.045 -0.033 -0.056 -0.001 0.017 -0.024 -0.022 -0.029 -0.039 -0.026 -0.009 -0.009 -0.001 -0.007 -0.003 -0.009 -0.015 0.022 -0.019 0.002 -0.020 -0.006 -0.009 -0.006 0.001 -0.025 -0.005 -0.174 -0.144 -0.017 -0.039 0.000 -0.009 -0.108 -0.104 -0.110 -0.023 -0.019 -0.035 -0.050 -0.052 -0.040 -0.037 -0.099 -0.024 -0.022 -0.018 -0.055 -0.039 -0.077 -0.093 -0.037 -0.047 -0.042 -0.041 -0.054 -0.047 -0.062 -0.058 -0.066 -0.081 -0.024 -0.029 -0.020 -0.015 -0.017 -0.021
0.004 -0.010 -0.003 -0.001 -0.012 -0.014 -0.016 -0.037 -0.029 -0.044 -0.083 -0.025 -0.011 0.002 -0.050 -0.094 -0.037 -0.010 -0.013 -0.016 -0.016 -0.019 -0.010 -0.012 -0.016 -0.003 -0.002 0.003 -0.005 0.021 0.002 -0.005 -0.020 -0.124 -0.038 -0.056 -0.015 -0.033 -0.028 -0.060 -0.038 -0.014 -0.058 -0.084 -0.058 -0.042 -0.072 -0.056 -0.059 -0.049 -0.116 -0.077 -0.071 -0.010 -0.049 -0.083 -0.094 -0.079 -0.064 -0.057 -0.054 -0.054 -0.058 -0.088 -0.083 -0.070 -0.081 -0.075 -0.077 -0.046 -0.040 -0.035 -0.024 -0.020 -0.020 -0.013
0.000 -0.022 0.002 0.004 -0.015 -0.023 -0.042 -0.063 -0.050 -0.059 -0.026 -0.028 -0.022 -0.047 -0.034 -0.025 -0.020 -0.012 -0.058 -0.054 -0.034 -0.017 -0.002 -0.007 -0.023 -0.007 -0.006 0.022 -0.010 0.014 -0.015 -0.010 -0.076 -0.008 -0.012 -0.044 0.049 -0.105 -0.077 -0.089 -0.119 -0.105 -0.080 -0.066 -0.065 -0.083 -0.099 -0.116 -0.109 -0.180 -0.125 -0.117 -0.007 -0.026 -0.041 -0.057 -0.055 -0.049 -0.083 -0.139 -0.162 -0.177 -0.241 -0.128 -0.103 -0.087 -0.100 -0.078 -0.049 -0.054 -0.062 -0.054 -0.053 -0.047 -0.036 -0.032
-0.009 -0.036 -0.007 -0.005 0.036 0.050 -0.085 -0.047 -0.032 -0.029 -0.037 -0.044 -0.111 -0.077 -0.035 -0.032 -0.052 -0.082 -0.049 -0.018 -0.011 -0.006 -0.002 0.001 -0.004 -0.001 -0.001 0.005 -0.002 0.000 -0.015 -0.061 -0.023 -0.013 -0.089 -0.089 -0.019 -0.122 -0.115 -0.070 -0.048 -0.043 -0.029 -0.054 -0.070 -0.045 -0.076 -0.117 -0.097 -0.057 -0.042 -0.024 -0.005 -0.087 -0.080 -0.073 -0.074 -0.216 -0.288 -0.212 -0.137 -0.087 -0.033 -0.047 -0.068 -0.074 -0.053 -0.086 -0.064 -0.041 -0.035 -0.031 -0.039 -0.039 -0.032 -0.019
-0.018 -0.002 0.002 -0.005 0.001 -0.004 -0.018 -0.023 -0.032 -0.033 -0.054 -0.038 -0.100 -0.083 -0.051 -0.133 -0.067 -0.034 -0.034 -0.020 -0.022 -0.012 -0.012 0.016 0.003 -0.003 -0.012 -0.003 -0.004 -0.044 -0.039 -0.031 -0.025 -0.031 -0.032 -0.051 -0.030 -0.031 -0.030 -0.035 -0.054 -0.082 -0.038 -0.035 -0.035 -0.024 -0.067 -0.042 -0.050 -0.081 -0.075 -0.131 -0.203 -0.060 -0.061 -0.069 -0.100 -0.146 -0.088 -0.122 -0.076 -0.060 -0.063 -0.143 -0.105 -0.074 -0.059 -0.056 -0.055 -0.054 -0.021 -0.019 -0.015 -0.021 -0.025 -0.027
-0.060 -0.002 -0.002 -0.012 -0.010 -0.017 0.024 -0.020 -0.102 -0.093 -0.080 -0.077 -0.038 -0.047 -0.062 -0.034 -0.034 -0.031 -0.042 -0.029 -0.013 -0.009 -0.025 0.020 -0.000 -0.003 -0.006 -0.022 -0.026 -0.043 -0.035 -0.030 -0.032 -0.049 -0.025 -0.041 -0.034 -0.039 -0.067 -0.074 -0.065 -0.085 -0.052 -0.040 -0.111 -0.125 -0.103 -0.077 -0.084 -0.052 -0.053 0.012 -0.017 -0.024 -0.084 -0.139 -0.322 -0.114 -0.042 -0.038 -0.061 -0.057 -0.069 -0.066 -0.106 -0.091 -0.061 -0.031 -0.030 -0.033 -0.041 -0.030 -0.020 -0.014 -0.013 -0.020
-0.008 0.006 -0.034 -0.034 -0.056 -0.063 -0.028 -0.030 -0.078 -0.068 -0.057 -0.075 -0.033 -0.048 -0.044 -0.012 -0.016 -0.039 0.001 -0.008 -0.017 -0.007 -0.003 0.038 0.012 -0.006 -0.010 -0.049 -0.043 -0.079 -0.013 -0.023 -0.033 -0.035 -0.078 -0.066 -0.115 -0.030 -0.044 -0.052 -0.064 -0.089 -0.085 -0.052 -0.050 -0.055 -0.065 -0.052 -0.092 -0.066 -0.071 -0.034 -0.076 -0.095 -0.068 -0.092 -0.041 -0.061 -0.047 -0.033 -0.061 -0.067 -0.041 -0.045 -0.045 -0.056 -0.059 -0.049 -0.037 -0.018 -0.015 -0.019 -0.013 -0.008 -0.007 -0.004
-0.025 -0.036 -0.036 -0.073 -0.097 -0.091 -0.061 -0.046 -0.042 -0.063 -0.041 -0.069 -0.048 -0.043 -0.029 -0.027 -0.052 0.001 0.010 -0.020 -0.020 -0.008 -0.003 0.028 0.057 0.041 -0.020 -0.017 -0.021 -0.010 -0.011 -0.025 -0.065 -0.063 -0.042 -0.064 -0.111 -0.012 -0.123 -0.074 -0.058 -0.057 -0.029 -0.024 -0.033 -0.050 -0.004 -0.017 -0.032 -0.053 -0.058 -0.133 -0.147 -0.161 -0.110 -0.205 -0.019 -0.111 -0.101 -0.012 -0.059 -0.058 -0.043 -0.064 -0.069 -0.096 -0.066 -0.014 -0.001 0.000 0.000 0.000 0.000 0.000 -0.000 0.000
-0.011 -0.004 -0.012 -0.055 -0.043 -0.061 -0.081 -0.081 -0.011 -0.033 -0.044 -0.006 -0.058 -0.049 -0.035 -0.019 -0.005 -0.002 -0.000 -0.035 -0.004 -0.002 -0.002 -0.000 -0.005 -0.013 0.016 0.005 -0.015 -0.007 -0.024 -0.080 -0.078 -0.084 -0.021 -0.003 -0.018 0.005 -0.012 -0.037 -0.028 -0.031 -0.029 -0.084 -0.003 -0.033 0.001 -0.057 -0.097 -0.083 -0.047 -0.053 -0.044 -0.047 -0.044 -0.077 -0.075 -0.084 -0.090 -0.095 -0.063 -0.113 -0.175 -0.143 -0.111 -0.032 0.000 0.000 0.000 0.000 0.000 0.000 0.000 0.000 0.000 0.000
-0.005 -0.006 -0.007 -0.023 -0.027 -0.081 -0.117 -0.081 -0.020 -0.041 -0.086 -0.053 0.005 -0.021 -0.018 -0.005 -0.004 -0.009 -0.027 -0.000 -0.003 -0.005 -0.017 -0.018 -0.018 -0.004 -0.002 0.001 0.013 -0.008 -0.076 -0.075 -0.041 -0.017 -0.013 -0.034 0.027 -0.073 0.104 -0.054 -0.045 -0.056 -0.021 -0.036 -0.024 -0.086 -0.101 -0.101 -0.152 -0.111 -0.284 -0.242 -0.167 -0.182 -0.230 -0.092 -0.132 -0.044 -0.050 -0.091 -0.084 -0.097 -0.148 -0.091 -0.031 0.000 0.000 0.000 0.000 0.000 0.000 0.000 0.000 0.000 0.000 0.000
-0.005 -0.018 -0.034 -0.029 -0.019 -0.062 -0.042 -0.043 -0.053 0.002 -0.039 -0.043 -0.005 -0.012 -0.002 0.018 -0.027 -0.059 -0.054 -0.003 -0.001 -0.044 -0.031 -0.018 0.006 0.003 -0.012 -0.005 -0.021 -0.007 0.058 -0.015 -0.020 -0.030 -0.026 -0.021 -0.013 -0.009 -0.005 -0.030 -0.058 -0.010 -0.026 0.036 -0.113 -0.001 -0.019 -0.023 -0.009 -0.016 -0.048 -0.084 -0.131 -0.123 -0.164 -0.088 -0.107 -0.100 -0.082 -0.080 -0.158 -0.134 -0.053 -0.039 0.000 0.000 0.000 0.000 0.000 0.000 0.000 0.000 0.000 0.000 0.000 0.000
-0.018 -0.016 -0.008 -0.022 -0.012 0.009 -0.064 -0.085 -0.049 -0.028 -0.030 -0.039 -0.045 0.011 0.037 -0.008 -0.021 -0.024 -0.018 -0.023 -0.069 -0.049 -0.029 -0.016 0.001 0.037 -0.010 0.015 -0.004 -0.009 -0.016 0.106 -0.011 -0.015 -0.006 -0.045 -0.087 0.044 -0.074 0.024 -0.049 -0.036 -0.029 -0.013 -0.003 0.000 -0.088 -0.064 -0.028 -0.163 -0.116 -0.141 -0.114 -0.110 -0.067 -0.072 -0.081 -0.079 -0.076 -0.075 -0.104 -0.089 -0.050 0.000 0.000 0.000 0.000 0.000 0.000 0.000 0.000 0.000 0.000 0.000 0.000 0.000
-0.043 -0.092 -0.101 -0.040 -0.051 -0.035 -0.032 -0.043 -0.014 -0.082 -0.046 -0.049 -0.054 -0.067 -0.034 0.029 -0.009 -0.062 -0.072 -0.084 -0.042 -0.020 -0.021 -0.017 0.010 -0.001 0.009 0.009 -0.022 -0.017 -0.029 -0.001 -0.017 -0.023 -0.087 -0.032 -0.025 -0.013 -0.047 -0.078 0.027 -0.019 -0.029 -0.084 0.023 -0.028 -0.056 -0.048 -0.053 -0.078 -0.077 -0.076 -0.103 -0.185 -0.102 -0.098 -0.074 -0.048 -0.139 -0.143 -0.100 -0.075 -0.012 0.000 0.000 0.000 0.000 0.000 0.000 0.000 0.000 0.000 0.000 0.000 0.000 0.000
-0.024 -0.042 -0.067 -0.032 -0.069 -0.053 -0.104 -0.158 -0.165 -0.068 -0.037 -0.035 -0.051 -0.033 -0.029 -0.011 -0.023 -0.006 -0.007 -0.009 -0.015 -0.017 -0.008 -0.005 0.001 -0.013 0.008 -0.010 -0.004 -0.044 -0.038 -0.059 0.011 -0.039 -0.040 0.012 -0.043 -0.047 -0.012 -0.007 0.004 0.006 -0.075 -0.050 -0.033 -0.045 -0.129 -0.115 -0.125 -0.101 -0.203 -0.101 -0.076 -0.047 -0.045 -0.076 -0.021 -0.040 -0.176 -0.084 -0.063 -0.030 0.000 0.000 0.000 0.000 0.000 0.000 0.000 0.000 0.000 0.000 0.000 0.000 0.000 0.000
-0.058 -0.037 -0.035 -0.032 -0.023 -0.048 -0.054 -0.035 -0.067 -0.063 -0.050 -0.062 -0.058 -0.052 -0.075 -0.098 -0.032 0.001 -0.033 -0.019 -0.015 -0.011 -0.009 -0.010 -0.029 -0.044 -0.048 -0.067 -0.046 -0.039 -0.048 -0.048 -0.031 0.046 -0.030 -0.014 -0.102 -0.127 -0.022 0.012 -0.039 -0.011 -0.105 -0.145 -0.138 -0.105 -0.038 -0.044 -0.025 -0.016 -0.100 -0.055 -0.077 -0.030 -0.076 -0.068 -0.028 -0.263 -0.049 -0.066 -0.031 -0.000 0.000 0.000 0.000 0.000 0.000 0.000 0.000 0.000 0.000 0.000 0.000 0.000 0.000 0.000
-0.051 -0.058 -0.029 -0.059 -0.047 -0.070 -0.004 -0.026 -0.049 -0.044 -0.044 -0.045 -0.065 -0.066 -0.067 -0.048 -0.048 -0.040 -0.022 -0.016 -0.003 -0.002 -0.001 -0.004 -0.009 -0.004 -0.037 -0.064 -0.029 -0.031 -0.041 -0.032 -0.002 -0.007 0.025 -0.140 -0.036 -0.037 -0.032 -0.019 -0.039 -0.029 -0.052 -0.065 -0.105 -0.161 -0.028 -0.011 -0.003 0.012 -0.005 -0.008 -0.039 -0.041 -0.107 -0.111 -0.200 -0.062 -0.050 -0.054 -0.046 0.000 0.000 0.000 0.000 0.000 0.000 0.000 0.000 0.000 0.000 0.000 0.000 0.000 0.000 0.000
-0.045 -0.035 -0.030 -0.062 -0.123 -0.055 0.010 -0.069 -0.070 -0.098 -0.077 -0.059 -0.073 -0.080 -0.080 -0.100 -0.042 -0.010 -0.000 -0.002 -0.011 -0.017 -0.019 -0.009 -0.008 -0.007 -0.019 -0.031 -0.051 -0.003 -0.038 -0.028 0.016 -0.017 -0.014 -0.056 -0.050 -0.038 -0.079 -0.082 -0.017 -0.064 -0.092 -0.079 -0.042 -0.025 -0.022 -0.028 -0.016 -0.057 0.033 -0.130 -0.079 -0.047 -0.047 -0.056 -0.079 -0.094 -0.063 -0.056 -0.019 0.000 0.000 0.000 0.000 0.000 0.000 0.000 0.000 0.000 0.000 0.000 0.000 0.000 0.000 0.000
-0.123 -0.098 -0.122 -0.099 -0.068 -0.056 -0.050 -0.056 -0.181 -0.224 -0.286 -0.278 -0.195 -0.117 -0.087 -0.033 -0.027 -0.010 -0.001 -0.004 -0.002 -0.018 -0.061 -0.062 -0.040 -0.051 -0.005 -0.026 -0.032 -0.023 -0.009 -0.015 -0.015 -0.040 -0.005 -0.023 -0.034 -0.016 -0.027 -0.016 -0.026 -0.020 0.003 0.003 -0.008 0.007 0.041 -0.092 -0.051 -0.061 -0.157 -0.135 -0.130 -0.185 -0.192 -0.166 -0.086 -0.074 -0.058 -0.038 -0.001 0.000 0.000 0.000 0.000 0.000 0.000 0.000 0.000 0.000 0.000 0.000 0.000 0.000 0.000 0.000
-0.068 -0.074 -0.084 -0.082 -0.083 -0.088 -0.118 -0.102 -0.060 -0.095 -0.016 -0.019 -0.021 -0.038 -0.016 -0.028 -0.067 -0.055 -0.034 -0.038 -0.059 -0.039 -0.007 -0.008 -0.015 -0.033 -0.014 0.002 -0.037 -0.062 -0.025 -0.054 -0.073 -0.050 -0.037 0.152 -0.009 -0.014 -0.016 -0.009 -0.079 -0.076 0.042 0.010 -0.002 -0.011 -0.021 -0.079 -0.141 -0.194 -0.063 -0.062 -0.064 -0.117 -0.071 -0.087 -0.071 -0.065 -0.035 -0.020 0.000 0.000 0.000 0.000 0.000 0.000 0.000 0.000 0.000 0.000 0.000 0.000 0.000 0.000 0.000 0.000
-0.088 -0.092 -0.088 -0.104 -0.100 -0.115 -0.121 -0.071 -0.049 -0.037 -0.029 -0.031 -0.025 -0.015 -0.008 -0.025 -0.005 -0.007 -0.019 -0.025 -0.006 -0.005 -0.026 -0.055 -0.056 -0.043 -0.034 -0.029 -0.011 -0.051 -0.047 -0.088 -0.062 -0.051 -0.027 -0.014 0.077 -0.052 -0.041 -0.074 -0.031 -0.029 0.010 -0.010 -0.007 -0.033 -0.103 -0.088 -0.131 -0.126 -0.073 -0.163 -0.129 -0.103 -0.093 -0.140 -0.120 -0.024 -0.017 -0.008 0.000 0.000 0.000 0.000 0.000 0.000 0.000 0.000 0.000 0.000 0.000 0.000 0.000 0.000 0.000 0.000
-0.084 -0.087 -0.090 -0.097 -0.109 -0.120 -0.100 -0.077 -0.042 -0.028 -0.036 -0.068 -0.067 -0.080 -0.106 -0.076 -0.043 -0.041 -0.027 -0.058 -0.058 -0.084 -0.056 -0.071 -0.113 -0.144 -0.104 -0.037 -0.029 -0.011 -0.015 -0.024 -0.024 -0.021 -0.019 -0.027 0.004 -0.033 -0.030 -0.022 -0.021 -0.049 -0.011 0.040 -0.061 -0.077 -0.058 -0.091 -0.107 -0.116 -0.128 -0.082 -0.085 -0.067 -0.172 -0.048 -0.072 -0.039 -0.020 -0.010 0.000 0.000 0.000 0.000 0.000 0.000 0.000 0.000 0.000 0.000 0.000 0.000 0.000 0.000 0.000 0.000
-0.073 -0.095 -0.150 -0.152 -0.103 -0.090 -0.097 -0.059 -0.040 -0.022 -0.044 -0.028 -0.035 -0.055 -0.060 -0.062 -0.072 -0.096 -0.096 -0.022 -0.020 -0.011 -0.007 -0.030 -0.051 -0.026 -0.031 -0.025 -0.005 -0.013 -0.024 -0.028 -0.028 -0.033 -0.068 -0.072 0.105 -0.021 -0.031 -0.031 -0.043 -0.014 -0.022 -0.019 0.078 -0.189 -0.210 -0.114 -0.111 -0.101 -0.096 -0.045 -0.045 -0.069 -0.016 -0.041 -0.018 -0.017 -0.024 -0.012 0.000 0.000 0.000 0.000 0.000 0.000 0.000 0.000 0.000 0.000 0.000 0.000 0.000 0.000 0.000 0.000
-0.022 -0.090 -0.084 -0.063 -0.062 -0.065 -0.063 -0.070 -0.056 -0.044 -0.064 -0.059 -0.089 -0.093 -0.082 -0.092 -0.096 -0.072 -0.063 -0.097 -0.091 -0.102 -0.112 -0.068 -0.040 -0.018 -0.024 -0.011 -0.025 -0.030 -0.022 -0.019 -0.020 -0.021 -0.024 -0.014 -0.006 -0.037 -0.028 -0.025 -0.018 -0.008 -0.021 -0.010 -0.008 -0.056 -0.122 -0.009 -0.072 -0.005 -0.042 -0.036 -0.037 -0.050 -0.031 -0.057 -0.052 -0.028 -0.028 -0.013 0.000 0.000 0.000 0.000 0.000 0.000 0.000 0.000 0.000 0.000 0.000 0.000 0.000 0.000 0.000 0.000
-0.076 -0.023 -0.071 -0.083 -0.105 -0.072 -0.078 -0.127 -0.074 -0.135 -0.071 -0.052 -0.047 -0.021 -0.017 -0.017 -0.000 -0.001 -0.032 -0.032 -0.058 -0.062 -0.068 -0.100 -0.054 -0.026 -0.024 -0.006 -0.051 -0.016 -0.027 -0.036 -0.040 -0.047 -0.038 -0.027 -0.050 -0.037 -0.023 -0.078 -0.036 0.009 0.001 0.006 -0.044 -0.031 -0.020 -0.022 -0.011 -0.024 -0.047 -0.033 -0.035 -0.073 -0.068 -0.019 -0.013 -0.008 -0.008 -0.004 0.000 0.000 0.000 0.000 0.000 0.000 0.000 0.000 0.000 0.000 0.000 0.000 0.000 0.000 0.000 0.000
-0.073 -0.065 0.004 -0.099 -0.115 -0.142 -0.095 -0.044 -0.039 -0.022 -0.037 -0.066 -0.051 -0.042 -0.045 -0.013 -0.011 -0.020 -0.006 -0.009 -0.006 -0.016 -0.023 -0.073 -0.068 -0.065 -0.086 -0.087 -0.034 0.005 -0.100 -0.054 -0.063 -0.048 -0.031 -0.041 -0.036 -0.018 -0.015 -0.018 0.009 -0.000 -0.025 -0.031 -0.087 0.043 0.106 -0.098 -0.045 -0.144 -0.040 -0.034 -0.158 -0.060 -0.035 -0.020 -0.008 -0.007 -0.009 -0.000 0.000 0.000 0.000 0.000 0.000 0.000 0.000 0.000 0.000 0.000 0.000 0.000 0.000 0.000 0.000 0.000
-0.064 -0.069 -0.056 -0.052 -0.087 -0.097 -0.063 -0.060 -0.078 -0.022 -0.062 -0.109 -0.096 -0.124 -0.108 -0.093 -0.070 -0.068 -0.045 -0.022 -0.007 -0.058 -0.065 -0.010 -0.011 -0.015 -0.077 -0.117 -0.100 -0.127 -0.114 -0.062 -0.076 -0.042 -0.026 -0.042 -0.028 -0.007 -0.017 -0.000 0.003 -0.040 -0.026 -0.020 -0.081 -0.004 -0.005 -0.006 -0.004 -0.081 -0.050 -0.050 -0.095 -0.052 -0.035 -0.050 -0.049 -0.023 0.008 0.009 0.000 0.000 0.000 0.000 0.000 0.000 0.000 0.000 0.000 0.000 0.000 0.000 0.000 0.000 0.000 0.000
-0.089 -0.109 -0.091 -0.022 -0.098 -0.069 -0.044 -0.142 -0.087 -0.058 -0.103 -0.068 -0.080 -0.087 -0.094 -0.120 -0.140 -0.105 -0.017 -0.030 -0.042 -0.052 -0.048 -0.059 -0.106 -0.110 -0.049 -0.037 -0.031 -0.037 -0.025 -0.024 -0.030 -0.028 -0.032 -0.097 -0.115 0.015 0.001 0.024 -0.019 -0.035 -0.028 -0.032 -0.075 0.014 0.006 0.000 -0.019 -0.102 -0.038 -0.119 -0.034 -0.066 -0.042 -0.039 -0.017 -0.037 -0.012 0.000 0.000 0.000 0.000 0.000 0.000 0.000 0.000 0.000 0.000 0.000 0.000 0.000 0.000 0.000 0.000 0.000
-0.125 -0.130 -0.115 -0.093 -0.033 -0.038 -0.023 -0.013 -0.031 -0.021 -0.067 -0.051 -0.058 -0.079 -0.081 -0.035 -0.036 -0.065 -0.156 -0.114 -0.088 -0.024 -0.017 -0.022 -0.026 -0.039 -0.065 -0.060 -0.041 -0.077 -0.011 -0.014 -0.026 -0.031 -0.047 -0.019 -0.065 0.035 0.030 0.020 -0.041 -0.010 -0.005 -0.028 -0.021 -0.021 0.021 0.057 -0.019 -0.021 -0.023 -0.041 -0.011 -0.047 -0.030 -0.025 -0.015 -0.015 -0.026 -0.014 0.000 0.000 0.000 0.000 0.000 0.000 0.000 0.000 0.000 0.000 0.000 0.000 0.000 0.000 0.000 0.000
-0.153 -0.120 -0.110 -0.089 -0.108 -0.108 -0.154 -0.037 -0.059 -0.036 -0.038 -0.042 -0.051 -0.023 -0.039 -0.086 -0.051 -0.043 -0.046 -0.094 -0.119 -0.093 -0.086 -0.058 -0.036 -0.041 -0.034 -0.028 -0.023 -0.045 -0.033 -0.023 -0.026 -0.032 -0.020 0.044 -0.072 -0.042 -0.061 0.003 -0.035 -0.026 0.013 -0.064 0.115 -0.004 0.005 0.023 -0.074 -0.019 -0.172 -0.093 -0.089 -0.011 -0.033 -0.015 -0.025 -0.009 -0.014 0.000 0.000 0.000 0.000 0.000 0.000 0.000 0.000 0.000 0.000 0.000 0.000 0.000 0.000 0.000 0.000 0.000
