Data/res-0290.Qx
ncols         434
nrows         491
xllcorner     1194547.500000
yllcorner     -584471.000000
cellsize      25.000000
NODATA_value  -9999.000000
[rows 408 to 441 of 491, columns 152 to 227 of 434]
-0.169 -0.161 -0.198 -0.196 -0.293 -0.336 -0.422 -0.491 -0.502 -0.464 -0.407 -0.387 -0.404 -0.369 -0.357 -0.287 -0.252 -0.211 -0.216 -0.214 -0.293 -0.275 -0.252 -0.225 -0.228 -0.267 -0.318 -0.185 -0.213 -0.193 -0.174 -0.152 -0.225 -0.319 -0.240 -0.229 -0.289 -0.275 -0.310 -0.219 -0.196 -0.218 -0.046 -0.041 -0.041 -0.068 -0.392 -0.434 -0.391 -0.195 -0.126 -0.105 -0.132 -0.104 -0.082 -0.109 -0.146 -0.141 -0.097 -0.085 -0.091 -0.150 -0.196 -0.172 -0.173 -0.223 -0.250 -0.231 -0.189 -0.151 -0.104 -0.088 -0.124 -0.131 -0.123 -0.107
-0.481 -0.405 -0.305 -0.306 -0.190 -0.187 -0.167 -0.156 -0.151 -0.184 -0.282 -0.382 -0.382 -0.291 -0.264 -0.266 -0.324 -0.412 -0.372 -0.394 -0.307 -0.178 -0.180 -0.210 -0.230 -0.315 -0.342 -0.273 -0.164 -0.105 -0.122 -0.230 -0.279 -0.369 -0.327 -0.269 -0.195 -0.175 -0.170 -0.142 -0.126 -0.230 -0.249 -0.313 -0.323 -0.323 -0.225 -0.195 -0.241 -0.430 -0.314 -0.289 -0.241 -0.189 -0.058 -0.020 -0.019 -0.031 -0.072 -0.106 -0.141 -0.236 -0.153 -0.112 -0.109 -0.113 -0.147 -0.155 -0.177 -0.243 -0.231 -0.237 -0.180 -0.154 -0.124 -0.112
-0.145 -0.177 -0.218 -0.132 -0.137 -0.164 -0.183 -0.215 -0.275 -0.279 -0.375 -0.339 -0.265 -0.245 -0.202 -0.255 -0.256 -0.238 -0.259 -0.246 -0.238 -0.193 -0.200 -0.248 -0.263 -0.275 -0.285 -0.220 -0.159 -0.186 -0.190 -0.253 -0.429 -0.370 -0.272 -0.185 -0.172 -0.139 -0.133 -0.122 -0.105 -0.126 -0.196 -0.099 -0.108 -0.108 -0.122 -0.210 -0.196 -0.196 -0.268 -0.281 -0.273 -0.165 -0.071 -0.037 -0.037 -0.065 -0.142 -0.120 -0.103 -0.099 -0.108 -0.123 -0.127 -0.134 -0.183 -0.243 -0.273 -0.386 -0.416 -0.377 -0.264 -0.242 -0.227 -0.211
-0.232 -0.143 -0.122 -0.109 -0.093 -0.101 -0.183 -0.593 -0.568 -0.521 -0.357 -0.226 -0.197 -0.180 -0.209 -0.215 -0.245 -0.270 -0.294 -0.276 -0.282 -0.285 -0.237 -0.208 -0.275 -0.192 -0.198 -0.170 -0.210 -0.234 -0.284 -0.249 -0.187 -0.106 -0.089 -0.160 -0.234 -0.155 -0.134 -0.159 -0.190 -0.253 -0.206 -0.186 -0.155 -0.139 -0.131 -0.099 -0.102 -0.122 -0.183 -0.132 -0.181 -0.349 -0.187 -0.204 -0.202 -0.161 -0.145 -0.145 -0.131 -0.096 -0.106 -0.134 -0.156 -0.346 -0.381 -0.437 -0.483 -0.350 -0.225 -0.208 -0.170 -0.122 -0.112 -0.097
-0.289 -0.375 -0.438 -0.469 -0.443 -0.432 -0.516 -0.230 -0.245 -0.276 -0.220 -0.206 -0.218 -0.265 -0.235 -0.198 -0.195 -0.266 -0.284 -0.258 -0.232 -0.341 -0.328 -0.262 -0.177 -0.128 -0.095 -0.103 -0.177 -0.176 -0.165 -0.241 -0.113 -0.111 -0.089 -0.215 -0.239 -0.417 -0.159 -0.179 -0.199 -0.125 -0.080 -0.054 -0.063 -0.088 -0.091 -0.119 -0.150 -0.198 -0.165 -0.196 -0.185 -0.172 -0.124 -0.124 -0.123 -0.199 -0.187 -0.186 -0.191 -0.159 -0.161 -0.329 -0.420 -0.381 -0.329 -0.297 -0.265 -0.243 -0.266 -0.267 -0.280 -0.166 -0.090 -0.080
-0.444 -0.430 -0.434 -0.454 -0.592 -0.606 -0.394 -0.271 -0.250 -0.226 -0.249 -0.187 -0.181 -0.145 -0.181 -0.200 -0.209 -0.213 -0.213 -0.250 -0.261 -0.268 -0.280 -0.237 -0.123 -0.146 -0.126 -0.125 -0.111 -0.117 -0.196 -0.085 -0.068 -0.057 -0.097 -0.166 -0.175 -0.170 -0.036 -0.075 -0.078 -0.101 -0.392 -0.408 -0.362 -0.314 -0.287 -0.223 -0.152 -0.085 -0.088 -0.114 -0.137 -0.145 -0.495 -0.496 -0.465 -0.363 -0.137 -0.124 -0.152 -0.151 -0.221 -0.259 -0.242 -0.238 -0.217 -0.180 -0.185 -0.179 -0.187 -0.177 -0.164 -0.212 -0.113 -0.090
-0.598 -0.527 -0.435 -0.398 -0.261 -0.215 -0.467 -0.439 -0.243 -0.213 -0.167 -0.163 -0.159 -0.161 -0.184 -0.267 -0.273 -0.208 -0.187 -0.187 -0.157 -0.152 -0.160 -0.196 -0.241 -0.255 -0.239 -0.271 -0.209 -0.192 -0.112 -0.086 -0.075 -0.103 -0.287 -0.161 -0.169 -0.101 -0.211 -0.129 -0.130 -0.204 -0.237 -0.276 -0.164 -0.129 -0.105 -0.111 -0.167 -0.123 -0.117 -0.106 -0.080 -0.093 -0.185 -0.185 -0.152 -0.124 -0.162 -0.157 -0.266 -0.339 -0.410 -0.294 -0.250 -0.142 -0.143 -0.167 -0.160 -0.160 -0.223 -0.215 -0.192 -0.194 -0.251 -0.237
-0.108 -0.143 -0.161 -0.162 -0.172 -0.242 -0.163 -0.158 -0.204 -0.182 -0.224 -0.286 -0.263 -0.346 -0.375 -0.361 -0.209 -0.241 -0.245 -0.265 -0.160 -0.151 -0.155 -0.146 -0.138 -0.132 -0.181 -0.138 -0.165 -0.161 -0.098 -0.091 -0.136 -0.243 -0.081 -0.047 -0.038 -0.078 -0.133 -0.114 -0.131 -0.148 -0.152 -0.177 -0.339 -0.460 -0.472 -0.216 -0.164 -0.157 -0.145 -0.142 -0.122 -0.116 -0.117 -0.173 -0.193 -0.240 -0.322 -0.370 -0.350 -0.371 -0.255 -0.184 -0.180 -0.202 -0.224 -0.182 -0.257 -0.266 -0.207 -0.211 -0.248 -0.232 -0.190 -0.199
-0.188 -0.190 -0.204 -0.234 -0.356 -0.358 -0.218 -0.213 -0.310 -0.234 -0.190 -0.230 -0.319 -0.236 -0.219 -0.188 -0.157 -0.168 -0.172 -0.146 -0.171 -0.168 -0.175 -0.135 -0.150 -0.141 -0.141 -0.128 -0.146 -0.108 -0.136 -0.172 -0.143 -0.111 -0.078 -0.086 -0.074 -0.156 -0.198 -0.115 -0.099 -0.076 -0.119 -0.108 -0.100 -0.095 -0.097 -0.283 -0.143 -0.181 -0.150 -0.115 -0.140 -0.178 -0.135 -0.121 -0.140 -0.210 -0.344 -0.372 -0.291 -0.190 -0.188 -0.239 -0.250 -0.243 -0.269 -0.311 -0.236 -0.224 -0.191 -0.185 -0.192 -0.222 -0.284 -0.277
-0.412 -0.535 -0.584 -0.572 -0.463 -0.244 -0.232 -0.154 -0.146 -0.228 -0.283 -0.312 -0.270 -0.195 -0.196 -0.208 -0.224 -0.196 -0.183 -0.140 -0.166 -0.125 -0.090 -0.115 -0.144 -0.144 -0.100 -0.167 -0.143 -0.170 -0.147 -0.104 -0.175 -0.117 -0.099 -0.107 -0.086 -0.073 -0.164 -0.181 -0.163 -0.153 -0.107 -0.118 -0.144 -0.063 -0.065 -0.138 -0.271 -0.136 -0.150 -0.164 -0.145 -0.076 -0.053 -0.050 -0.176 -0.191 -0.174 -0.173 -0.239 -0.299 -0.344 -0.291 -0.282 -0.293 -0.260 -0.230 -0.184 -0.174 -0.173 -0.173 -0.165 -0.193 -0.235 -0.228
-0.327 -0.286 -0.250 -0.203 -0.186 -0.234 -0.238 -0.208 -0.188 -0.227 -0.242 -0.207 -0.165 -0.238 -0.193 -0.167 -0.198 -0.185 -0.157 -0.118 -0.158 -0.135 -0.089 -0.101 -0.092 -0.077 -0.076 -0.085 -0.106 -0.123 -0.114 -0.146 -0.123 -0.082 -0.071 -0.070 -0.072 -0.066 -0.163 -0.171 -0.116 -0.117 -0.150 -0.164 -0.140 -0.107 -0.109 -0.120 -0.137 -0.236 -0.087 -0.066 -0.068 -0.076 -0.097 -0.164 -0.128 -0.136 -0.170 -0.187 -0.216 -0.243 -0.222 -0.245 -0.243 -0.213 -0.191 -0.147 -0.136 -0.137 -0.143 -0.134 -0.140 -0.131 -0.128 -0.131
-0.125 -0.115 -0.113 -0.161 -0.184 -0.236 -0.220 -0.171 -0.159 -0.156 -0.171 -0.207 -0.243 -0.215 -0.192 -0.164 -0.187 -0.192 -0.158 -0.113 -0.143 -0.112 -0.073 -0.086 -0.106 -0.136 -0.168 -0.181 -0.027 -0.037 -0.095 -0.115 -0.080 -0.078 -0.101 -0.111 -0.143 -0.141 -0.103 -0.079 -0.113 -0.123 -0.099 -0.083 -0.084 -0.121 -0.114 -0.093 -0.098 -0.112 -0.237 -0.137 -0.155 -0.293 -0.287 -0.211 -0.168 -0.158 -0.165 -0.206 -0.180 -0.169 -0.202 -0.170 -0.150 -0.110 -0.092 -0.098 -0.114 -0.112 -0.110 -0.121 -0.116 -0.108 -0.112 -0.117
-0.079 -0.072 -0.098 -0.125 -0.129 -0.176 -0.175 -0.256 -0.303 -0.346 -0.333 -0.306 -0.199 -0.225 -0.262 -0.245 -0.213 -0.201 -0.141 -0.109 -0.103 -0.063 -0.094 -0.110 -0.079 -0.070 -0.073 -0.097 -0.093 -0.100 -0.094 -0.062 -0.065 -0.111 -0.124 -0.113 -0.119 -0.099 -0.111 -0.089 -0.101 -0.078 -0.072 -0.122 -0.125 -0.116 -0.127 -0.163 -0.158 -0.161 -0.161 -0.385 -0.377 -0.184 -0.191 -0.223 -0.250 -0.192 -0.148 -0.177 -0.183 -0.158 -0.157 -0.126 -0.096 -0.092 -0.111 -0.111 -0.115 -0.122 -0.128 -0.126 -0.142 -0.166 -0.092 -0.103
-0.031 -0.062 -0.073 -0.081 -0.089 -0.096 -0.133 -0.239 -0.259 -0.219 -0.184 -0.174 -0.177 -0.199 -0.198 -0.203 -0.251 -0.221 -0.137 -0.151 -0.123 -0.059 -0.063 -0.063 -0.046 -0.042 -0.049 -0.085 -0.174 -0.057 -0.050 -0.066 -0.113 -0.081 -0.072 -0.085 -0.091 -0.114 -0.175 -0.305 -0.157 -0.116 -0.114 -0.103 -0.108 -0.152 -0.146 -0.126 -0.093 -0.107 -0.219 -0.107 -0.123 -0.210 -0.129 -0.117 -0.169 -0.207 -0.191 -0.193 -0.212 -0.175 -0.101 -0.097 -0.105 -0.126 -0.115 -0.116 -0.112 -0.115 -0.117 -0.148 -0.141 -0.130 -0.166 -0.187
0.000 0.000 0.000 0.000 -0.031 -0.072 -0.129 -0.138 -0.125 -0.129 -0.173 -0.228 -0.310 -0.282 -0.271 -0.209 -0.214 -0.157 -0.128 -0.151 -0.107 -0.104 -0.100 -0.100 -0.122 -0.126 -0.114 -0.129 -0.210 -0.114 -0.118 -0.141 -0.083 -0.082 -0.095 -0.066 -0.067 -0.094 -0.110 -0.117 -0.150 -0.159 -0.171 -0.142 -0.142 -0.138 -0.158 -0.148 -0.165 -0.188 -0.146 -0.166 -0.132 -0.129 -0.228 -0.236 -0.139 -0.123 -0.197 -0.173 -0.126 -0.111 -0.105 -0.101 -0.099 -0.096 -0.102 -0.109 -0.107 -0.116 -0.192 -0.261 -0.333 -0.369 -0.569 -0.658
0.000 0.000 0.000 0.000 0.000 -0.009 -0.010 -0.011 -0.033 -0.056 -0.079 -0.105 -0.147 -0.192 -0.208 -0.236 -0.209 -0.153 -0.137 -0.138 -0.117 -0.111 -0.126 -0.082 -0.079 -0.063 -0.030 -0.065 -0.055 -0.152 -0.121 -0.092 -0.100 -0.117 -0.113 -0.144 -0.139 -0.119 -0.109 -0.098 -0.176 -0.174 -0.140 -0.128 -0.159 -0.156 -0.104 -0.111 -0.166 -0.139 -0.149 -0.161 -0.178 -0.146 -0.123 -0.172 -0.161 -0.148 -0.184 -0.155 -0.104 -0.095 -0.087 -0.089 -0.116 -0.125 -0.163 -0.194 -0.217 -0.206 -0.187 -0.195 -0.228 -0.347 -0.308 -0.227
0.000 0.000 0.000 0.000 0.000 0.000 0.000 0.000 0.000 0.000 0.000 -0.001 -0.036 -0.084 -0.138 -0.201 -0.183 -0.212 -0.168 -0.128 -0.131 -0.197 -0.092 -0.069 -0.057 -0.054 -0.038 -0.072 -0.087 -0.128 -0.113 -0.107 -0.098 -0.089 -0.094 -0.084 -0.067 -0.082 -0.097 -0.182 -0.216 -0.164 -0.192 -0.175 -0.119 -0.125 -0.183 -0.187 -0.168 -0.170 -0.081 -0.099 -0.147 -0.189 -0.231 -0.162 -0.163 -0.198 -0.158 -0.100 -0.092 -0.085 -0.103 -0.119 -0.123 -0.163 -0.164 -0.187 -0.212 -0.286 -0.297 -0.481 -0.415 -0.316 -0.196 -0.166
0.000 0.000 0.000 0.000 0.000 0.000 0.000 0.000 0.000 0.000 0.000 0.000 0.000 -0.000 -0.015 -0.086 -0.205 -0.246 -0.275 -0.094 -0.095 -0.114 -0.075 -0.078 -0.080 -0.073 -0.136 -0.131 -0.135 -0.110 -0.094 -0.090 -0.081 -0.073 -0.057 -0.062 -0.107 -0.117 -0.106 -0.110 -0.126 -0.232 -0.193 -0.162 -0.160 -0.123 -0.102 -0.100 -0.110 -0.116 -0.186 -0.150 -0.132 -0.127 -0.149 -0.158 -0.154 -0.149 -0.119 -0.107 -0.096 -0.136 -0.133 -0.133 -0.124 -0.154 -0.169 -0.194 -0.225 -0.257 -0.324 -0.210 -0.208 -0.199 -0.229 -0.185
0.000 0.000 0.000 0.000 0.000 0.000 -0.000 0.000 0.000 0.000 0.000 0.000 0.000 0.000 0.000 -0.018 -0.061 -0.110 -0.162 -0.169 -0.088 -0.103 -0.213 -0.063 -0.060 -0.057 -0.075 -0.067 -0.062 -0.111 -0.094 -0.087 -0.079 -0.062 -0.072 -0.088 -0.101 -0.115 -0.178 -0.112 -0.121 -0.133 -0.160 -0.244 -0.262 -0.253 -0.172 -0.153 -0.120 -0.121 -0.181 -0.184 -0.152 -0.138 -0.097 -0.097 -0.249 -0.290 -0.237 -0.210 -0.203 -0.119 -0.110 -0.147 -0.162 -0.174 -0.206 -0.206 -0.215 -0.226 -0.198 -0.113 -0.118 -0.147 -0.141 -0.186
0.000 0.000 0.000 0.000 0.000 0.000 0.000 0.000 0.000 0.000 0.000 0.000 0.000 0.000 0.000 -0.001 -0.001 -0.006 -0.026 -0.051 -0.073 -0.064 -0.069 -0.171 -0.164 -0.181 -0.187 -0.175 -0.122 -0.109 -0.090 -0.084 -0.101 -0.159 -0.168 -0.193 -0.175 -0.187 -0.184 -0.207 -0.183 -0.131 -0.135 -0.132 -0.148 -0.177 -0.198 -0.184 -0.173 -0.162 -0.106 -0.090 -0.097 -0.113 -0.107 -0.257 -0.212 -0.163 -0.159 -0.172 -0.147 -0.196 -0.178 -0.170 -0.204 -0.220 -0.206 -0.289 -0.260 -0.223 -0.208 -0.176 -0.162 -0.095 -0.067 -0.061
0.000 0.000 0.000 0.000 0.000 0.001 0.001 0.005 0.008 0.011 0.015 0.016 0.016 0.021 0.035 0.050 0.049 0.041 0.005 -0.037 -0.093 -0.035 -0.048 -0.063 -0.078 -0.075 -0.084 -0.084 -0.095 -0.104 -0.159 -0.178 -0.205 -0.183 -0.159 -0.109 -0.104 -0.164 -0.153 -0.159 -0.130 -0.141 -0.110 -0.098 -0.111 -0.131 -0.152 -0.148 -0.180 -0.190 -0.099 -0.133 -0.142 -0.136 -0.176 -0.173 -0.156 -0.136 -0.124 -0.105 -0.118 -0.122 -0.195 -0.171 -0.152 -0.138 -0.130 -0.133 -0.160 -0.184 -0.146 -0.130 -0.131 -0.120 -0.141 -0.165
0.000 0.000 0.000 0.000 0.001 0.002 0.003 0.005 0.011 0.018 0.031 0.036 0.050 0.069 0.083 0.098 0.177 0.187 0.125 0.003 -0.038 -0.033 -0.049 -0.047 -0.049 -0.046 -0.046 -0.107 -0.170 -0.205 -0.150 -0.147 -0.111 -0.107 -0.119 -0.126 -0.180 -0.142 -0.133 -0.116 -0.131 -0.138 -0.154 -0.126 -0.100 -0.107 -0.169 -0.216 -0.236 -0.253 -0.309 -0.222 -0.209 -0.362 -0.344 -0.230 -0.143 -0.110 -0.099 -0.087 -0.134 -0.155 -0.121 -0.126 -0.188 -0.168 -0.230 -0.213 -0.180 -0.142 -0.166 -0.186 -0.196 -0.166 -0.180 -0.233
0.000 0.000 0.000 -0.000 0.001 0.000 0.000 0.003 0.005 0.007 0.014 0.020 0.039 0.058 0.105 0.173 0.210 0.160 0.065 -0.006 -0.016 -0.063 -0.059 -0.060 -0.054 -0.084 -0.105 -0.110 -0.117 -0.127 -0.214 -0.139 -0.132 -0.138 -0.167 -0.210 -0.177 -0.173 -0.172 -0.169 -0.166 -0.177 -0.195 -0.147 -0.137 -0.120 -0.110 -0.132 -0.162 -0.170 -0.176 -0.201 -0.238 -0.125 -0.141 -0.109 -0.086 -0.073 -0.070 -0.118 -0.107 -0.139 -0.190 -0.220 -0.218 -0.224 -0.198 -0.140 -0.145 -0.163 -0.139 -0.147 -0.194 -0.280 -0.322 -0.278
0.000 0.000 0.000 -0.000 -0.000 0.000 0.000 0.003 0.007 0.013 0.018 0.028 0.022 0.051 0.058 0.050 0.036 0.037 0.026 0.018 -0.018 -0.103 -0.071 -0.085 -0.124 -0.131 -0.109 -0.084 -0.086 -0.117 -0.121 -0.191 -0.145 -0.080 -0.070 -0.111 -0.104 -0.075 -0.084 -0.122 -0.130 -0.152 -0.159 -0.220 -0.228 -0.177 -0.176 -0.190 -0.144 -0.122 -0.152 -0.274 -0.263 -0.210 -0.149 -0.115 -0.095 -0.090 -0.095 -0.091 -0.132 -0.130 -0.137 -0.149 -0.163 -0.165 -0.164 -0.157 -0.148 -0.143 -0.140 -0.152 -0.184 -0.171 -0.137 -0.138
0.000 0.000 0.000 -0.000 -0.001 -0.000 0.007 0.001 0.003 0.006 0.015 0.023 0.044 0.026 0.039 0.030 0.019 0.031 0.024 0.019 -0.009 -0.041 -0.072 -0.062 -0.075 -0.080 -0.110 -0.100 -0.098 -0.117 -0.120 -0.105 -0.181 -0.266 -0.267 -0.143 -0.099 -0.108 -0.086 -0.079 -0.135 -0.106 -0.104 -0.112 -0.122 -0.190 -0.186 -0.161 -0.291 -0.273 -0.201 -0.139 -0.141 -0.137 -0.106 -0.098 -0.113 -0.133 -0.132 -0.151 -0.148 -0.199 -0.212 -0.234 -0.182 -0.168 -0.160 -0.127 -0.130 -0.108 -0.125 -0.127 -0.081 -0.090 -0.090 -0.096
0.000 0.000 0.000 -0.000 -0.000 -0.000 -0.001 -0.000 -0.000 0.005 0.018 0.044 0.033 0.048 0.019 -0.010 -0.040 0.016 0.039 0.000 -0.021 -0.044 -0.077 -0.066 -0.091 -0.113 -0.131 -0.133 -0.126 -0.100 -0.103 -0.126 -0.135 -0.114 -0.108 -0.169 -0.171 -0.124 -0.099 -0.100 -0.141 -0.168 -0.183 -0.185 -0.166 -0.135 -0.136 -0.158 -0.096 -0.114 -0.129 -0.154 -0.108 -0.095 -0.110 -0.101 -0.120 -0.117 -0.128 -0.186 -0.189 -0.196 -0.164 -0.148 -0.175 -0.161 -0.124 -0.129 -0.128 -0.108 -0.083 -0.083 -0.065 -0.067 -0.064 -0.051
0.000 0.000 0.000 0.000 -0.001 0.000 -0.005 -0.003 -0.000 0.006 0.014 -0.005 -0.003 -0.023 -0.012 -0.006 -0.008 0.027 0.013 -0.036 -0.068 -0.082 -0.114 -0.183 -0.166 -0.166 -0.137 -0.138 -0.135 -0.088 -0.084 -0.107 -0.109 -0.104 -0.092 -0.092 -0.155 -0.214 -0.254 -0.235 -0.153 -0.149 -0.171 -0.173 -0.228 -0.334 -0.332 -0.294 -0.104 -0.129 -0.182 -0.132 -0.129 -0.090 -0.088 -0.104 -0.100 -0.121 -0.159 -0.207 -0.193 -0.140 -0.131 -0.120 -0.132 -0.121 -0.128 -0.144 -0.119 -0.092 -0.074 -0.057 -0.059 -0.031 -0.032 -0.036
0.000 0.000 0.000 0.000 -0.000 -0.002 -0.002 -0.001 0.003 -0.002 -0.010 -0.009 -0.012 -0.020 -0.027 0.004 0.001 -0.001 -0.010 -0.020 -0.034 -0.048 -0.071 -0.113 -0.095 -0.072 -0.076 -0.112 -0.081 -0.066 -0.063 -0.075 -0.080 -0.084 -0.116 -0.141 -0.092 -0.071 -0.067 -0.110 -0.130 -0.129 -0.102 -0.100 -0.178 -0.103 -0.105 -0.105 -0.236 -0.147 -0.118 -0.107 -0.107 -0.119 -0.096 -0.087 -0.088 -0.105 -0.128 -0.113 -0.122 -0.130 -0.132 -0.130 -0.150 -0.166 -0.121 -0.069 -0.079 -0.068 -0.052 -0.026 -0.013 -0.020 -0.017 -0.016
0.000 0.000 0.000 0.000 0.000 -0.000 -0.001 -0.002 -0.006 -0.001 -0.020 -0.013 -0.015 -0.021 -0.034 -0.021 -0.040 -0.104 -0.121 -0.138 -0.142 -0.142 -0.132 -0.125 -0.107 -0.099 -0.101 -0.115 -0.156 -0.146 -0.158 -0.139 -0.117 -0.109 -0.119 -0.115 -0.160 -0.122 -0.114 -0.095 -0.091 -0.132 -0.141 -0.142 -0.089 -0.092 -0.081 -0.071 -0.148 -0.190 -0.125 -0.095 -0.095 -0.105 -0.107 -0.102 -0.108 -0.127 -0.154 -0.132 -0.126 -0.124 -0.132 -0.118 -0.105 -0.088 -0.083 -0.067 -0.035 -0.042 -0.036 -0.028 -0.006 0.000 0.000 -0.003
0.000 0.000 0.000 0.000 0.000 -0.000 -0.002 -0.002 -0.005 -0.009 -0.016 -0.046 -0.045 -0.026 -0.032 -0.012 -0.034 -0.053 -0.075 -0.079 -0.079 -0.067 -0.112 -0.168 -0.092 -0.050 -0.051 -0.048 -0.057 -0.131 -0.132 -0.096 -0.104 -0.146 -0.195 -0.208 -0.192 -0.231 -0.232 -0.219 -0.214 -0.141 -0.113 -0.114 -0.097 -0.071 -0.069 -0.207 -0.074 -0.074 -0.100 -0.107 -0.118 -0.136 -0.125 -0.144 -0.194 -0.186 -0.146 -0.111 -0.105 -0.135 -0.097 -0.090 -0.052 -0.049 -0.058 -0.060 -0.034 -0.027 -0.026 -0.004 0.000 0.000 0.000 0.000
0.000 0.000 0.000 0.000 0.000 0.000 -0.001 -0.006 -0.010 -0.010 -0.010 -0.005 -0.019 -0.033 -0.040 -0.018 -0.024 -0.032 -0.040 -0.048 -0.047 -0.028 -0.036 -0.048 -0.120 -0.167 -0.160 -0.123 -0.097 -0.082 -0.106 -0.189 -0.277 -0.268 -0.209 -0.212 -0.180 -0.135 -0.121 -0.099 -0.105 -0.139 -0.119 -0.125 -0.139 -0.178 -0.260 -0.105 -0.055 -0.056 -0.095 -0.106 -0.095 -0.081 -0.109 -0.127 -0.121 -0.119 -0.114 -0.111 -0.104 -0.081 -0.084 -0.097 -0.062 -0.069 -0.033 -0.021 -0.015 -0.011 -0.002 -0.002 0.000 0.000 0.000 0.000
0.000 0.000 0.000 0.000 0.000 0.000 -0.000 -0.001 -0.010 -0.021 -0.020 -0.006 -0.005 -0.006 -0.006 -0.064 -0.057 -0.034 -0.041 -0.051 -0.061 -0.102 -0.103 -0.118 -0.105 -0.092 -0.077 -0.079 -0.072 -0.080 -0.126 -0.127 -0.210 -0.200 -0.174 -0.141 -0.141 -0.139 -0.130 -0.132 -0.110 -0.104 -0.177 -0.170 -0.107 -0.133 -0.117 -0.139 -0.167 -0.132 -0.083 -0.069 -0.070 -0.082 -0.113 -0.102 -0.095 -0.096 -0.111 -0.140 -0.149 -0.109 -0.111 -0.081 -0.058 -0.032 -0.024 -0.011 -0.009 -0.003 0.000 0.000 0.000 0.000 0.000 0.000
0.000 0.000 0.000 0.000 0.000 0.000 0.000 -0.000 -0.001 -0.009 -0.025 -0.015 -0.014 -0.019 -0.003 -0.040 -0.049 -0.067 -0.060 -0.060 -0.061 -0.078 -0.080 -0.068 -0.044 -0.049 -0.029 -0.037 -0.111 -0.121 -0.075 -0.059 -0.117 -0.127 -0.148 -0.130 -0.134 -0.157 -0.156 -0.121 -0.120 -0.118 -0.105 -0.123 -0.156 -0.110 -0.073 -0.083 -0.139 -0.167 -0.132 -0.100 -0.083 -0.077 -0.096 -0.124 -0.128 -0.137 -0.146 -0.115 -0.100 -0.096 -0.079 -0.059 -0.046 -0.026 -0.020 -0.007 -0.006 0.000 0.000 0.000 0.000 0.000 0.000 0.000
0.000 0.000 0.000 0.000 0.000 0.000 0.000 0.000 -0.000 -0.001 -0.003 -0.021 -0.021 -0.028 -0.033 -0.032 -0.034 -0.045 -0.056 -0.054 -0.052 -0.075 -0.078 -0.061 -0.149 -0.038 -0.045 -0.038 -0.333 -0.314 -0.292 -0.258 -0.103 -0.093 -0.095 -0.091 -0.088 -0.072 -0.061 -0.094 -0.103 -0.096 -0.097 -0.114 -0.093 -0.080 -0.060 -0.052 -0.057 -0.061 -0.112 -0.118 -0.120 -0.114 -0.108 -0.116 -0.102 -0.090 -0.091 -0.077 -0.074 -0.067 -0.062 -0.056 -0.036 -0.011 -0.009 -0.008 -0.004 -0.000 0.000 0.000 0.000 0.000 0.000 0.000
