Data/res-0210.Qy
ncols         433
nrows         492
xllcorner     1194560.000000
yllcorner     -584483.500000
cellsize      25.000000
NODATA_value  -9999.000000
[rows 429 to 461 of 492, columns 228 to 303 of 433]
-0.050 -0.023 -0.031 0.009 -0.027 -0.029 -0.183 -0.093 -0.080 -0.140 -0.141 -0.017 -0.032 -0.022 -0.009 -0.009 -0.007 -0.033 -0.026 -0.025 -0.029 -0.055 -0.013 -0.013 -0.010 -0.000 0.024 -0.001 0.023 0.013 0.017 0.020 0.054 0.051 0.037 0.110 0.096 0.092 0.108 0.123 0.129 0.134 0.130 0.131 0.065 0.016 0.098 0.044 0.003 0.000 0.014 0.000 0.014 0.012 0.013 0.010 0.020 0.010 0.003 0.005 0.011 0.015 0.010 0.005 0.001 0.000 0.000 0.000 0.000 0.000 0.000 0.000 0.000 0.000 0.000 0.000
0.005 -0.001 -0.060 -0.035 -0.098 -0.059 -0.160 -0.094 -0.088 -0.137 -0.036 -0.102 -0.131 -0.025 -0.014 -0.012 -0.009 -0.032 -0.019 -0.017 -0.017 -0.020 0.016 0.031 -0.006 -0.020 -0.004 -0.016 -0.008 0.016 0.031 0.055 0.028 0.037 0.066 0.121 0.075 0.097 0.087 0.121 0.112 0.109 0.122 0.105 0.070 0.020 0.048 0.059 0.040 0.001 0.014 0.000 0.012 0.028 0.006 0.012 0.012 0.012 0.004 0.005 0.012 0.015 0.009 0.004 0.000 0.000 0.000 0.000 0.000 0.000 0.000 0.000 0.000 0.000 0.000 0.000
-0.008 -0.007 -0.053 -0.020 -0.107 -0.071 -0.144 -0.089 -0.121 -0.163 -0.024 -0.033 -0.010 -0.018 -0.050 -0.048 -0.016 -0.021 -0.004 -0.008 -0.010 -0.032 -0.077 -0.024 -0.005 0.000 -0.000 -0.004 0.003 0.020 0.029 0.025 0.016 0.069 0.094 0.075 0.071 0.093 0.080 0.119 0.108 0.074 0.103 0.093 0.064 0.032 0.031 0.037 0.034 0.016 0.025 0.014 0.023 0.019 0.006 0.012 0.011 0.014 0.006 0.008 0.009 0.012 0.006 0.003 0.000 0.000 0.000 0.000 0.000 0.000 0.000 0.000 0.000 0.000 0.000 0.000
-0.027 -0.016 -0.064 -0.035 -0.088 -0.065 -0.142 -0.075 -0.107 -0.096 -0.042 -0.029 -0.043 -0.020 -0.012 -0.027 -0.039 -0.031 -0.020 -0.043 -0.019 -0.031 -0.036 -0.014 -0.042 -0.014 -0.007 0.021 0.043 0.043 0.008 0.021 0.025 0.060 0.077 0.063 0.071 0.072 0.073 0.099 0.094 0.066 0.095 0.068 0.059 0.052 0.027 0.014 0.043 0.019 0.037 0.014 0.023 0.016 0.017 0.014 0.010 0.011 0.006 0.012 0.009 0.011 0.005 0.001 0.000 0.000 0.000 0.000 0.000 0.000 0.000 0.000 0.000 0.000 0.000 0.000
-0.042 -0.020 -0.032 -0.043 -0.032 -0.044 -0.107 -0.078 -0.120 -0.118 -0.052 -0.035 -0.083 -0.019 -0.007 -0.009 -0.015 -0.067 -0.014 -0.009 -0.038 -0.040 -0.031 -0.003 -0.006 -0.026 -0.039 0.031 0.045 0.009 0.013 0.015 0.022 0.116 0.045 0.055 0.070 0.071 0.070 0.078 0.078 0.061 0.073 0.059 0.048 0.049 0.027 0.013 0.043 0.021 0.036 0.015 0.024 0.017 0.016 0.016 0.012 0.010 0.009 0.010 0.008 0.008 0.003 0.001 0.000 0.000 0.000 0.000 0.000 0.000 0.000 0.000 0.000 0.000 0.000 0.000
-0.023 -0.012 -0.035 -0.040 -0.027 -0.044 -0.071 -0.088 -0.111 -0.135 -0.052 -0.033 -0.046 -0.047 0.005 -0.017 -0.010 -0.054 -0.042 -0.017 -0.033 -0.020 -0.023 -0.029 -0.019 -0.014 0.008 0.040 0.033 -0.000 -0.014 0.010 0.030 0.154 0.030 0.052 0.065 0.056 0.064 0.064 0.071 0.043 0.067 0.049 0.044 0.039 0.029 0.013 0.045 0.022 0.026 0.019 0.031 0.016 0.016 0.017 0.012 0.011 0.010 0.010 0.008 0.005 0.002 0.001 0.000 0.000 0.000 0.000 0.000 0.000 0.000 0.000 0.000 0.000 0.000 0.000
-0.006 -0.001 -0.045 -0.040 -0.024 -0.030 -0.061 -0.049 -0.075 -0.096 -0.082 -0.044 -0.043 -0.040 -0.051 -0.056 -0.015 -0.019 -0.055 -0.025 -0.017 0.012 -0.034 -0.034 -0.003 -0.020 0.010 0.036 0.004 0.003 0.023 0.019 0.036 0.092 0.034 0.060 0.066 0.040 0.061 0.051 0.061 0.046 0.053 0.051 0.037 0.033 0.020 0.024 0.026 0.038 0.028 0.016 0.021 0.022 0.018 0.017 0.016 0.010 0.008 0.010 0.007 0.003 0.002 0.000 0.000 0.000 0.000 0.000 0.000 0.000 0.000 0.000 0.000 0.000 0.000 0.000
0.000 0.000 -0.000 -0.054 -0.040 -0.028 -0.042 -0.016 -0.084 -0.053 -0.058 -0.094 -0.077 -0.041 -0.059 -0.056 -0.028 -0.022 -0.036 -0.016 0.015 -0.020 -0.026 -0.038 -0.012 -0.010 0.050 0.025 0.002 0.004 0.019 0.027 0.033 0.050 0.042 0.058 0.051 0.037 0.067 0.049 0.041 0.063 0.038 0.044 0.034 0.033 0.020 0.022 0.019 0.034 0.042 0.017 0.020 0.019 0.018 0.016 0.015 0.012 0.008 0.009 0.007 0.003 0.002 0.000 0.000 0.001 0.000 0.000 0.000 0.000 0.000 0.000 0.000 0.000 0.000 0.000
0.000 0.000 0.000 0.000 -0.021 -0.067 -0.060 -0.018 -0.052 -0.023 -0.044 -0.117 -0.109 -0.028 -0.023 -0.021 -0.045 -0.048 -0.034 0.003 -0.014 -0.021 -0.037 -0.045 -0.017 0.017 0.045 0.020 -0.002 -0.001 0.025 0.023 0.035 0.043 0.045 0.050 0.042 0.038 0.064 0.034 0.031 0.062 0.038 0.029 0.034 0.034 0.017 0.019 0.016 0.027 0.048 0.020 0.019 0.016 0.016 0.018 0.013 0.012 0.009 0.007 0.006 0.004 0.001 -0.000 0.000 0.000 0.000 0.000 0.000 0.000 0.000 0.000 0.000 0.000 0.000 0.000
0.000 0.000 0.000 0.000 0.000 -0.023 -0.064 -0.043 -0.065 -0.020 -0.025 -0.074 -0.086 -0.055 -0.054 -0.024 -0.017 -0.054 -0.033 -0.023 -0.028 -0.020 -0.027 -0.008 -0.021 0.034 0.036 -0.001 -0.005 0.002 0.015 0.017 0.046 0.032 0.048 0.053 0.036 0.039 0.043 0.042 0.029 0.047 0.038 0.028 0.021 0.036 0.026 0.013 0.012 0.022 0.050 0.022 0.019 0.013 0.019 0.020 0.014 0.011 0.009 0.006 0.005 0.003 0.002 -0.000 0.000 0.000 0.000 0.000 0.000 0.000 0.000 0.000 0.000 0.000 0.000 0.000
0.000 0.000 0.000 0.000 0.000 -0.001 -0.032 -0.052 -0.058 -0.041 -0.024 -0.050 -0.053 -0.072 -0.059 -0.040 -0.022 -0.045 -0.037 -0.035 -0.031 -0.022 -0.013 -0.006 0.000 0.043 0.015 -0.004 -0.011 0.003 0.032 0.016 0.039 0.034 0.042 0.038 0.038 0.036 0.028 0.043 0.027 0.031 0.038 0.026 0.019 0.036 0.024 0.014 0.010 0.016 0.043 0.025 0.022 0.010 0.022 0.019 0.016 0.008 0.007 0.007 0.005 0.003 0.001 -0.000 0.000 0.000 0.000 0.000 0.000 0.000 0.000 0.000 0.000 0.000 0.000 0.000
0.000 0.000 0.000 0.000 0.000 0.000 -0.016 -0.035 -0.038 -0.047 -0.027 -0.050 -0.044 -0.062 -0.050 -0.047 -0.032 -0.053 -0.045 -0.031 -0.031 -0.029 -0.024 -0.007 0.047 0.024 -0.002 0.000 0.012 0.012 0.017 0.019 0.027 0.035 0.041 0.031 0.024 0.027 0.026 0.037 0.034 0.027 0.030 0.035 0.019 0.034 0.012 0.013 0.012 0.015 0.016 0.032 0.028 0.018 0.026 0.018 0.014 0.006 0.006 0.006 0.007 0.003 0.001 0.000 0.000 0.000 0.000 0.000 0.000 0.000 0.000 0.000 0.000 0.000 0.000 0.000
0.000 0.000 0.000 0.000 0.000 0.000 -0.007 -0.029 -0.028 -0.037 -0.028 -0.042 -0.048 -0.046 -0.031 -0.014 -0.066 -0.085 -0.044 -0.015 -0.003 -0.014 -0.043 -0.004 0.037 0.003 -0.005 -0.007 0.006 0.017 0.024 0.028 0.025 0.028 0.026 0.030 0.028 0.024 0.022 0.031 0.032 0.020 0.021 0.031 0.021 0.028 0.013 0.016 0.014 0.014 0.014 0.021 0.035 0.019 0.032 0.011 0.006 0.010 0.009 0.008 0.008 0.003 0.000 -0.000 0.000 0.000 0.000 0.000 0.000 0.000 0.000 0.000 0.000 0.000 0.000 0.000
0.000 0.000 0.000 0.000 0.000 0.000 -0.004 -0.021 -0.024 -0.027 -0.024 -0.034 -0.048 -0.035 -0.029 -0.021 -0.070 -0.088 -0.037 -0.015 -0.014 -0.018 -0.005 0.015 0.001 -0.005 -0.002 0.006 0.014 0.010 0.013 0.035 0.016 0.033 0.017 0.023 0.023 0.031 0.015 0.023 0.022 0.017 0.018 0.030 0.028 0.019 0.012 0.017 0.012 0.014 0.015 0.019 0.033 0.017 0.031 0.013 0.006 0.011 0.009 0.004 0.008 0.003 0.000 0.000 0.000 0.000 0.000 0.000 0.000 0.000 0.000 0.000 0.000 0.000 0.000 0.000
0.000 0.000 0.000 0.000 0.000 0.000 -0.001 -0.010 -0.021 -0.024 -0.024 -0.030 -0.037 -0.038 -0.027 -0.029 -0.079 -0.068 -0.027 -0.016 -0.024 -0.011 0.023 0.007 -0.007 -0.011 -0.009 0.001 0.017 0.008 0.009 0.043 0.013 0.022 0.017 0.035 0.014 0.020 0.013 0.035 0.016 0.022 0.012 0.023 0.017 0.016 0.011 0.018 0.012 0.017 0.020 0.018 0.021 0.019 0.023 0.019 0.008 0.010 0.008 0.005 0.005 0.003 0.000 0.000 0.000 0.000 0.000 0.000 0.000 0.000 0.000 0.000 0.000 0.000 0.000 0.000
0.000 0.000 0.000 0.000 0.000 -0.000 -0.001 -0.004 -0.011 -0.018 -0.026 -0.038 -0.024 -0.046 -0.031 -0.033 -0.086 -0.041 -0.017 -0.019 -0.022 0.020 0.002 -0.008 -0.006 -0.007 -0.009 -0.001 0.016 0.009 0.030 0.026 0.013 0.021 0.026 0.014 0.014 0.021 0.011 0.019 0.015 0.019 0.013 0.023 0.012 0.012 0.015 0.015 0.013 0.016 0.021 0.015 0.016 0.019 0.022 0.018 0.008 0.010 0.008 0.005 0.004 0.002 0.001 0.000 0.000 0.000 0.000 0.000 0.000 0.000 0.000 0.000 0.000 0.000 0.000 0.000
0.000 0.000 0.000 0.000 -0.000 -0.000 -0.002 -0.003 -0.009 -0.015 -0.021 -0.044 -0.019 -0.034 -0.040 -0.058 -0.055 -0.027 -0.013 -0.021 -0.014 0.015 -0.003 -0.008 -0.007 -0.004 -0.000 0.006 0.012 0.011 0.029 0.023 0.014 0.018 0.024 0.013 0.012 0.022 0.012 0.010 0.014 0.014 0.011 0.015 0.010 0.017 0.020 0.016 0.016 0.015 0.021 0.010 0.011 0.015 0.017 0.015 0.013 0.007 0.003 0.004 0.003 0.001 0.001 0.000 0.000 0.000 0.000 0.000 0.000 0.000 0.000 0.000 0.000 0.000 0.000 0.000
0.000 0.000 0.000 -0.000 -0.000 -0.000 -0.002 -0.004 -0.007 -0.014 -0.019 -0.032 -0.023 -0.035 -0.062 -0.054 -0.031 -0.021 -0.014 -0.016 -0.001 0.003 -0.005 -0.008 -0.007 0.001 0.017 0.018 0.015 0.017 0.016 0.006 0.011 0.013 0.024 0.014 0.009 0.008 0.011 0.009 0.022 0.016 0.004 0.007 0.007 0.025 0.012 0.014 0.021 0.014 0.015 0.012 0.011 0.016 0.018 0.014 0.007 0.006 0.004 0.004 0.003 0.001 0.000 0.000 0.000 0.000 0.000 0.000 0.000 0.000 0.000 0.000 0.000 0.000 0.000 0.000
-0.000 -0.000 -0.000 -0.000 -0.000 -0.001 -0.001 -0.003 -0.006 -0.015 -0.015 -0.023 -0.030 -0.039 -0.055 -0.044 -0.027 -0.017 -0.014 -0.013 -0.004 -0.004 -0.004 -0.006 -0.001 0.013 0.023 0.015 0.014 0.020 0.013 0.011 0.008 0.008 0.014 0.019 0.007 -0.005 0.006 0.011 0.020 0.008 0.002 0.023 0.009 0.010 0.008 0.013 0.019 0.013 0.013 0.013 0.013 0.013 0.013 0.013 0.007 0.006 0.002 0.003 0.001 0.000 -0.000 0.000 0.000 0.000 0.000 0.000 0.000 0.000 0.000 0.000 0.000 0.000 0.000 0.000
0.000 0.000 -0.000 -0.000 -0.001 -0.002 -0.001 -0.003 -0.005 -0.011 -0.019 -0.020 -0.032 -0.034 -0.038 -0.041 -0.026 -0.018 -0.017 -0.011 0.004 -0.009 -0.001 0.002 0.013 0.008 0.018 0.013 0.017 0.018 0.012 0.010 0.007 0.007 0.018 0.007 0.003 0.007 0.007 0.000 0.009 0.006 0.016 0.008 0.009 0.012 0.010 0.016 0.009 0.016 0.009 0.012 0.014 0.009 0.010 0.011 0.006 0.005 0.002 0.002 0.001 0.000 -0.000 0.000 0.000 0.000 0.000 0.000 0.000 0.000 0.000 0.000 0.000 0.000 0.000 0.000
0.000 0.000 0.000 -0.000 -0.000 -0.000 -0.002 -0.005 -0.004 -0.009 -0.015 -0.017 -0.020 -0.031 -0.034 -0.041 -0.022 -0.023 -0.016 -0.002 0.010 -0.006 -0.001 0.005 0.006 0.010 0.012 0.011 0.017 0.013 0.016 0.008 0.004 0.013 0.004 -0.004 0.002 0.014 0.012 0.007 0.005 0.004 0.010 0.007 0.011 0.003 0.006 0.016 0.007 0.012 0.007 0.013 0.013 0.008 0.009 0.014 0.004 0.000 0.001 0.000 0.001 0.001 -0.000 0.000 0.000 0.000 0.000 0.000 0.000 0.000 0.000 0.000 0.000 0.000 0.000 0.000
0.000 0.000 0.000 0.000 -0.000 -0.000 -0.002 -0.004 -0.004 -0.007 -0.008 -0.010 -0.014 -0.032 -0.037 -0.034 -0.020 -0.015 -0.009 0.000 -0.002 -0.010 -0.001 0.003 0.013 0.011 0.007 0.010 0.021 0.014 0.013 0.006 0.008 0.017 0.003 -0.003 0.001 0.007 0.003 0.003 0.003 0.003 0.011 0.007 0.007 0.004 0.010 0.015 0.004 0.009 0.012 0.007 0.012 0.009 0.009 0.010 0.000 0.000 0.001 0.000 0.001 0.001 -0.000 0.000 0.000 0.000 0.000 0.000 0.000 0.000 0.000 0.000 0.000 0.000 0.000 0.000
0.000 0.000 0.000 0.000 0.000 -0.000 -0.002 -0.002 -0.002 -0.004 -0.007 -0.010 -0.013 -0.029 -0.034 -0.025 -0.016 -0.012 0.001 0.000 -0.009 -0.008 -0.002 0.002 0.009 0.010 0.008 0.010 0.025 0.012 0.010 0.007 0.009 0.005 0.002 0.002 0.003 0.004 0.001 -0.002 -0.000 0.002 0.011 0.008 0.004 0.003 0.009 0.007 0.003 0.009 0.010 0.007 0.012 0.008 0.007 0.006 0.000 0.000 -0.000 0.000 0.001 0.000 -0.000 0.000 0.000 0.000 0.000 0.000 0.000 0.000 0.000 0.000 0.000 0.000 0.000 0.000
0.000 0.000 0.000 0.001 0.000 -0.000 -0.000 -0.000 -0.001 -0.005 -0.006 -0.009 -0.013 -0.023 -0.028 -0.021 -0.014 -0.008 -0.000 -0.001 -0.005 -0.006 -0.002 0.008 0.006 0.006 0.006 0.017 0.020 0.014 0.008 0.006 0.007 0.002 -0.001 -0.000 0.005 0.002 0.000 -0.001 -0.003 0.001 0.008 0.005 0.003 0.005 0.005 0.009 0.003 0.005 0.006 0.006 0.014 0.004 0.006 0.005 0.000 -0.000 0.000 0.000 0.000 0.000 0.000 0.000 0.000 0.000 0.000 0.000 0.000 0.000 0.000 0.000 0.000 0.000 0.000 0.000
0.000 0.001 0.000 0.000 0.000 0.000 -0.001 -0.000 -0.001 -0.002 -0.002 -0.011 -0.014 -0.017 -0.017 -0.014 -0.013 -0.008 -0.003 -0.003 -0.002 -0.002 0.000 0.007 0.010 0.009 0.010 0.011 0.014 0.012 0.004 0.007 0.004 0.000 -0.003 0.001 0.001 0.001 0.001 -0.000 -0.002 -0.001 0.004 0.001 0.003 0.004 0.004 0.008 0.003 0.005 0.003 0.004 0.010 0.004 0.003 0.004 0.000 0.000 0.000 0.000 0.000 0.000 0.000 0.000 0.000 0.000 0.000 0.000 0.000 0.000 0.000 0.000 0.000 0.000 0.000 0.000
0.000 0.000 0.000 0.000 0.000 -0.000 -0.000 0.000 -0.000 -0.000 -0.000 -0.010 -0.010 -0.007 -0.008 -0.008 -0.014 -0.016 -0.011 -0.004 -0.001 0.001 0.008 0.008 0.009 0.011 0.015 0.010 0.009 0.007 0.002 0.001 0.002 0.001 0.001 -0.001 -0.000 0.001 0.000 -0.003 -0.002 -0.003 -0.001 0.000 0.003 0.003 0.004 0.007 0.005 0.003 0.002 0.007 0.005 0.003 0.003 0.003 0.001 0.000 -0.000 0.000 0.000 0.000 0.000 0.000 0.000 0.000 0.000 0.000 0.000 0.000 0.000 0.000 0.000 0.000 0.000 0.000
0.000 0.000 0.000 0.000 0.000 0.000 0.000 -0.000 0.000 0.000 0.000 -0.004 -0.008 -0.006 -0.007 -0.006 -0.008 -0.012 -0.015 -0.002 0.002 0.003 0.009 0.007 0.010 0.021 0.006 0.010 0.005 0.001 0.003 0.003 -0.001 -0.001 -0.001 -0.001 -0.000 0.004 -0.001 -0.002 -0.002 -0.004 -0.002 -0.001 -0.001 0.002 0.004 0.005 0.002 0.001 0.001 0.007 0.004 0.002 0.002 0.000 0.001 -0.000 0.000 0.000 0.000 0.000 0.000 0.000 0.000 0.000 0.000 0.000 0.000 0.000 0.000 0.000 0.000 0.000 0.000 0.000
0.000 0.000 0.000 0.000 0.000 0.000 0.000 -0.000 0.000 -0.000 0.000 -0.003 -0.002 -0.002 -0.006 -0.003 -0.005 -0.011 -0.011 -0.001 0.004 0.006 0.008 0.006 0.011 0.009 0.005 0.009 0.003 0.003 0.000 0.000 -0.003 -0.000 -0.003 0.001 0.001 -0.001 -0.001 -0.001 -0.001 -0.001 -0.001 -0.000 -0.002 0.001 0.003 0.004 0.002 0.001 0.001 0.004 0.001 0.001 0.001 0.000 0.000 0.000 0.000 0.000 0.000 0.000 0.000 0.000 0.000 0.000 0.000 0.000 0.000 0.000 0.000 0.000 0.000 0.000 0.000 0.000
0.000 0.000 0.000 0.000 0.000 0.000 0.000 0.000 -0.000 -0.000 -0.000 -0.001 -0.001 -0.001 -0.003 -0.003 -0.004 -0.005 -0.005 0.004 0.004 0.006 0.007 0.005 0.003 0.005 0.003 0.003 0.002 0.000 0.000 0.000 -0.001 0.001 0.000 -0.000 0.000 -0.000 -0.003 -0.001 -0.001 0.000 -0.000 -0.001 -0.000 0.001 0.001 0.002 0.001 0.001 0.001 0.000 0.000 0.000 0.000 0.000 0.000 0.000 0.000 0.000 0.000 0.000 0.000 0.000 0.000 0.000 0.000 0.000 0.000 0.000 0.000 0.000 0.000 0.000 0.000 0.000
0.000 0.000 0.000 0.000 0.000 0.000 0.000 0.000 0.000 0.000 0.000 0.000 0.000 -0.000 -0.001 -0.002 -0.002 -0.004 0.000 0.005 0.006 0.007 0.003 0.001 0.000 0.000 0.001 0.001 0.000 0.000 0.000 0.000 0.000 0.000 0.000 0.000 0.000 0.000 0.000 0.000 0.000 0.000 0.000 0.000 0.000 0.000 0.000 0.000 0.000 0.000 0.000 0.000 0.000 0.000 0.000 0.000 0.000 0.000 0.000 0.000 0.000 0.000 0.000 0.000 0.000 0.000 0.000 0.000 0.000 0.000 0.000 0.000 0.000 0.000 0.000 0.000
0.000 0.000 0.000 0.000 0.000 0.000 0.000 0.000 0.000 0.000 0.000 0.000 0.000 0.000 0.000 -0.001 -0.003 0.000 0.004 0.007 0.005 0.000 0.000 0.000 0.000 0.000 0.000 0.000 0.000 0.000 0.000 0.000 0.000 0.000 0.000 0.000 0.000 0.000 0.000 0.000 0.000 0.000 0.000 0.000 0.000 0.000 0.000 0.000 0.000 0.000 0.000 0.000 0.000 0.000 0.000 0.000 0.000 0.000 0.000 0.000 0.000 0.000 0.000 0.000 0.000 0.000 0.000 0.000 0.000 0.000 0.000 0.000 0.000 0.000 0.000 0.000
0.000 0.000 0.000 0.000 0.000 0.000 0.000 0.000 0.000 0.000 0.000 0.000 0.000 0.000 0.000 0.000 -0.000 0.002 0.006 0.004 -0.000 0.000 0.000 0.000 0.000 0.000 0.000 0.000 0.000 0.000 0.000 0.000 0.000 0.000 0.000 0.000 0.000 0.000 0.000 0.000 0.000 0.000 0.000 0.000 0.000 0.000 0.000 0.000 0.000 0.000 0.000 0.000 0.000 0.000 0.000 0.000 0.000 0.000 0.000 0.000 0.000 0.000 0.000 0.000 0.000 0.000 0.000 0.000 0.000 0.000 0.000 0.000 0.000 0.000 0.000 0.000
0.000 0.000 0.000 0.000 0.000 0.000 0.000 0.000 0.000 0.000 0.000 0.000 0.000 0.000 0.000 0.000 0.001 0.003 0.006 0.002 0.000 0.000 0.000 0.000 0.000 0.000 0.000 0.000 0.000 0.000 0.000 0.000 0.000 0.000 0.000 0.000 0.000 0.000 0.000 0.000 0.000 0.000 0.000 0.000 0.000 0.000 0.000 0.000 0.000 0.000 0.000 0.000 0.000 0.000 0.000 0.000 0.000 0.000 0.000 0.000 0.000 0.000 0.000 0.000 0.000 0.000 0.000 0.000 0.000 0.000 0.000 0.000 0.000 0.000 0.000 0.000
