Data/res-0019.Qx
ncols         434
nrows         491
xllcorner     1194547.500000
yllcorner     -584471.000000
cellsize      25.000000
NODATA_value  -9999.000000
[rows 238 to 271 of 491, columns 154 to 230 of 434]
0.000 0.000 0.000 0.002 0.000 0.016 0.019 0.027 0.037 0.044 0.034 0.022 0.024 0.022 0.022 0.051 0.104 0.112 0.056 0.025 0.016 0.020 0.013 0.001 0.003 -0.000 0.000 0.000 0.000 0.000 0.000 0.000 0.000 0.000 0.002 0.000 0.000 0.000 0.000 -0.002 0.010 0.000 0.000 0.000 0.000 0.000 0.016 0.000 0.000 0.000 0.000 0.000 0.000 0.000 0.000 0.000 0.000 0.000 0.000 0.000 -0.002 -0.002 -0.003 0.003 -0.006 0.005 0.009 0.078 0.034 0.037 -0.030 -0.031 0.002 -0.004 0.001 0.000 0.000
0.000 0.000 0.000 0.000 0.001 0.019 0.022 0.035 0.033 0.022 0.030 0.033 0.030 0.084 0.188 0.167 0.061 0.058 0.048 0.054 0.093 0.002 0.002 0.004 0.045 0.045 0.014 0.000 0.000 0.000 0.000 0.000 0.002 0.000 0.028 0.000 0.000 0.000 0.000 0.000 0.001 0.000 0.000 0.000 0.000 0.000 0.003 0.000 0.000 0.000 0.000 0.000 0.000 0.000 0.000 0.000 0.000 0.000 0.000 0.000 0.000 0.000 0.000 -0.006 -0.001 -0.005 0.016 0.065 0.034 0.182 0.091 0.051 0.029 0.036 0.024 0.000 0.000
0.000 0.000 0.000 0.000 0.000 0.000 0.005 0.003 0.005 0.016 0.043 0.056 0.090 0.087 0.144 0.142 0.090 0.064 0.055 0.054 0.043 0.014 -0.002 0.023 0.000 0.000 0.000 0.002 0.001 0.001 0.017 0.101 0.099 0.097 0.053 0.076 0.000 0.000 -0.002 -0.004 -0.001 0.000 0.000 0.000 0.000 0.000 0.000 0.000 0.000 0.000 0.000 0.000 0.000 0.000 0.000 0.000 0.000 0.000 0.000 0.000 0.000 0.000 0.000 0.000 0.000 0.002 0.138 0.020 0.012 0.055 0.045 0.030 0.032 0.021 0.026 0.049 0.017
0.027 0.000 0.000 0.000 0.000 0.000 0.005 0.001 0.000 0.000 0.007 0.041 0.069 0.175 0.061 0.030 0.032 0.030 0.019 0.042 0.013 0.009 0.006 0.007 0.000 0.000 0.000 0.012 0.013 0.009 0.010 0.003 0.000 0.000 -0.001 -0.001 0.000 0.000 0.000 0.000 0.002 0.009 0.000 0.000 0.000 0.000 0.000 0.000 0.000 0.000 0.000 0.000 0.000 0.000 0.000 0.000 0.000 0.000 0.000 0.000 0.000 0.000 0.000 0.011 0.000 0.027 0.014 0.016 0.206 -0.003 0.004 0.008 0.006 0.005 0.000 0.000 0.032
0.565 0.000 0.000 0.000 0.000 0.000 0.001 -0.001 0.001 0.000 0.008 0.009 0.024 0.071 0.053 0.061 0.057 0.039 0.027 0.036 0.028 0.025 0.034 0.004 -0.004 0.000 0.000 0.000 0.000 0.015 0.009 0.000 0.000 0.000 0.000 0.000 0.068 0.004 0.000 -0.001 0.236 0.019 0.023 0.000 0.000 0.000 0.000 0.000 0.000 0.000 0.000 0.000 0.000 0.000 0.000 0.000 -0.006 -0.007 -0.000 -0.000 0.007 0.008 0.015 0.036 0.072 0.089 0.053 0.178 0.024 -0.002 0.011 0.019 0.001 0.003 0.000 0.000 0.000
0.996 0.000 0.000 0.000 0.000 0.000 0.000 0.057 0.085 0.091 0.054 0.022 0.028 0.012 0.017 0.076 0.068 0.081 0.141 0.052 0.047 0.043 0.026 0.015 0.006 0.000 0.000 0.000 0.000 -0.006 0.096 0.061 0.060 0.000 0.000 0.000 -0.000 0.001 -0.000 0.201 0.006 0.000 0.000 0.000 0.000 0.000 0.000 0.000 0.000 0.000 0.000 0.000 0.000 0.000 0.000 -0.006 0.000 0.000 -0.007 -0.007 0.004 0.002 -0.004 0.036 0.044 0.048 -0.018 0.001 0.022 0.018 0.023 0.006 0.003 0.000 0.000 0.000 0.000
-0.462 0.000 0.000 0.000 0.000 0.008 0.075 0.067 0.092 0.111 0.165 0.173 0.117 0.041 0.041 0.011 0.017 0.032 0.060 0.060 0.041 0.017 0.008 0.006 0.000 0.000 0.000 0.000 0.000 0.000 0.014 0.000 0.000 0.000 0.000 0.000 -0.000 0.037 0.043 0.077 0.005 0.000 0.000 0.000 0.000 0.000 0.000 0.000 0.000 0.000 0.000 0.000 0.000 0.000 -0.006 0.000 0.000 0.000 0.000 0.000 0.000 0.000 -0.001 -0.044 -0.019 -0.007 -0.006 -0.028 0.019 0.007 0.002 0.002 0.003 0.002 0.006 0.243 0.242
0.017 0.026 0.039 0.045 0.132 0.192 0.121 0.104 0.085 0.134 0.117 0.110 0.158 0.113 0.109 0.038 0.039 0.072 0.071 0.077 0.084 0.048 0.033 0.029 0.000 0.000 0.000 0.000 0.000 0.267 0.146 0.000 0.000 0.065 0.000 0.000 -0.002 0.080 0.235 0.000 0.000 0.003 0.000 0.000 0.000 0.000 0.000 0.000 0.000 0.000 0.000 0.000 0.000 0.000 0.000 0.000 0.000 0.000 0.000 0.000 -0.019 0.000 0.000 0.007 -0.038 -0.051 -0.009 0.086 0.052 0.011 0.015 0.005 0.000 0.000 0.107 0.000 0.000
0.453 1.567 0.893 0.497 0.296 0.182 0.209 0.200 0.180 0.090 0.062 0.056 0.113 0.097 0.092 0.067 0.068 0.107 0.064 0.059 0.251 0.331 0.368 0.408 0.447 0.462 0.462 0.414 0.313 0.037 0.031 0.165 0.025 0.015 0.063 0.002 -0.000 0.045 0.002 0.000 0.000 0.000 0.000 0.000 0.000 0.000 0.000 0.000 0.000 0.000 0.000 0.000 0.000 0.000 0.000 0.000 0.000 0.000 0.000 0.000 0.000 -0.017 -0.001 0.016 0.019 0.014 0.055 -0.016 0.001 0.001 0.007 0.006 0.000 0.000 0.052 0.000 0.000
0.000 0.001 0.647 0.081 0.178 0.222 0.166 0.145 0.144 0.161 0.168 0.176 0.089 0.079 0.079 0.195 0.294 0.263 0.227 0.213 0.051 0.071 0.068 0.032 0.032 0.006 0.003 0.018 0.031 0.032 0.034 0.034 0.005 0.005 0.019 0.076 0.057 0.081 0.006 0.000 0.000 0.000 0.000 0.000 0.000 0.000 0.023 0.018 0.000 0.000 0.000 0.000 0.000 0.000 0.000 -0.000 -0.000 0.000 0.000 0.000 0.002 0.000 0.002 0.030 0.028 0.022 0.114 0.021 0.018 0.088 0.116 0.227 0.274 0.275 0.097 0.055 0.055
0.000 0.000 0.001 0.901 0.136 0.105 0.140 0.136 0.120 0.112 0.179 0.183 0.137 0.105 0.092 0.133 0.099 0.089 0.074 0.069 0.044 0.027 0.035 0.037 0.036 0.046 0.033 0.065 0.099 0.043 0.035 0.022 0.178 0.178 0.063 0.054 0.085 0.103 0.043 0.032 0.042 0.039 0.037 0.034 0.032 0.029 0.000 0.000 0.000 0.000 0.000 0.000 0.000 0.000 0.000 -0.001 -0.001 -0.002 0.001 0.007 0.007 0.006 0.099 0.090 0.158 0.164 0.078 0.055 0.078 0.060 0.029 0.063 0.024 0.022 0.036 0.000 0.000
0.000 0.000 0.003 0.010 0.052 0.077 0.075 0.076 0.070 0.082 0.058 0.056 0.109 0.120 0.143 0.063 0.070 0.032 0.030 0.051 0.033 0.024 0.015 0.014 0.000 0.000 0.000 0.000 0.050 0.105 0.015 0.014 0.044 0.056 0.181 0.187 0.140 0.023 0.027 0.030 0.000 0.000 0.000 0.000 0.000 0.000 0.000 0.000 0.000 0.000 0.000 0.000 0.000 0.000 0.000 0.000 0.000 0.000 -0.003 0.015 0.025 0.174 0.137 0.121 0.075 0.071 0.004 0.011 0.021 0.051 0.022 0.000 0.000 0.000 0.000 0.000 0.000
0.000 0.000 0.005 0.003 0.031 0.040 0.048 0.074 0.075 0.096 0.073 0.060 0.071 0.078 0.110 0.078 0.041 0.012 0.010 0.013 0.013 0.016 0.001 0.000 0.005 0.004 0.000 0.000 0.003 0.000 0.091 0.090 0.045 0.031 0.010 0.008 0.029 0.001 0.000 0.000 0.012 0.008 0.005 0.000 0.000 0.000 0.000 0.000 0.000 0.000 0.000 0.000 0.000 0.000 0.000 0.000 0.000 0.000 0.000 0.013 0.035 0.041 0.041 0.044 0.040 0.033 0.013 0.003 0.025 0.012 0.011 0.006 0.000 0.000 0.000 0.000 0.000
0.000 0.000 0.000 0.001 0.530 0.115 0.070 0.046 0.075 0.064 0.066 0.174 0.136 0.115 0.081 0.063 0.029 0.012 0.008 0.020 0.020 0.014 0.022 0.036 0.049 0.033 0.005 0.000 0.001 0.002 0.002 0.003 0.030 0.015 0.016 0.014 0.019 0.004 0.000 0.000 0.003 0.000 0.000 0.000 0.000 0.000 0.000 0.000 0.000 0.000 0.000 0.000 0.000 0.000 0.000 0.000 0.000 0.000 0.011 -0.017 -0.014 0.004 0.030 0.030 0.038 0.031 0.014 0.038 0.019 0.029 0.063 0.000 0.000 0.000 0.000 0.000 0.000
0.000 0.000 0.000 -0.009 0.070 0.387 0.425 0.432 0.407 0.387 0.365 0.253 0.204 0.154 0.115 0.082 0.063 0.072 0.099 0.067 0.099 0.067 0.051 0.027 0.020 0.034 0.112 0.104 0.045 0.035 0.018 0.011 0.007 0.000 0.000 -0.001 0.002 0.003 0.002 0.011 0.000 0.000 0.000 0.000 0.000 0.000 0.082 0.054 0.000 0.000 0.000 0.000 0.000 0.000 0.000 0.000 0.000 0.004 -0.002 -0.004 -0.000 -0.049 -0.045 0.050 0.038 0.043 0.024 0.069 0.022 0.043 0.045 -0.002 0.000 0.000 0.000 0.000 0.000
0.000 0.000 0.000 -0.019 0.023 0.057 0.019 0.012 0.004 0.002 0.002 0.003 0.012 0.051 0.050 0.050 0.053 0.067 0.071 0.075 0.035 0.031 0.027 0.037 0.048 0.103 0.079 0.088 0.111 0.051 0.065 0.071 0.054 0.002 0.001 -0.001 0.006 0.023 0.015 0.005 0.000 0.000 0.000 0.000 0.000 0.000 0.000 0.000 0.000 0.000 0.000 0.000 0.000 0.000 0.000 0.000 0.001 0.001 0.001 0.001 0.014 -0.007 -0.013 0.063 0.141 0.129 0.163 0.239 0.138 0.032 0.009 0.001 -0.000 0.018 0.017 0.017 0.017
0.000 0.000 -0.001 0.026 0.037 0.049 0.031 0.029 0.031 0.026 0.023 0.022 0.031 0.029 0.034 0.038 0.062 0.070 0.052 0.041 0.046 0.119 0.134 0.139 0.118 0.049 0.026 0.026 0.059 0.009 0.012 0.006 0.028 0.107 0.070 0.063 0.048 0.017 0.020 0.011 0.000 0.000 0.000 0.000 0.000 -0.012 0.000 0.000 0.000 0.000 -0.000 -0.001 -0.001 -0.002 -0.001 0.002 -0.000 0.006 0.001 0.006 0.092 0.049 0.027 0.008 0.130 0.131 0.114 0.016 0.041 0.034 0.003 0.002 0.008 0.000 0.000 0.000 0.000
0.000 0.000 0.009 0.035 0.049 0.067 0.076 0.067 0.052 0.043 0.041 0.052 0.058 0.073 0.053 0.050 0.059 0.050 0.048 0.115 0.129 0.067 0.064 0.032 0.027 0.033 0.020 0.020 0.021 0.000 0.000 0.004 0.018 0.040 0.150 0.201 0.200 0.000 0.000 0.000 0.000 0.000 0.000 0.000 0.000 0.000 0.000 0.000 0.000 0.000 0.000 0.000 0.000 0.000 -0.002 0.062 0.067 0.062 0.075 0.088 0.008 0.020 0.031 -0.033 0.018 0.067 0.090 0.047 0.006 0.005 0.002 0.001 0.011 0.000 0.000 0.000 0.000
0.000 0.077 0.085 0.097 0.133 0.138 0.114 0.112 0.119 0.097 0.102 0.094 0.083 0.086 0.101 0.079 0.067 0.079 0.099 0.045 0.039 0.044 0.050 0.076 0.051 0.050 0.067 0.070 0.075 0.002 0.001 0.102 0.164 0.147 0.091 0.060 0.026 0.001 0.000 0.000 0.000 0.000 0.000 0.000 0.000 0.000 -0.000 0.000 0.000 0.000 0.000 0.000 0.000 0.000 0.000 -0.003 -0.003 0.002 0.008 0.020 0.021 0.031 0.043 0.051 -0.040 0.134 0.095 0.049 0.044 0.041 0.020 0.018 0.000 0.000 0.000 0.000 0.000
0.005 0.054 0.057 0.073 0.063 0.078 0.063 0.068 0.051 0.064 0.056 0.048 0.040 0.033 0.037 0.090 0.110 0.091 0.058 0.055 0.068 0.038 0.013 0.012 0.064 0.075 0.076 0.061 0.057 0.286 0.293 0.189 0.103 0.107 0.125 0.092 0.058 0.003 0.004 0.005 0.005 0.003 0.001 0.000 0.000 0.000 -0.126 0.000 0.000 0.000 0.000 0.000 0.000 0.000 0.000 -0.065 -0.022 0.012 0.026 0.039 0.028 0.043 0.082 0.062 0.012 0.028 0.039 0.349 0.382 0.200 0.000 0.000 0.000 0.000 0.000 0.000 0.000
0.253 0.131 0.044 0.030 0.032 0.022 0.020 0.025 0.084 0.098 0.049 0.048 0.062 0.062 0.070 0.062 0.046 0.072 0.096 0.089 0.110 0.127 0.050 0.040 0.028 0.018 0.011 0.019 0.018 0.003 0.006 0.005 0.004 0.189 0.152 0.161 0.063 0.034 0.013 0.003 0.000 0.000 0.000 -0.002 0.000 0.000 -0.053 0.000 0.000 0.000 0.000 0.000 0.000 0.000 -0.000 0.000 -0.048 0.020 0.104 0.123 0.133 0.115 0.084 0.107 0.069 0.070 0.389 0.118 0.100 0.288 -0.000 0.000 0.000 0.000 0.000 0.009 0.015
0.051 0.045 0.114 0.115 0.110 0.059 0.088 0.095 0.061 0.061 0.079 0.079 0.075 0.051 0.054 0.047 0.042 0.033 0.023 0.028 0.004 0.004 0.099 0.018 0.012 0.010 0.000 0.000 0.000 0.002 0.025 0.095 0.272 0.057 0.004 0.000 0.000 0.001 -0.000 0.004 0.000 0.000 0.000 0.000 0.000 0.000 0.000 -0.004 0.000 0.000 0.000 0.000 0.000 0.002 -0.000 0.000 0.000 0.149 0.123 0.093 0.204 0.223 0.201 0.129 0.084 0.005 0.008 0.004 0.008 0.043 0.549 0.548 0.480 0.183 0.030 0.020 0.013
0.001 0.001 0.001 0.015 0.017 0.048 0.082 0.064 0.042 0.040 0.089 0.105 0.102 0.120 0.076 0.072 0.076 0.079 0.064 0.030 0.001 0.001 0.001 0.006 0.010 0.013 0.001 0.005 0.004 0.031 0.076 0.204 0.024 0.017 0.025 0.003 -0.008 0.006 0.000 0.000 0.000 0.000 0.000 0.000 0.050 0.397 0.394 0.205 0.064 0.034 0.031 0.016 0.009 -0.000 0.000 0.042 0.146 -0.012 0.022 0.018 0.071 0.079 0.088 0.121 0.101 0.070 0.006 0.036 0.066 0.026 0.023 0.023 0.029 -0.058 0.000 0.000 0.000
0.057 0.058 0.060 0.053 0.060 0.045 0.053 0.059 0.075 0.099 0.118 0.108 0.101 0.109 0.146 0.153 0.132 0.075 0.058 0.021 0.012 0.002 0.001 0.092 0.057 0.060 0.096 0.096 0.096 0.073 0.068 0.004 0.005 0.009 0.005 0.022 -0.005 -0.006 0.009 0.008 0.006 0.000 0.000 0.000 0.186 0.000 0.000 0.000 0.027 0.000 0.000 0.000 0.000 0.000 0.035 0.075 0.077 0.029 0.111 0.159 0.050 0.053 0.065 0.147 0.249 0.137 -0.102 0.004 0.000 0.000 0.000 0.000 0.062 0.012 0.061 0.053 0.150
0.014 0.013 0.013 0.010 0.007 0.072 0.089 0.090 0.102 0.101 0.077 0.080 0.082 0.091 0.090 0.073 0.074 0.098 0.084 0.135 0.134 0.088 0.049 0.031 0.009 0.003 0.002 0.001 0.000 0.098 0.098 0.035 0.034 0.032 0.000 -0.000 -0.014 0.000 0.000 0.000 0.000 0.000 0.000 0.000 0.157 0.000 0.000 0.000 0.097 0.049 0.032 0.024 0.013 0.013 0.084 0.048 0.032 0.021 0.017 0.048 0.078 0.085 0.086 0.122 0.055 0.064 0.031 -0.001 -0.002 0.000 0.000 0.000 0.000 0.432 0.481 0.491 0.393
0.013 0.012 0.008 0.008 0.024 0.025 0.028 0.052 0.068 0.066 0.068 0.085 0.103 0.074 0.071 0.065 0.049 0.043 0.048 0.032 0.039 0.092 0.138 0.157 0.216 0.054 0.046 0.032 0.032 0.059 0.064 0.011 0.010 0.002 0.014 -0.032 -0.019 0.000 0.000 0.000 0.000 0.000 -0.003 0.240 0.001 0.000 0.000 0.000 0.000 0.096 0.109 0.115 0.125 0.358 0.260 0.222 0.126 0.115 0.072 0.107 0.110 0.099 0.198 0.089 0.066 0.052 0.037 0.007 -0.006 0.001 0.000 0.000 0.000 0.000 -0.005 0.000 0.000
0.000 0.000 0.002 0.017 0.014 0.012 0.015 0.021 0.038 0.045 0.066 0.061 0.057 0.071 0.073 0.050 0.040 0.033 0.037 0.022 0.024 0.032 0.026 0.000 0.000 0.284 0.292 0.283 0.281 0.136 0.028 0.001 0.001 0.014 0.045 0.039 -0.076 0.005 0.000 0.000 0.000 0.000 0.000 0.199 0.019 0.000 0.000 0.000 0.000 0.000 0.000 0.000 0.022 0.006 0.034 0.064 0.130 0.209 0.111 0.095 0.074 0.092 0.202 0.106 0.096 0.057 0.048 0.002 0.001 0.000 0.000 0.000 0.000 0.000 -0.000 0.000 0.000
0.000 0.000 0.005 0.011 0.009 0.014 0.020 0.015 0.024 0.030 0.062 0.063 0.063 0.064 0.069 0.078 0.073 0.073 0.044 0.025 0.028 0.022 0.016 0.047 0.039 0.000 0.000 0.013 0.013 0.004 0.008 0.012 0.019 0.011 0.005 0.001 -0.052 0.019 0.005 0.002 0.000 0.006 0.240 0.000 0.000 0.000 0.000 0.000 0.000 0.000 0.000 0.000 -0.020 -0.045 0.029 0.058 0.044 0.061 0.064 0.068 0.245 0.209 0.032 0.044 0.022 0.025 0.025 -0.024 0.010 0.000 0.000 0.000 0.000 0.000 0.000 -0.010 -0.007
0.001 0.006 0.001 0.013 0.006 0.015 0.018 0.028 0.052 0.079 0.042 0.043 0.068 0.076 0.057 0.060 0.070 0.073 0.098 0.045 0.003 0.003 0.023 0.028 0.072 0.009 0.008 0.000 0.000 0.011 0.022 0.020 0.012 0.007 0.048 0.036 -0.003 0.023 0.034 0.180 0.423 0.615 0.379 0.030 0.025 0.006 0.004 0.002 0.000 0.000 0.000 0.000 -0.000 -0.198 -0.027 0.107 0.127 0.168 0.373 0.386 0.132 0.187 0.128 0.092 0.057 0.041 0.052 0.036 0.000 0.000 0.000 0.000 0.000 0.000 0.000 0.001 -0.004
10.733 10.771 1.025 0.001 0.000 0.021 0.049 0.059 0.043 0.039 0.044 0.049 0.051 0.046 0.047 0.047 0.066 0.068 0.095 0.197 0.152 0.132 0.115 0.074 0.062 0.083 0.083 0.077 0.071 0.061 0.025 0.030 0.030 0.026 0.086 0.149 0.482 0.526 0.474 0.384 0.177 0.019 0.020 0.000 -0.000 0.000 0.000 0.000 0.000 0.000 0.000 0.000 -0.003 -0.002 -0.164 0.345 0.371 0.272 0.072 0.012 0.036 0.029 0.013 0.021 0.021 0.017 0.054 0.041 0.038 0.000 0.000 0.000 0.000 0.000 0.000 0.000 0.000
0.792 0.749 10.477 0.241 0.142 0.074 0.046 0.035 0.038 0.041 0.045 0.041 0.058 0.063 0.074 0.090 0.070 0.005 0.003 0.002 0.068 0.041 0.042 0.077 0.085 0.013 0.012 0.075 0.078 0.039 0.037 0.032 0.022 0.165 0.083 0.091 0.137 0.144 0.131 0.144 0.094 0.031 0.016 0.001 -0.000 0.009 0.004 0.000 0.000 0.000 0.000 0.000 0.000 0.000 -0.002 0.023 0.030 0.017 0.025 0.022 0.023 0.014 0.007 0.010 0.016 0.095 0.038 0.025 0.023 0.041 0.007 0.000 0.000 0.000 0.000 0.000 0.000
0.000 0.000 0.001 9.747 0.030 0.053 0.041 0.053 0.047 0.057 0.064 0.090 0.057 0.056 0.065 0.048 0.041 0.066 0.037 0.038 0.023 0.006 0.006 0.049 0.054 0.108 0.096 0.042 0.032 0.026 0.000 0.000 0.171 0.028 0.013 0.049 0.050 0.030 0.059 0.026 0.030 0.042 0.043 0.208 -0.000 0.002 0.000 0.000 0.000 0.000 0.000 0.000 0.000 0.004 0.011 -0.001 -0.004 -0.005 0.029 0.040 0.031 0.039 0.025 0.058 0.065 0.010 0.020 0.030 0.019 0.041 0.010 0.000 0.000 0.000 0.000 -0.001 0.002
0.000 0.000 0.000 0.935 0.002 0.013 0.022 0.041 0.048 0.045 0.057 0.070 0.066 0.068 0.060 0.061 0.048 0.029 0.000 0.000 0.040 0.038 0.041 0.043 0.048 0.036 0.118 0.129 0.087 0.087 0.156 0.133 0.003 0.003 0.020 0.000 -0.000 0.023 0.048 0.001 0.000 0.000 0.000 0.000 0.006 0.000 0.000 0.000 0.000 0.000 0.000 0.000 0.004 0.009 -0.060 -0.276 -0.034 0.017 0.025 0.029 0.031 0.019 0.028 0.047 0.077 0.054 0.021 0.008 0.006 0.012 0.007 0.000 0.000 -0.000 0.000 0.000 0.041
-0.011 -0.015 -0.001 0.365 0.006 0.075 0.081 0.063 0.058 0.053 0.063 0.049 0.048 0.053 0.052 0.052 0.079 0.140 0.065 0.062 0.054 0.138 0.136 0.075 0.028 0.012 0.000 0.000 0.015 0.001 0.000 0.045 0.009 0.004 0.038 0.000 0.000 -0.003 0.000 0.006 0.003 0.000 0.000 0.000 0.193 0.000 0.000 0.000 0.000 0.000 0.000 -0.000 0.009 0.003 -0.016 -0.434 -0.422 -0.004 -0.004 0.091 0.091 0.034 0.052 0.043 0.033 0.043 0.134 0.225 0.225 0.214 0.010 0.000 0.000 0.000 0.045 0.045 0.000
