Data/res-0019.wd
ncols         433
nrows         491
xllcorner     1194560.000000
yllcorner     -584471.000000
cellsize      25.000000
NODATA_value  -9999.000000
[rows 238 to 271 of 491, columns 154 to 230 of 433]
0.000 0.000 0.004 0.005 0.024 0.023 0.030 0.037 0.048 0.042 0.034 0.072 0.090 0.062 0.161 0.214 0.268 0.126 0.121 0.081 0.200 0.187 0.069 0.023 0.014 0.113 0.000 0.000 0.000 0.000 0.000 0.000 0.000 0.253 0.102 0.000 0.000 0.000 0.080 0.126 0.362 0.000 0.000 0.000 0.000 0.269 0.016 0.000 0.000 0.000 0.000 0.000 0.000 0.000 0.000 0.000 0.000 0.000 0.000 0.125 0.149 0.186 0.120 0.079 0.048 0.034 0.074 0.099 0.108 0.395 0.312 0.225 0.071 0.114 0.036 0.000 0.000
0.000 0.000 0.000 0.005 0.024 0.028 0.039 0.035 0.026 0.051 0.072 0.078 0.151 0.231 0.232 0.224 0.143 0.104 0.165 0.135 0.162 0.063 0.038 0.074 0.135 0.147 0.028 0.000 0.000 0.000 0.000 0.050 0.006 0.298 0.300 0.000 0.000 0.000 0.000 0.084 0.338 0.000 0.000 0.000 0.000 0.007 0.016 0.000 0.000 0.000 0.000 0.000 0.000 0.000 0.000 0.000 0.000 0.000 0.000 0.000 0.000 0.000 0.024 0.042 0.050 0.053 0.140 0.065 0.147 0.178 0.173 0.350 0.298 0.342 0.175 0.000 0.040
0.000 0.000 0.000 0.000 0.002 0.024 0.008 0.013 0.022 0.092 0.121 0.204 0.164 0.259 0.215 0.191 0.172 0.120 0.128 0.139 0.098 0.074 0.160 0.087 0.000 0.000 0.111 0.004 0.003 0.061 0.126 0.128 0.084 0.111 0.185 0.170 0.000 0.019 0.100 0.195 0.370 0.000 0.000 0.000 0.000 0.000 0.005 0.000 0.000 0.000 0.000 0.000 0.000 0.000 0.000 0.000 0.000 0.000 0.000 0.000 0.000 0.000 0.000 0.038 0.038 0.125 0.117 0.047 0.257 0.072 0.086 0.086 0.130 0.139 0.183 0.271 0.019
0.226 0.000 0.000 0.000 0.002 0.010 0.017 0.012 0.000 0.036 0.117 0.184 0.278 0.248 0.163 0.084 0.115 0.096 0.236 0.118 0.064 0.043 0.196 0.076 0.009 0.000 0.012 0.025 0.014 0.081 0.261 0.032 0.000 0.005 0.010 0.316 0.000 0.000 0.000 0.084 0.457 0.028 0.000 0.000 0.000 0.000 0.000 0.000 0.000 0.000 0.000 0.000 0.000 0.000 0.000 0.000 0.000 0.000 0.000 0.000 0.000 0.012 0.045 0.053 0.097 0.157 0.052 0.121 0.189 0.028 0.025 0.035 0.014 0.080 0.000 0.030 0.164
0.645 0.000 0.000 0.000 0.000 0.005 0.041 0.016 0.006 0.038 0.115 0.131 0.229 0.152 0.143 0.115 0.108 0.103 0.249 0.127 0.119 0.066 0.200 0.092 0.128 0.014 0.000 0.000 0.044 0.026 0.170 0.000 0.000 0.000 0.000 0.244 0.110 0.015 0.027 0.311 0.292 0.019 0.095 0.000 0.000 0.000 0.000 0.000 0.000 0.000 0.000 0.000 0.000 0.000 0.000 0.139 0.285 0.205 0.022 0.107 0.219 0.130 0.190 0.229 0.187 0.187 0.184 0.261 0.066 0.053 0.036 0.035 0.008 0.014 0.000 0.000 0.030
1.153 0.000 0.000 0.000 0.000 0.000 0.064 0.116 0.094 0.115 0.064 0.140 0.237 0.084 0.162 0.120 0.170 0.205 0.300 0.146 0.126 0.168 0.051 0.052 0.058 0.000 0.000 0.000 0.072 0.069 0.077 0.119 0.076 0.000 0.000 0.002 0.280 0.011 0.277 0.485 0.061 0.000 0.000 0.000 0.000 0.000 0.000 0.000 0.000 0.000 0.000 0.000 0.000 0.000 0.097 0.017 0.000 0.091 0.254 0.140 0.074 0.319 0.274 0.268 0.297 0.277 0.225 0.089 0.086 0.078 0.079 0.020 0.010 0.002 0.000 0.000 0.000
0.925 0.000 0.000 0.000 0.015 0.049 0.057 0.098 0.100 0.158 0.167 0.178 0.245 0.129 0.183 0.053 0.112 0.218 0.136 0.215 0.112 0.065 0.026 0.040 0.000 0.000 0.000 0.000 0.014 0.240 0.038 0.000 0.215 0.000 0.000 0.000 0.275 0.123 0.509 0.170 0.027 0.000 0.000 0.000 0.000 0.000 0.000 0.000 0.000 0.000 0.000 0.000 0.000 0.055 0.007 0.000 0.000 0.000 0.000 0.146 0.000 0.035 0.183 0.098 0.101 0.087 0.150 0.156 0.081 0.066 0.033 0.017 0.008 0.020 0.142 0.158 0.170
0.492 0.030 0.031 0.061 0.084 0.056 0.068 0.080 0.109 0.153 0.126 0.204 0.273 0.202 0.198 0.079 0.152 0.198 0.140 0.157 0.172 0.107 0.062 0.087 0.000 0.030 0.000 0.000 0.137 0.146 0.176 0.000 0.065 0.117 0.000 0.080 0.267 0.505 0.302 0.000 0.055 0.003 0.000 0.000 0.000 0.000 0.000 0.000 0.000 0.000 0.000 0.000 0.000 0.000 0.000 0.000 0.000 0.000 0.000 0.037 0.094 0.000 0.041 0.134 0.231 0.262 0.424 0.232 0.142 0.094 0.062 0.062 0.003 0.068 0.187 0.000 0.000
0.778 0.614 0.132 0.114 0.066 0.081 0.096 0.125 0.110 0.075 0.092 0.219 0.180 0.162 0.179 0.114 0.241 0.179 0.124 0.242 0.281 0.261 0.248 0.212 0.173 0.219 0.218 0.158 0.112 0.031 0.209 0.150 0.020 0.137 0.144 0.020 0.209 0.458 0.072 0.000 0.000 0.000 0.000 0.000 0.000 0.000 0.000 0.000 0.000 0.000 0.000 0.000 0.000 0.000 0.037 0.012 0.000 0.000 0.000 0.000 0.039 0.074 0.052 0.055 0.107 0.145 0.403 0.165 0.050 0.100 0.040 0.053 0.004 0.183 0.066 0.000 0.000
0.019 0.152 0.563 0.076 0.088 0.068 0.077 0.097 0.113 0.151 0.180 0.251 0.151 0.134 0.269 0.260 0.320 0.291 0.275 0.253 0.122 0.101 0.116 0.047 0.059 0.011 0.049 0.086 0.038 0.031 0.057 0.242 0.010 0.072 0.161 0.192 0.470 0.233 0.067 0.000 0.000 0.000 0.000 0.000 0.000 0.018 0.014 0.012 0.000 0.000 0.000 0.000 0.000 0.000 0.129 0.025 0.026 0.000 0.000 0.060 0.008 0.026 0.073 0.059 0.076 0.140 0.199 0.405 0.364 0.316 0.171 0.230 0.231 0.319 0.141 0.056 0.067
0.000 0.017 0.356 0.239 0.053 0.066 0.077 0.085 0.090 0.160 0.218 0.190 0.187 0.151 0.283 0.245 0.172 0.132 0.143 0.150 0.120 0.063 0.056 0.082 0.033 0.037 0.077 0.117 0.175 0.042 0.026 0.079 0.257 0.202 0.126 0.293 0.558 0.264 0.119 0.038 0.041 0.078 0.043 0.026 0.025 0.017 0.000 0.001 0.000 0.000 0.000 0.000 0.000 0.000 0.024 0.118 0.177 0.158 0.204 0.073 0.042 0.235 0.103 0.129 0.184 0.173 0.093 0.143 0.172 0.219 0.233 0.102 0.044 0.143 0.103 0.000 0.000
0.000 0.014 0.054 0.513 0.049 0.043 0.056 0.062 0.088 0.111 0.077 0.182 0.166 0.200 0.283 0.186 0.156 0.071 0.183 0.131 0.117 0.066 0.032 0.029 0.000 0.025 0.000 0.094 0.138 0.077 0.016 0.036 0.089 0.357 0.311 0.422 0.484 0.110 0.086 0.047 0.000 0.000 0.000 0.000 0.000 0.000 0.000 0.000 0.000 0.000 0.000 0.000 0.000 0.000 0.000 0.000 0.000 0.225 0.333 0.170 0.402 0.206 0.180 0.122 0.094 0.150 0.066 0.097 0.069 0.085 0.190 0.029 0.000 0.000 0.129 0.082 0.000
0.000 0.019 0.044 0.484 0.034 0.033 0.055 0.068 0.115 0.101 0.080 0.142 0.124 0.246 0.193 0.186 0.116 0.042 0.120 0.074 0.126 0.055 0.005 0.016 0.009 0.130 0.000 0.041 0.007 0.088 0.172 0.033 0.042 0.201 0.052 0.267 0.412 0.010 0.000 0.035 0.042 0.009 0.006 0.000 0.000 0.000 0.000 0.000 0.000 0.000 0.000 0.000 0.000 0.000 0.000 0.000 0.000 0.034 0.316 0.433 0.430 0.155 0.120 0.096 0.083 0.082 0.072 0.145 0.083 0.037 0.181 0.068 0.000 0.000 0.000 0.000 0.000
0.000 0.007 0.037 0.228 0.381 0.046 0.033 0.092 0.076 0.075 0.164 0.190 0.154 0.165 0.150 0.147 0.080 0.039 0.156 0.086 0.179 0.045 0.028 0.044 0.038 0.060 0.028 0.004 0.085 0.009 0.008 0.157 0.026 0.128 0.067 0.241 0.427 0.019 0.000 0.027 0.002 0.000 0.001 0.000 0.000 0.000 0.000 0.006 0.000 0.000 0.000 0.000 0.030 0.000 0.000 0.000 0.000 0.111 0.298 0.211 0.404 0.252 0.140 0.159 0.097 0.086 0.110 0.159 0.099 0.059 0.158 0.000 0.000 0.000 0.000 0.000 0.021
0.000 0.005 0.040 0.074 0.109 0.267 0.257 0.278 0.239 0.222 0.174 0.222 0.189 0.200 0.176 0.148 0.110 0.168 0.161 0.201 0.171 0.152 0.091 0.018 0.037 0.122 0.171 0.080 0.038 0.086 0.019 0.013 0.193 0.000 0.013 0.086 0.434 0.015 0.035 0.138 0.000 0.000 0.000 0.000 0.000 0.100 0.087 0.019 0.000 0.000 0.000 0.000 0.041 0.000 0.000 0.000 0.169 0.169 0.078 0.138 0.380 0.485 0.410 0.188 0.174 0.112 0.194 0.149 0.150 0.152 0.052 0.040 0.000 0.042 0.000 0.000 0.047
0.000 0.006 0.056 0.040 0.046 0.045 0.023 0.028 0.016 0.009 0.024 0.068 0.131 0.135 0.108 0.105 0.117 0.121 0.181 0.180 0.084 0.081 0.050 0.030 0.112 0.073 0.070 0.185 0.068 0.040 0.130 0.075 0.241 0.023 0.036 0.108 0.447 0.098 0.047 0.017 0.000 0.000 0.000 0.000 0.000 0.125 0.000 0.000 0.000 0.000 0.000 0.000 0.026 0.000 0.000 0.158 0.022 0.031 0.039 0.116 0.333 0.320 0.511 0.428 0.428 0.274 0.449 0.368 0.224 0.108 0.030 0.011 0.139 0.182 0.116 0.022 0.104
0.000 0.015 0.076 0.056 0.054 0.076 0.042 0.058 0.053 0.065 0.074 0.117 0.122 0.088 0.091 0.136 0.128 0.147 0.102 0.095 0.157 0.152 0.156 0.162 0.041 0.023 0.032 0.055 0.083 0.043 0.010 0.060 0.220 0.158 0.201 0.171 0.479 0.071 0.073 0.026 0.000 0.000 0.000 0.000 0.072 0.060 0.000 0.000 0.000 0.067 0.129 0.177 0.189 0.179 0.125 0.015 0.092 0.034 0.073 0.294 0.191 0.211 0.434 0.327 0.320 0.511 0.317 0.101 0.131 0.122 0.018 0.036 0.154 0.000 0.000 0.000 0.033
0.000 0.058 0.053 0.055 0.080 0.103 0.079 0.078 0.081 0.094 0.132 0.154 0.196 0.171 0.112 0.171 0.133 0.102 0.185 0.226 0.189 0.097 0.122 0.027 0.027 0.072 0.026 0.032 0.136 0.000 0.015 0.055 0.073 0.339 0.353 0.430 0.396 0.000 0.000 0.047 0.000 0.000 0.000 0.000 0.000 0.109 0.000 0.000 0.000 0.000 0.000 0.000 0.000 0.120 0.149 0.223 0.227 0.245 0.300 0.205 0.116 0.131 0.305 0.390 0.158 0.342 0.370 0.186 0.032 0.049 0.013 0.037 0.116 0.000 0.000 0.000 0.095
0.075 0.106 0.074 0.177 0.131 0.120 0.103 0.148 0.170 0.181 0.230 0.184 0.200 0.174 0.196 0.160 0.141 0.161 0.192 0.116 0.087 0.071 0.049 0.043 0.037 0.112 0.057 0.055 0.166 0.012 0.110 0.167 0.202 0.126 0.182 0.134 0.351 0.027 0.000 0.000 0.000 0.000 0.000 0.000 0.000 0.064 0.002 0.000 0.000 0.000 0.000 0.000 0.000 0.000 0.099 0.026 0.025 0.038 0.056 0.097 0.129 0.136 0.186 0.368 0.260 0.192 0.401 0.155 0.117 0.125 0.091 0.109 0.000 0.000 0.032 0.040 0.000
0.119 0.053 0.066 0.074 0.086 0.109 0.082 0.100 0.232 0.152 0.127 0.121 0.220 0.094 0.250 0.207 0.242 0.150 0.120 0.133 0.123 0.065 0.015 0.076 0.051 0.107 0.064 0.042 0.179 0.157 0.216 0.128 0.104 0.164 0.140 0.183 0.345 0.053 0.020 0.007 0.005 0.002 0.000 0.000 0.000 0.081 0.064 0.000 0.000 0.000 0.000 0.000 0.000 0.000 0.118 0.071 0.066 0.062 0.086 0.075 0.105 0.201 0.178 0.219 0.313 0.108 0.395 0.502 0.507 0.283 0.129 0.000 0.000 0.000 0.039 0.000 0.009
0.138 0.083 0.034 0.050 0.048 0.107 0.051 0.189 0.260 0.196 0.119 0.170 0.216 0.143 0.170 0.196 0.126 0.223 0.197 0.161 0.138 0.117 0.036 0.027 0.021 0.031 0.061 0.019 0.130 0.047 0.012 0.032 0.162 0.141 0.205 0.189 0.395 0.171 0.050 0.012 0.000 0.000 0.001 0.125 0.000 0.038 0.206 0.000 0.000 0.000 0.000 0.000 0.000 0.017 0.003 0.139 0.101 0.124 0.188 0.171 0.138 0.137 0.158 0.266 0.403 0.339 0.291 0.156 0.375 0.310 0.025 0.000 0.000 0.000 0.099 0.072 0.055
0.038 0.073 0.101 0.096 0.083 0.111 0.207 0.212 0.138 0.237 0.174 0.186 0.278 0.135 0.132 0.156 0.207 0.092 0.084 0.144 0.020 0.086 0.056 0.015 0.019 0.065 0.019 0.000 0.021 0.052 0.073 0.258 0.196 0.059 0.016 0.232 0.337 0.052 0.084 0.077 0.000 0.000 0.000 0.103 0.000 0.000 0.145 0.058 0.000 0.000 0.027 0.000 0.005 0.026 0.003 0.009 0.196 0.176 0.119 0.231 0.230 0.206 0.200 0.151 0.305 0.422 0.114 0.031 0.083 0.475 0.491 0.405 0.121 0.107 0.123 0.189 0.025
0.004 0.003 0.031 0.038 0.121 0.137 0.172 0.161 0.106 0.201 0.228 0.216 0.295 0.276 0.161 0.197 0.264 0.176 0.176 0.084 0.008 0.008 0.061 0.014 0.044 0.059 0.011 0.016 0.072 0.144 0.267 0.115 0.027 0.150 0.058 0.221 0.367 0.086 0.000 0.000 0.000 0.000 0.000 0.065 0.147 0.223 0.174 0.221 0.101 0.170 0.017 0.012 0.013 0.004 0.042 0.122 0.189 0.090 0.061 0.133 0.120 0.116 0.130 0.143 0.232 0.369 0.125 0.109 0.082 0.043 0.030 0.049 0.353 0.108 0.000 0.000 0.000
0.037 0.061 0.050 0.079 0.152 0.114 0.148 0.151 0.212 0.267 0.235 0.214 0.243 0.273 0.329 0.250 0.267 0.163 0.209 0.073 0.050 0.008 0.053 0.109 0.096 0.065 0.094 0.124 0.098 0.131 0.246 0.011 0.021 0.054 0.156 0.212 0.294 0.127 0.011 0.009 0.009 0.000 0.000 0.151 0.161 0.000 0.000 0.239 0.070 0.000 0.000 0.088 0.000 0.043 0.236 0.069 0.078 0.110 0.158 0.160 0.097 0.093 0.128 0.221 0.212 0.306 0.251 0.073 0.000 0.000 0.006 0.089 0.374 0.065 0.047 0.300 0.196
0.016 0.018 0.019 0.028 0.153 0.161 0.187 0.200 0.214 0.276 0.176 0.199 0.217 0.221 0.217 0.157 0.197 0.193 0.175 0.202 0.148 0.035 0.027 0.181 0.044 0.014 0.007 0.006 0.133 0.257 0.156 0.036 0.034 0.101 0.007 0.191 0.250 0.000 0.000 0.000 0.000 0.000 0.000 0.327 0.130 0.000 0.000 0.104 0.243 0.025 0.120 0.101 0.039 0.177 0.071 0.075 0.049 0.128 0.072 0.095 0.119 0.119 0.205 0.123 0.089 0.084 0.286 0.095 0.035 0.000 0.017 0.000 0.172 0.525 0.360 0.236 0.520
0.020 0.010 0.016 0.073 0.075 0.072 0.145 0.165 0.192 0.163 0.177 0.274 0.249 0.185 0.199 0.149 0.115 0.193 0.138 0.042 0.043 0.086 0.104 0.163 0.144 0.059 0.101 0.055 0.309 0.116 0.112 0.017 0.013 0.116 0.104 0.177 0.214 0.000 0.000 0.000 0.000 0.115 0.298 0.128 0.023 0.000 0.000 0.000 0.047 0.171 0.221 0.206 0.324 0.216 0.223 0.157 0.095 0.108 0.093 0.156 0.098 0.155 0.225 0.115 0.096 0.067 0.243 0.231 0.132 0.079 0.000 0.000 0.000 0.164 0.067 0.000 0.000
0.000 0.005 0.036 0.048 0.063 0.048 0.084 0.126 0.121 0.170 0.261 0.150 0.266 0.185 0.211 0.120 0.104 0.225 0.111 0.031 0.058 0.021 0.044 0.000 0.171 0.225 0.293 0.240 0.168 0.173 0.059 0.003 0.108 0.158 0.217 0.333 0.244 0.034 0.000 0.000 0.000 0.001 0.306 0.151 0.054 0.000 0.000 0.000 0.000 0.000 0.000 0.206 0.322 0.067 0.066 0.123 0.201 0.171 0.123 0.094 0.081 0.241 0.141 0.109 0.129 0.063 0.304 0.083 0.058 0.000 0.000 0.000 0.000 0.020 0.163 0.000 0.000
0.001 0.012 0.021 0.026 0.045 0.065 0.058 0.107 0.096 0.149 0.212 0.155 0.174 0.231 0.155 0.146 0.217 0.217 0.105 0.037 0.032 0.015 0.042 0.081 0.128 0.000 0.130 0.030 0.057 0.156 0.016 0.026 0.025 0.061 0.097 0.297 0.213 0.050 0.007 0.001 0.044 0.260 0.166 0.004 0.000 0.000 0.000 0.000 0.000 0.000 0.000 0.146 0.365 0.147 0.094 0.075 0.111 0.090 0.135 0.206 0.236 0.127 0.051 0.073 0.048 0.036 0.305 0.214 0.113 0.000 0.000 0.000 0.000 0.000 0.128 0.175 0.085
0.063 0.010 0.020 0.014 0.036 0.048 0.079 0.140 0.169 0.149 0.109 0.159 0.191 0.190 0.124 0.157 0.215 0.139 0.163 0.070 0.007 0.025 0.026 0.144 0.174 0.021 0.178 0.000 0.116 0.065 0.033 0.017 0.013 0.156 0.258 0.396 0.127 0.048 0.158 0.176 0.244 0.243 0.233 0.140 0.157 0.112 0.004 0.002 0.000 0.000 0.000 0.024 0.226 0.450 0.225 0.130 0.164 0.205 0.351 0.248 0.136 0.128 0.112 0.058 0.067 0.046 0.076 0.365 0.000 0.001 0.000 0.000 0.000 0.000 0.004 0.069 0.248
2.067 1.800 0.483 0.004 0.028 0.070 0.110 0.147 0.129 0.098 0.115 0.185 0.132 0.113 0.110 0.153 0.156 0.107 0.132 0.128 0.086 0.077 0.041 0.100 0.184 0.076 0.097 0.082 0.126 0.146 0.036 0.028 0.036 0.165 0.202 0.330 0.362 0.307 0.291 0.377 0.134 0.037 0.260 0.000 0.054 0.000 0.000 0.000 0.000 0.000 0.000 0.041 0.034 0.314 0.444 0.356 0.249 0.202 0.128 0.075 0.108 0.074 0.039 0.032 0.028 0.045 0.053 0.305 0.198 0.001 0.000 0.000 0.000 0.000 0.005 0.000 0.093
0.380 1.254 2.024 0.301 0.044 0.048 0.052 0.101 0.111 0.095 0.101 0.137 0.126 0.137 0.183 0.204 0.152 0.037 0.014 0.079 0.085 0.031 0.046 0.147 0.114 0.022 0.089 0.094 0.082 0.089 0.063 0.026 0.116 0.215 0.128 0.229 0.140 0.172 0.260 0.169 0.095 0.035 0.265 0.001 0.010 0.010 0.006 0.000 0.000 0.000 0.000 0.000 0.000 0.148 0.488 0.165 0.117 0.089 0.087 0.079 0.101 0.064 0.035 0.030 0.094 0.066 0.026 0.064 0.309 0.149 0.065 0.000 0.000 0.000 0.006 0.000 0.000
0.000 0.111 1.375 1.468 0.052 0.036 0.060 0.086 0.106 0.107 0.161 0.174 0.108 0.141 0.129 0.104 0.199 0.181 0.040 0.050 0.102 0.014 0.042 0.044 0.141 0.087 0.094 0.049 0.126 0.066 0.002 0.120 0.182 0.033 0.228 0.080 0.067 0.153 0.304 0.053 0.081 0.037 0.086 0.168 0.004 0.007 0.000 0.000 0.000 0.000 0.000 0.000 0.051 0.202 0.459 0.125 0.087 0.135 0.175 0.101 0.156 0.082 0.110 0.093 0.063 0.021 0.037 0.025 0.140 0.299 0.108 0.050 0.000 0.000 0.022 0.006 0.096
0.000 0.038 0.655 1.851 0.024 0.029 0.048 0.073 0.101 0.089 0.135 0.128 0.115 0.147 0.111 0.128 0.223 0.105 0.001 0.111 0.117 0.040 0.089 0.039 0.034 0.138 0.094 0.148 0.074 0.105 0.127 0.127 0.009 0.071 0.186 0.000 0.078 0.168 0.315 0.015 0.000 0.035 0.000 0.209 0.020 0.000 0.000 0.000 0.000 0.000 0.000 0.018 0.091 0.242 0.486 0.324 0.166 0.153 0.129 0.100 0.146 0.072 0.098 0.085 0.102 0.078 0.017 0.009 0.076 0.416 0.056 0.000 0.075 0.043 0.000 0.066 0.022
0.017 0.016 0.474 2.034 0.068 0.058 0.056 0.060 0.082 0.097 0.099 0.083 0.111 0.095 0.096 0.156 0.165 0.162 0.053 0.082 0.161 0.108 0.073 0.068 0.018 0.127 0.001 0.052 0.175 0.002 0.082 0.122 0.013 0.193 0.107 0.000 0.006 0.058 0.289 0.113 0.145 0.000 0.000 0.155 0.124 0.000 0.000 0.000 0.000 0.000 0.055 0.105 0.029 0.116 0.384 0.513 0.466 0.183 0.268 0.204 0.138 0.119 0.093 0.083 0.050 0.054 0.220 0.195 0.208 0.228 0.057 0.000 0.000 0.118 0.100 0.067 0.000
