Data/res-0419.Qx
ncols         434
nrows         491
xllcorner     1194547.500000
yllcorner     -584471.000000
cellsize      25.000000
NODATA_value  -9999.000000
[rows 204 to 237 of 491, columns 304 to 379 of 434]
0.002 -0.001 -0.012 -0.000 -0.000 -0.000 -0.000 -0.000 0.001 -0.000 -0.000 0.001 -0.001 0.000 0.003 0.004 0.003 0.000 0.000 -0.000 0.000 -0.002 0.000 -0.005 -0.006 0.000 -0.000 -0.001 0.001 0.000 0.000 -0.007 -0.005 -0.001 -0.000 -0.000 -0.000 -0.001 0.002 -0.002 0.003 -0.001 -0.000 0.004 -0.010 0.008 -0.002 0.001 0.003 -0.008 0.006 -0.003 0.004 -0.001 0.000 -0.003 0.001 -0.001 0.000 0.000 0.000 0.000 0.000 0.000 0.000 0.000 0.000 0.000 0.000 0.000 0.000 0.000 0.000 0.000 0.000 0.000
0.004 -0.003 -0.001 0.000 -0.000 -0.001 -0.001 -0.000 0.002 -0.000 0.000 -0.001 -0.000 0.000 0.000 -0.000 0.002 0.007 -0.003 0.001 -0.001 -0.000 -0.001 0.000 -0.001 0.001 -0.001 -0.001 0.001 -0.000 -0.001 -0.001 -0.002 -0.002 -0.001 -0.001 -0.002 -0.001 0.001 -0.004 0.005 -0.004 0.000 -0.001 0.001 0.005 -0.002 -0.001 -0.002 0.002 -0.003 0.003 -0.000 -0.002 0.000 -0.001 0.001 -0.000 -0.000 0.000 0.000 0.000 0.000 0.000 0.000 0.000 0.000 0.000 0.000 0.000 0.000 0.000 0.000 0.000 0.000 0.000
-0.000 -0.006 0.007 0.005 -0.002 -0.000 0.000 0.000 0.001 -0.000 -0.000 0.000 0.000 0.001 -0.002 0.000 0.000 -0.000 -0.004 0.000 0.001 -0.004 -0.006 -0.000 -0.001 0.000 -0.000 0.000 -0.000 -0.005 -0.007 -0.000 -0.001 -0.003 -0.001 -0.003 -0.002 -0.006 0.002 -0.001 -0.003 0.001 0.004 -0.006 0.002 0.000 0.001 -0.004 0.011 -0.003 -0.007 0.003 0.001 -0.006 0.005 -0.001 -0.002 -0.000 0.000 0.000 0.000 0.000 0.000 0.000 0.000 0.000 0.000 0.000 0.000 0.000 0.000 0.000 0.000 0.000 0.000 0.000
-0.016 0.000 0.000 -0.002 0.000 -0.001 -0.002 -0.001 -0.009 0.001 -0.000 0.001 0.000 0.000 0.000 0.001 -0.001 0.000 -0.001 0.002 -0.001 -0.002 0.000 0.000 -0.000 -0.000 -0.001 -0.001 -0.000 -0.002 -0.001 -0.001 -0.001 -0.001 -0.000 -0.001 -0.003 -0.000 -0.001 -0.003 0.001 0.001 -0.003 0.004 0.000 -0.001 -0.001 0.002 -0.002 0.006 -0.003 0.002 -0.001 0.003 -0.003 -0.001 0.000 -0.000 0.000 0.000 0.000 0.000 0.000 0.000 0.000 0.000 0.000 0.000 0.000 0.000 0.000 0.000 0.000 0.000 0.000 0.000
0.001 0.000 -0.000 -0.002 -0.002 -0.001 -0.001 -0.002 0.000 -0.000 -0.001 0.004 0.000 -0.000 0.003 0.002 0.001 0.001 -0.000 -0.000 -0.001 -0.000 0.001 -0.001 -0.001 -0.000 -0.005 -0.004 -0.003 0.000 -0.000 0.000 -0.000 -0.001 -0.003 -0.003 0.000 -0.000 -0.005 0.001 -0.002 -0.003 0.003 -0.001 0.003 -0.005 0.009 -0.006 -0.001 0.002 -0.001 0.001 -0.000 -0.001 -0.001 0.002 -0.001 0.000 0.000 0.000 0.000 0.000 0.000 0.000 0.000 0.000 0.000 0.000 0.000 0.000 0.000 0.000 0.000 0.000 0.000 0.000
0.009 0.005 -0.001 0.007 -0.000 -0.000 -0.000 -0.002 0.000 -0.000 0.000 0.000 0.002 -0.000 -0.000 -0.001 -0.000 0.002 0.000 -0.000 -0.003 0.000 0.001 0.001 -0.001 -0.001 -0.000 -0.001 -0.008 -0.002 -0.002 -0.002 -0.002 -0.003 -0.000 0.000 0.000 -0.002 0.000 -0.000 0.000 0.000 -0.002 0.002 -0.002 0.001 0.004 -0.003 0.006 -0.005 0.000 -0.001 0.002 -0.002 0.002 -0.002 0.000 0.000 0.000 0.000 0.000 0.000 0.000 0.000 0.000 0.000 0.000 0.000 0.000 0.000 0.000 0.000 0.000 0.000 0.000 0.000
0.002 0.001 0.001 0.001 -0.000 0.000 -0.000 -0.003 0.000 -0.001 0.000 0.001 0.001 0.004 0.003 -0.001 -0.000 -0.000 0.000 -0.000 0.000 0.000 -0.000 0.001 -0.002 -0.004 -0.003 -0.011 -0.002 -0.001 0.000 0.000 -0.003 -0.001 0.000 -0.001 -0.001 -0.004 0.000 0.000 -0.000 0.001 -0.004 0.001 0.003 -0.001 -0.001 0.002 -0.004 0.005 -0.003 -0.001 0.006 -0.007 0.001 -0.001 0.001 -0.001 0.000 0.000 0.000 0.000 0.000 0.000 0.000 0.000 0.000 0.000 0.000 0.000 0.000 0.000 0.000 0.000 0.000 0.000
0.004 0.002 0.002 0.001 0.000 -0.000 0.000 -0.000 0.001 -0.000 -0.000 -0.000 0.000 0.000 -0.000 -0.000 -0.000 -0.000 0.001 -0.005 0.002 0.002 0.001 -0.004 -0.002 -0.002 -0.004 -0.000 0.000 -0.000 0.000 -0.003 0.000 0.000 -0.000 -0.000 0.000 0.000 0.000 -0.001 -0.001 -0.003 -0.000 0.000 -0.001 -0.001 0.000 0.001 -0.001 -0.002 -0.001 0.002 -0.004 0.006 -0.005 0.000 -0.000 -0.000 0.000 0.000 0.000 0.000 0.000 0.000 0.000 0.000 0.000 0.000 0.000 0.000 0.000 0.000 0.000 0.000 0.000 0.000
-0.000 0.004 -0.000 -0.001 0.001 -0.002 -0.001 -0.000 0.001 0.002 0.000 0.000 0.002 0.000 -0.002 0.002 -0.006 -0.009 -0.002 -0.000 -0.000 -0.001 -0.000 -0.001 -0.002 -0.009 -0.003 -0.000 0.000 0.000 0.001 -0.001 -0.000 -0.000 -0.001 -0.000 -0.000 -0.002 -0.002 -0.003 -0.002 -0.000 -0.000 -0.000 -0.004 -0.001 -0.004 -0.003 0.005 -0.002 -0.001 -0.002 0.001 -0.004 0.001 0.000 -0.001 -0.000 0.000 0.000 0.000 0.000 0.000 0.000 0.000 0.000 0.000 0.000 0.000 0.000 0.000 0.000 0.000 0.000 0.000 0.000
-0.004 -0.002 -0.002 -0.007 -0.001 0.001 0.000 0.000 -0.000 -0.001 0.000 -0.000 0.001 -0.004 -0.000 -0.000 -0.001 -0.005 -0.002 0.001 -0.003 -0.002 -0.002 -0.001 -0.004 -0.001 -0.000 0.002 -0.002 -0.000 -0.000 -0.002 0.000 0.000 -0.000 -0.000 -0.000 -0.000 -0.001 -0.002 -0.000 -0.001 -0.002 -0.006 -0.004 -0.002 -0.003 -0.001 0.001 -0.003 0.002 -0.000 -0.003 -0.001 0.001 -0.001 -0.001 0.000 0.000 0.000 0.000 0.000 0.000 0.000 0.000 0.000 0.000 0.000 0.000 0.000 0.000 0.000 0.000 0.000 0.000 0.000
0.000 -0.001 -0.006 0.001 0.000 0.001 0.001 -0.001 -0.002 -0.000 0.001 -0.000 -0.002 -0.000 -0.001 -0.002 0.004 -0.002 -0.002 -0.002 -0.003 -0.002 -0.004 -0.001 -0.005 -0.000 -0.001 -0.002 -0.000 0.000 -0.002 0.000 -0.000 -0.008 -0.008 -0.007 -0.007 -0.003 -0.004 -0.001 -0.002 -0.002 0.001 -0.002 -0.003 -0.002 -0.001 0.001 -0.004 0.002 0.001 -0.005 0.002 -0.000 -0.002 -0.000 -0.000 -0.000 0.000 0.000 0.000 0.000 0.000 0.000 0.000 0.000 0.000 0.000 0.000 0.000 0.000 0.000 0.000 0.000 0.000 0.000
0.000 -0.003 -0.000 0.001 0.005 0.002 0.001 -0.000 -0.000 0.001 -0.000 -0.005 0.001 0.000 -0.000 -0.001 0.002 -0.002 -0.002 -0.002 -0.001 -0.001 -0.003 -0.014 -0.003 0.001 0.001 -0.000 -0.000 0.000 -0.004 -0.007 -0.008 -0.000 0.000 -0.000 -0.001 -0.000 -0.000 -0.000 -0.001 0.000 0.000 -0.007 -0.001 -0.003 -0.005 -0.002 -0.004 0.002 -0.002 0.003 -0.003 -0.001 -0.000 -0.001 -0.000 -0.000 0.000 0.000 0.000 0.000 0.000 0.000 0.000 0.000 0.000 0.000 0.000 0.000 0.000 0.000 0.000 0.000 0.000 0.000
0.001 0.005 0.000 -0.000 0.003 -0.001 -0.000 0.001 -0.000 0.000 -0.005 0.000 0.000 0.001 0.000 -0.000 -0.000 0.000 -0.001 -0.005 -0.001 -0.001 -0.011 -0.001 0.000 0.000 -0.003 0.001 0.000 -0.002 -0.004 -0.001 -0.001 0.000 0.000 0.000 -0.000 0.000 -0.001 0.000 -0.000 -0.000 -0.008 -0.001 -0.002 -0.000 -0.001 -0.000 -0.001 -0.003 -0.001 -0.002 -0.001 0.000 -0.000 -0.000 0.000 -0.000 0.000 0.000 0.000 0.000 0.000 0.000 0.000 0.000 0.000 0.000 0.000 0.000 0.000 0.000 0.000 0.000 0.000 0.000
0.003 0.001 0.000 -0.000 0.000 -0.001 -0.001 0.002 0.004 -0.002 -0.001 -0.000 0.000 0.003 0.000 -0.001 -0.012 -0.000 -0.003 -0.002 -0.000 -0.008 -0.002 0.000 -0.001 0.001 0.000 -0.000 -0.000 -0.003 -0.002 -0.000 0.000 0.000 -0.001 -0.001 -0.000 -0.005 -0.004 -0.004 -0.003 -0.002 -0.002 -0.001 -0.001 -0.000 -0.001 -0.001 -0.003 -0.005 -0.001 -0.002 -0.001 0.001 -0.001 -0.000 -0.000 0.000 0.000 0.000 0.000 0.000 0.000 0.000 0.000 0.000 0.000 0.000 0.000 0.000 0.000 0.000 0.000 0.000 0.000 0.000
0.000 0.003 0.004 0.004 0.001 -0.001 -0.003 -0.000 0.001 0.001 0.000 0.000 0.000 0.000 -0.003 -0.005 -0.005 -0.006 -0.004 -0.006 -0.010 -0.008 0.003 0.000 -0.000 0.000 0.000 -0.015 -0.013 -0.006 -0.006 -0.003 -0.002 -0.002 -0.002 -0.002 -0.004 0.000 -0.000 0.000 -0.007 -0.012 -0.003 0.003 0.004 -0.007 -0.003 -0.002 -0.003 -0.001 -0.002 -0.002 -0.000 -0.001 -0.000 0.000 -0.000 0.000 0.000 0.000 0.000 0.000 0.000 0.000 0.000 0.000 0.000 0.000 0.000 0.000 0.000 0.000 0.000 0.000 0.000 0.000
-0.000 0.001 0.010 0.011 0.009 0.003 -0.000 0.000 0.000 -0.002 0.001 -0.000 0.000 0.000 -0.004 -0.003 -0.003 -0.004 -0.004 -0.009 -0.005 0.000 0.000 -0.000 0.001 -0.004 -0.004 -0.001 -0.001 -0.007 0.000 0.000 0.000 -0.001 -0.000 -0.000 -0.001 0.000 0.000 0.000 -0.003 -0.000 -0.000 -0.000 -0.001 0.000 -0.001 -0.008 -0.000 -0.002 -0.006 -0.002 -0.000 -0.001 0.000 -0.000 -0.000 0.000 0.000 0.000 0.000 0.000 0.000 0.000 0.000 0.000 0.000 0.000 0.000 0.000 0.000 0.000 0.000 0.000 0.000 0.000
0.005 0.005 0.001 0.003 -0.002 0.015 0.016 0.002 -0.009 0.000 -0.000 0.000 0.000 -0.000 -0.003 -0.007 -0.004 -0.007 -0.010 0.000 -0.001 0.000 0.000 -0.003 -0.005 -0.005 -0.001 -0.000 -0.000 0.000 -0.001 0.000 -0.001 -0.000 0.000 0.000 -0.003 0.000 -0.001 -0.010 -0.000 -0.000 -0.001 -0.003 -0.001 -0.003 -0.005 -0.000 -0.002 -0.002 -0.000 -0.000 -0.001 -0.000 -0.000 -0.000 0.000 0.000 0.000 0.000 0.000 0.000 0.000 0.000 0.000 0.000 0.000 0.000 0.000 0.000 0.000 0.000 0.000 0.000 0.000 0.000
0.003 0.005 0.000 0.000 -0.000 -0.000 0.002 0.011 0.000 0.000 0.000 0.000 0.000 -0.005 0.000 -0.009 -0.008 -0.005 -0.001 0.000 -0.002 -0.013 -0.012 -0.002 -0.002 -0.002 -0.001 -0.004 -0.003 0.000 0.000 0.000 -0.007 -0.011 -0.016 -0.018 -0.013 -0.013 -0.011 -0.003 -0.000 -0.000 -0.005 -0.005 -0.005 -0.002 -0.002 -0.002 -0.002 0.001 -0.001 -0.001 -0.001 -0.001 -0.000 -0.001 -0.000 0.000 0.000 0.000 0.000 0.000 0.000 0.000 0.000 0.000 0.000 0.000 0.000 0.000 0.000 0.000 0.000 0.000 0.000 0.000
0.000 0.000 0.007 -0.003 -0.000 0.000 -0.000 -0.000 0.005 0.002 0.004 0.001 -0.001 -0.005 -0.004 -0.003 -0.003 -0.001 0.001 -0.004 -0.006 0.000 0.000 0.001 -0.002 -0.009 -0.012 -0.001 -0.002 -0.002 -0.004 -0.023 -0.014 -0.008 -0.003 -0.002 -0.000 -0.000 -0.000 -0.000 0.000 0.000 -0.000 -0.001 -0.000 -0.004 -0.003 -0.001 -0.000 -0.002 -0.000 -0.001 -0.002 -0.001 -0.000 -0.000 0.000 0.000 0.000 0.000 0.000 0.000 0.000 0.000 0.000 0.000 0.000 0.000 0.000 0.000 0.000 0.000 0.000 0.000 0.000 0.000
-0.000 -0.000 0.006 -0.002 0.002 0.000 0.003 0.001 0.012 0.013 0.004 0.002 -0.002 -0.004 -0.004 -0.001 -0.001 -0.005 -0.010 -0.007 -0.005 0.000 0.000 0.000 -0.008 -0.004 0.001 -0.003 -0.004 -0.009 -0.014 -0.001 -0.001 -0.001 0.000 0.000 -0.001 -0.001 -0.004 -0.005 -0.005 -0.007 -0.002 -0.001 -0.001 -0.001 -0.000 -0.001 0.003 -0.002 -0.001 -0.001 -0.001 0.000 -0.000 -0.000 0.000 0.000 0.000 0.000 0.000 0.000 0.000 0.000 0.000 0.000 0.000 0.000 0.000 0.000 0.000 0.000 0.000 0.000 0.000 0.000
0.008 0.006 0.008 0.018 0.012 0.001 0.001 0.002 0.003 0.003 0.003 0.001 -0.007 -0.006 -0.004 -0.002 -0.005 -0.005 -0.004 -0.007 -0.007 -0.005 -0.002 -0.002 -0.006 -0.000 0.000 -0.008 -0.006 -0.010 -0.006 0.000 0.000 0.000 -0.001 -0.001 -0.001 -0.005 -0.001 -0.001 -0.001 -0.003 -0.002 -0.002 -0.001 -0.002 -0.000 -0.001 -0.000 -0.002 -0.001 -0.003 -0.000 0.000 0.000 -0.000 0.000 0.000 0.000 0.000 0.000 0.000 0.000 0.000 0.000 0.000 0.000 0.000 0.000 0.000 0.000 0.000 0.000 0.000 0.000 0.000
0.004 0.005 0.002 0.006 0.009 0.020 0.008 0.006 0.002 0.001 -0.000 -0.008 -0.004 -0.003 -0.006 -0.004 -0.005 -0.004 -0.004 -0.008 -0.000 -0.000 -0.008 -0.016 -0.000 0.000 -0.009 -0.004 -0.003 -0.007 -0.006 -0.005 -0.003 -0.004 -0.002 -0.001 -0.001 -0.000 0.000 0.000 -0.004 -0.005 -0.004 -0.001 -0.001 -0.001 -0.001 -0.000 -0.004 -0.001 -0.000 -0.001 -0.000 0.000 -0.001 0.000 0.000 0.000 0.000 0.000 0.000 0.000 0.000 0.000 0.000 0.000 0.000 0.000 0.000 0.000 0.000 0.000 0.000 0.000 0.000 0.000
0.001 0.000 0.002 0.001 0.001 0.001 0.004 0.005 0.003 0.001 0.004 -0.001 -0.003 -0.004 -0.009 -0.009 -0.003 -0.009 -0.011 -0.006 -0.005 -0.003 -0.011 -0.005 -0.005 -0.005 -0.009 -0.000 -0.000 -0.010 -0.005 -0.006 -0.003 -0.002 -0.011 -0.012 -0.014 -0.008 -0.009 -0.010 -0.005 -0.002 -0.004 -0.004 -0.007 -0.004 -0.004 -0.003 -0.003 -0.001 -0.001 0.000 -0.000 -0.001 -0.001 -0.001 -0.000 0.000 0.000 0.000 0.000 0.000 0.000 0.000 0.000 0.000 0.000 0.000 0.000 0.000 0.000 0.000 0.000 0.000 0.000 0.000
0.000 0.000 0.003 0.002 0.001 0.000 0.009 0.011 0.003 0.004 0.002 -0.003 0.000 -0.006 -0.009 -0.012 -0.009 -0.009 -0.008 -0.004 -0.004 -0.008 -0.005 -0.005 -0.005 -0.004 -0.006 -0.008 -0.022 -0.003 -0.004 -0.005 -0.007 -0.009 -0.004 -0.004 -0.002 -0.002 -0.001 -0.002 -0.001 -0.001 -0.000 -0.000 -0.000 -0.001 -0.001 -0.000 -0.001 -0.001 -0.000 0.001 0.000 -0.000 -0.000 0.000 0.000 0.000 0.000 0.000 0.000 0.000 0.000 0.000 0.000 0.000 0.000 0.000 0.000 0.000 0.000 0.000 0.000 0.000 0.000 0.000
0.003 0.001 0.003 0.003 0.003 -0.000 0.000 0.002 -0.001 0.003 -0.002 0.001 -0.004 -0.005 -0.007 -0.011 -0.013 -0.008 -0.001 -0.000 0.000 -0.009 -0.005 -0.005 -0.005 -0.007 -0.007 -0.010 -0.002 -0.001 -0.001 -0.001 -0.002 -0.002 -0.002 -0.000 -0.000 -0.000 -0.001 -0.002 -0.003 -0.002 -0.002 -0.002 -0.001 -0.000 -0.000 -0.000 -0.001 -0.000 -0.000 -0.000 0.000 -0.000 0.000 0.000 0.000 0.000 0.000 0.000 0.000 0.000 0.000 0.000 0.000 0.000 0.000 0.000 0.000 0.000 0.000 0.000 0.000 0.000 0.000 0.000
0.006 0.004 0.002 0.004 0.002 0.001 -0.000 -0.000 0.002 -0.001 -0.000 0.001 -0.009 -0.004 -0.006 -0.006 -0.000 0.000 -0.001 -0.012 -0.013 -0.004 -0.004 -0.010 -0.007 -0.010 -0.001 -0.004 -0.002 -0.000 -0.000 -0.001 -0.003 -0.002 -0.000 -0.000 -0.000 -0.001 -0.001 -0.002 -0.000 0.000 -0.001 -0.001 -0.006 -0.000 -0.002 -0.003 -0.003 -0.002 -0.002 -0.002 -0.001 0.000 -0.000 0.000 0.000 0.000 0.000 0.000 0.000 0.000 0.000 0.000 0.000 0.000 0.000 0.000 0.000 0.000 0.000 0.000 0.000 0.000 0.000 0.000
0.008 0.005 0.001 0.002 0.001 0.003 0.002 -0.004 0.003 -0.006 -0.006 -0.003 -0.003 -0.004 -0.004 -0.007 -0.003 -0.016 -0.010 -0.004 -0.005 -0.005 -0.014 -0.008 -0.006 -0.000 -0.001 -0.001 -0.000 0.000 0.000 -0.001 -0.001 -0.001 -0.001 -0.001 -0.002 -0.001 -0.002 0.000 0.000 -0.004 -0.005 -0.005 -0.003 -0.002 -0.003 -0.002 -0.002 -0.001 -0.001 -0.001 -0.001 -0.001 -0.001 0.000 0.000 0.000 0.000 0.000 0.000 0.000 0.000 0.000 0.000 0.000 0.000 0.000 0.000 0.000 0.000 0.000 0.000 0.000 0.000 0.000
0.015 0.012 0.012 0.008 0.003 0.003 0.002 0.001 -0.003 -0.001 -0.003 -0.004 -0.002 -0.006 -0.001 -0.004 0.001 -0.005 -0.003 -0.002 -0.005 -0.013 -0.002 0.000 0.000 0.000 -0.001 -0.000 -0.001 -0.002 -0.002 -0.002 -0.000 -0.000 -0.001 -0.001 -0.004 -0.002 -0.000 -0.000 -0.001 -0.004 -0.001 -0.002 -0.002 -0.001 -0.001 -0.003 -0.004 -0.001 -0.002 -0.001 -0.001 0.000 -0.000 -0.000 0.000 0.000 0.000 0.000 0.000 0.000 0.000 0.000 0.000 0.000 0.000 0.000 0.000 0.000 0.000 0.000 0.000 0.000 0.000 0.000
0.008 0.014 0.009 0.007 0.005 0.004 0.001 0.001 -0.001 0.000 -0.004 -0.006 -0.001 -0.004 -0.001 -0.000 0.000 0.000 0.000 -0.006 -0.003 0.000 0.000 0.000 0.000 -0.000 0.000 -0.000 -0.002 0.000 0.000 0.000 0.000 0.000 0.000 -0.002 -0.000 -0.002 -0.006 -0.006 -0.005 -0.002 -0.003 -0.004 -0.001 -0.000 0.001 -0.001 -0.000 -0.001 -0.002 -0.001 -0.001 -0.000 0.000 0.000 0.000 0.000 0.000 0.000 0.000 0.000 0.000 0.000 0.000 0.000 0.000 0.000 0.000 0.000 0.000 0.000 0.000 0.000 0.000 0.000
0.008 0.011 0.012 0.009 0.006 0.006 0.004 -0.002 0.003 -0.005 -0.000 -0.003 -0.004 -0.000 -0.005 -0.003 -0.011 -0.001 -0.002 -0.010 -0.008 0.000 -0.000 -0.003 -0.006 -0.007 -0.002 -0.002 -0.003 -0.001 -0.001 0.000 0.000 -0.003 -0.003 -0.001 -0.001 -0.000 -0.000 -0.000 -0.000 -0.002 -0.002 -0.002 -0.001 -0.001 -0.001 0.003 0.002 -0.001 -0.000 -0.000 -0.000 0.000 -0.000 -0.000 0.000 0.000 0.000 0.000 0.000 0.000 0.000 0.000 0.000 0.000 0.000 0.000 0.000 0.000 0.000 0.000 0.000 0.000 0.000 0.000
0.012 0.005 0.009 0.007 0.008 0.005 0.005 0.001 0.001 0.003 -0.005 -0.003 -0.002 -0.004 -0.001 -0.006 -0.010 -0.011 -0.024 -0.012 -0.006 -0.007 -0.012 -0.007 -0.003 -0.002 -0.005 -0.005 0.000 0.000 -0.000 -0.004 -0.005 -0.002 -0.001 -0.001 -0.000 -0.000 -0.002 -0.001 -0.001 -0.000 0.000 -0.000 0.000 -0.000 -0.000 -0.001 -0.001 0.001 -0.000 -0.000 -0.000 -0.000 -0.000 -0.000 0.000 0.000 0.000 0.000 0.000 0.000 0.000 0.000 0.000 0.000 0.000 0.000 0.000 0.000 0.000 0.000 0.000 0.000 0.000 0.000
0.012 0.006 0.010 0.010 0.007 0.008 0.001 0.004 -0.001 -0.001 0.001 -0.001 -0.000 -0.008 -0.009 -0.003 -0.008 -0.009 -0.009 -0.007 -0.005 -0.006 -0.002 -0.003 -0.004 -0.004 -0.002 0.000 0.000 -0.000 -0.000 -0.002 0.000 0.000 -0.001 -0.002 0.000 -0.001 0.000 -0.000 0.000 0.000 0.001 -0.000 -0.002 -0.002 -0.002 -0.002 -0.002 -0.003 -0.001 -0.002 -0.002 -0.001 -0.000 -0.000 0.000 0.000 0.000 0.000 0.000 0.000 0.000 0.000 0.000 0.000 0.000 0.000 0.000 0.000 0.000 0.000 0.000 0.000 0.000 0.000
0.000 0.009 0.009 0.009 0.007 0.006 0.006 0.000 0.003 -0.001 0.000 -0.001 -0.005 -0.003 -0.006 -0.013 -0.007 -0.008 -0.001 -0.001 -0.002 -0.002 -0.003 -0.006 -0.009 -0.010 -0.009 0.000 0.000 0.000 0.000 -0.000 -0.001 -0.001 -0.000 -0.000 0.000 0.001 0.000 -0.001 -0.002 -0.001 0.000 -0.001 -0.000 -0.003 -0.003 -0.001 -0.001 -0.000 -0.001 -0.001 -0.000 -0.001 -0.000 0.000 0.000 0.000 0.000 0.000 0.000 0.000 0.000 0.000 0.000 0.000 0.000 0.000 0.000 0.000 0.000 0.000 0.000 0.000 0.000 0.000
0.003 0.007 0.013 0.010 0.006 0.007 -0.000 0.009 -0.001 0.002 0.001 -0.002 -0.003 -0.007 -0.002 -0.005 -0.009 -0.004 0.000 0.000 -0.001 -0.002 -0.003 -0.001 -0.000 0.000 -0.001 -0.001 -0.000 -0.000 -0.000 -0.000 -0.000 -0.000 -0.000 -0.000 -0.000 0.000 0.000 -0.002 -0.002 -0.001 -0.000 0.000 -0.001 -0.001 -0.001 -0.002 -0.001 -0.001 -0.001 -0.001 -0.000 0.000 0.000 0.000 0.000 0.000 0.000 0.000 0.000 0.000 0.000 0.000 0.000 0.000 0.000 0.000 0.000 0.000 0.000 0.000 0.000 0.000 0.000 0.000
