Data/res-0290.wd
ncols         433
nrows         491
xllcorner     1194560.000000
yllcorner     -584471.000000
cellsize      25.000000
NODATA_value  -9999.000000
[rows 340 to 373 of 491, columns 231 to 307 of 433]
0.232 0.303 0.284 0.298 0.518 0.550 0.365 0.356 0.383 0.443 0.455 0.567 0.377 0.419 0.486 0.352 0.351 0.444 0.402 0.432 0.487 0.304 0.244 0.180 0.202 0.415 0.288 0.214 0.330 0.666 0.403 0.267 0.199 0.375 0.401 0.405 0.442 0.522 0.424 0.473 0.465 0.519 0.486 0.446 0.527 0.625 0.958 0.869 0.878 0.925 0.912 0.989 0.960 0.947 1.060 1.035 1.032 0.856 0.666 0.570 0.699 0.482 0.421 0.464 0.504 0.603 0.570 0.716 0.843 0.824 0.708 0.742 0.838 0.954 0.873 0.994 1.008
0.153 0.226 0.258 0.323 0.407 0.652 0.430 0.373 0.430 0.538 0.547 0.546 0.628 0.413 0.521 0.399 0.422 0.347 0.386 0.328 0.335 0.412 0.262 0.218 0.291 0.320 0.332 0.347 0.258 0.473 0.611 0.373 0.359 0.314 0.409 0.575 0.540 0.322 0.356 0.580 0.741 0.535 0.442 0.492 0.558 0.862 0.864 0.626 0.676 0.693 0.786 0.771 0.878 0.925 0.944 0.857 0.833 0.635 0.676 0.630 0.653 0.628 0.616 0.623 0.597 0.490 0.536 0.693 0.630 0.545 0.479 0.456 0.577 0.814 0.706 0.782 0.859
0.137 0.240 0.240 0.292 0.411 0.514 0.690 0.539 0.594 0.534 0.469 0.441 0.405 0.661 0.685 0.619 0.730 0.586 0.367 0.369 0.308 0.299 0.410 0.277 0.256 0.369 0.277 0.363 0.325 0.400 0.662 0.396 0.300 0.338 0.439 0.340 0.436 0.419 0.533 0.744 0.446 0.696 0.768 0.708 0.582 0.388 0.567 0.615 0.623 0.642 0.670 0.581 0.763 0.747 0.791 0.826 0.852 0.686 0.527 0.539 0.642 0.682 0.565 0.499 0.576 0.615 0.621 0.567 0.550 0.488 0.360 0.530 0.499 0.663 0.558 0.614 0.670
0.203 0.217 0.270 0.306 0.450 0.450 0.452 0.589 0.490 0.435 0.356 0.395 0.508 0.506 0.431 0.422 0.381 0.512 0.589 0.531 0.332 0.341 0.344 0.243 0.335 0.293 0.362 0.401 0.408 0.323 0.372 0.590 0.379 0.506 0.449 0.582 0.619 0.659 0.614 0.440 0.398 0.460 0.537 0.345 0.346 0.361 0.453 0.484 0.538 0.502 0.645 0.680 0.582 0.717 0.837 0.838 0.716 0.583 0.538 0.597 0.640 0.635 0.551 0.531 0.544 0.433 0.699 0.469 0.464 0.376 0.576 0.474 0.504 0.502 0.533 0.527 0.564
0.348 0.324 0.414 0.322 0.485 0.304 0.376 0.397 0.592 0.435 0.372 0.325 0.388 0.330 0.289 0.385 0.330 0.351 0.289 0.589 0.362 0.323 0.375 0.249 0.299 0.265 0.354 0.268 0.395 0.314 0.346 0.383 0.451 0.401 0.607 0.676 0.836 0.491 0.376 0.376 0.391 0.570 0.417 0.450 0.419 0.385 0.430 0.612 0.458 0.645 0.676 0.603 0.546 0.681 0.631 0.682 0.677 0.557 0.697 0.698 0.537 0.594 0.474 0.565 0.558 0.495 0.653 0.288 0.324 0.576 0.357 0.406 0.376 0.486 0.380 0.557 0.406
0.293 0.387 0.421 0.339 0.454 0.390 0.352 0.422 0.446 0.488 0.432 0.311 0.400 0.404 0.297 0.347 0.311 0.324 0.299 0.615 0.251 0.387 0.345 0.416 0.297 0.347 0.351 0.261 0.285 0.262 0.462 0.392 0.765 0.565 0.605 0.309 0.530 0.412 0.531 0.542 0.495 0.509 0.309 0.420 0.428 0.390 0.414 0.594 0.607 0.781 0.426 0.457 0.614 0.564 0.879 0.754 0.771 0.702 0.486 0.546 0.586 0.607 0.507 0.504 0.486 0.551 0.661 0.441 0.373 0.291 0.272 0.348 0.451 0.495 0.419 0.456 0.484
0.305 0.290 0.269 0.371 0.408 0.411 0.437 0.439 0.353 0.397 0.538 0.417 0.455 0.361 0.242 0.291 0.291 0.291 0.331 0.525 0.339 0.296 0.198 0.419 0.233 0.405 0.321 0.282 0.341 0.486 0.504 0.562 0.739 0.355 0.456 0.395 0.353 0.405 0.638 0.420 0.580 0.432 0.427 0.430 0.464 0.390 0.688 0.566 0.603 0.583 0.813 0.569 0.642 0.704 0.668 0.686 0.578 0.594 0.492 0.619 0.732 0.630 0.707 0.519 0.558 0.486 0.397 0.580 0.408 0.318 0.342 0.288 0.265 0.352 0.589 0.421 0.470
0.524 0.331 0.298 0.527 0.451 0.435 0.425 0.355 0.346 0.482 0.549 0.404 0.322 0.303 0.350 0.354 0.329 0.372 0.257 0.472 0.255 0.319 0.340 0.313 0.279 0.239 0.444 0.284 0.454 0.493 0.275 0.433 0.730 0.586 0.506 0.573 0.431 0.682 0.628 0.538 0.378 0.599 0.568 0.665 0.508 0.576 0.563 0.613 0.613 0.478 0.532 0.589 0.652 0.552 0.726 0.998 0.747 0.936 0.817 0.701 0.604 0.634 0.630 0.597 0.508 0.390 0.427 0.478 0.573 0.508 0.431 0.365 0.376 0.309 0.456 0.383 0.458
0.400 0.524 0.603 0.373 0.381 0.401 0.355 0.382 0.432 0.527 0.643 0.415 0.438 0.474 0.519 0.317 0.255 0.254 0.212 0.510 0.287 0.193 0.168 0.223 0.339 0.166 0.469 0.439 0.446 0.338 0.508 0.537 0.492 0.786 0.497 0.540 0.605 0.354 0.643 0.433 0.394 0.415 0.430 0.564 0.547 0.532 0.427 0.467 0.357 0.613 0.550 0.772 0.666 0.871 0.967 0.868 0.788 0.707 0.662 0.382 0.496 0.526 0.590 0.464 0.587 0.462 0.359 0.312 0.427 0.438 0.401 0.349 0.287 0.399 0.404 0.318 0.430
0.282 0.301 0.509 0.324 0.347 0.390 0.405 0.360 0.569 0.406 0.510 0.540 0.522 0.445 0.359 0.281 0.345 0.335 0.266 0.529 0.361 0.299 0.279 0.218 0.357 0.331 0.456 0.424 0.417 0.351 0.478 0.493 0.440 0.764 0.411 0.338 0.393 0.399 0.556 0.537 0.382 0.344 0.517 0.458 0.376 0.419 0.703 0.669 0.850 0.826 0.507 0.530 0.654 0.801 0.865 0.678 0.554 0.553 0.520 0.677 0.587 0.511 0.490 0.528 0.361 0.482 0.447 0.255 0.312 0.268 0.308 0.353 0.357 0.428 0.384 0.234 0.220
0.264 0.321 0.534 0.507 0.637 0.428 0.450 0.386 0.549 0.360 0.384 0.512 0.301 0.401 0.376 0.285 0.426 0.301 0.354 0.508 0.421 0.250 0.241 0.294 0.375 0.363 0.528 0.391 0.495 0.479 0.422 0.605 0.407 0.776 0.530 0.491 0.407 0.442 0.442 0.419 0.551 0.529 0.509 0.554 0.524 0.456 0.357 0.637 0.489 0.421 0.634 0.654 0.865 0.847 0.719 0.662 0.396 0.602 0.581 0.553 0.463 0.528 0.610 0.481 0.303 0.279 0.415 0.381 0.295 0.284 0.222 0.338 0.333 0.314 0.268 0.240 0.167
0.329 0.346 0.539 0.570 0.616 0.552 0.400 0.356 0.485 0.440 0.531 0.385 0.215 0.313 0.443 0.166 0.252 0.444 0.358 0.470 0.497 0.350 0.262 0.411 0.418 0.416 0.476 0.372 0.407 0.408 0.581 0.563 0.534 0.757 0.486 0.409 0.424 0.454 0.461 0.492 0.495 0.399 0.499 0.434 0.441 0.555 0.590 0.392 0.677 0.550 0.626 0.689 0.840 0.493 0.597 0.723 0.446 0.417 0.497 0.490 0.457 0.368 0.374 0.436 0.345 0.287 0.216 0.264 0.274 0.241 0.186 0.218 0.192 0.195 0.148 0.112 0.000
0.416 0.398 0.404 0.429 0.654 0.459 0.600 0.500 0.371 0.370 0.401 0.373 0.264 0.387 0.197 0.239 0.199 0.190 0.297 0.405 0.657 0.643 0.696 0.376 0.354 0.441 0.290 0.397 0.561 0.425 0.537 0.616 0.546 0.667 0.569 0.531 0.475 0.515 0.410 0.339 0.523 0.375 0.600 0.361 0.424 0.334 0.439 0.525 0.612 0.714 0.949 0.911 0.855 0.719 0.567 0.671 0.633 0.496 0.391 0.465 0.477 0.466 0.397 0.355 0.224 0.133 0.000 0.013 0.005 0.052 0.107 0.110 0.105 0.066 0.000 0.000 0.000
0.367 0.332 0.407 0.431 0.626 0.457 0.381 0.653 0.649 0.406 0.374 0.440 0.259 0.192 0.173 0.365 0.257 0.135 0.252 0.281 0.401 0.367 0.457 0.628 0.420 0.377 0.347 0.642 0.494 0.428 0.493 0.595 0.662 0.463 0.721 0.288 0.606 0.543 0.389 0.429 0.567 0.463 0.376 0.556 0.635 0.577 0.347 0.467 0.513 0.427 0.447 0.762 0.606 0.861 0.766 0.525 0.667 0.819 0.789 0.671 0.485 0.513 0.278 0.096 0.000 0.000 0.000 0.000 0.000 0.000 0.000 0.000 0.000 0.000 0.000 0.000 0.000
0.321 0.373 0.387 0.439 0.463 0.479 0.396 0.417 0.619 0.442 0.389 0.357 0.230 0.217 0.226 0.389 0.124 0.153 0.321 0.454 0.514 0.404 0.331 0.397 0.653 0.736 0.574 0.509 0.489 0.382 0.295 0.514 0.588 0.584 0.709 0.604 0.331 0.704 0.706 0.587 0.365 0.603 0.556 0.627 0.649 0.564 0.710 0.760 0.696 0.660 0.620 0.759 0.584 0.724 0.640 0.661 0.498 0.623 0.676 0.631 0.442 0.284 0.061 0.000 0.000 0.000 0.000 0.000 0.000 0.000 0.000 0.000 0.000 0.000 0.000 0.000 0.000
0.495 0.499 0.394 0.301 0.341 0.505 0.433 0.310 0.397 0.521 0.405 0.353 0.386 0.447 0.486 0.254 0.130 0.284 0.259 0.294 0.458 0.342 0.352 0.464 0.406 0.501 0.672 0.677 0.410 0.329 0.385 0.495 0.431 0.659 0.385 0.770 0.347 0.457 0.305 0.581 0.576 0.550 0.385 0.473 0.561 0.288 0.598 0.459 0.472 0.611 0.715 0.613 0.659 0.517 0.679 0.671 0.592 0.586 0.665 0.433 0.313 0.018 0.000 0.000 0.000 0.000 0.000 0.000 0.000 0.000 0.000 0.000 0.000 0.000 0.000 0.000 0.000
0.332 0.653 0.665 0.432 0.349 0.341 0.412 0.290 0.294 0.503 0.743 0.567 0.518 0.355 0.298 0.181 0.366 0.313 0.263 0.242 0.345 0.520 0.451 0.351 0.379 0.359 0.331 0.712 0.584 0.431 0.274 0.563 0.492 0.627 0.566 0.617 0.645 0.354 0.329 0.313 0.565 0.339 0.541 0.527 0.574 0.610 0.553 0.608 0.638 0.442 0.651 0.533 0.676 0.515 0.525 0.578 0.684 0.523 0.470 0.354 0.086 0.000 0.000 0.000 0.000 0.000 0.000 0.000 0.000 0.000 0.000 0.000 0.000 0.000 0.000 0.000 0.000
0.365 0.542 0.782 0.477 0.337 0.521 0.482 0.329 0.298 0.307 0.370 0.609 0.454 0.438 0.367 0.375 0.268 0.242 0.196 0.221 0.331 0.234 0.490 0.271 0.519 0.383 0.402 0.378 0.845 0.383 0.531 0.572 0.490 0.378 0.609 0.485 0.771 0.424 0.292 0.445 0.558 0.441 0.616 0.473 0.541 0.551 0.541 0.499 0.476 0.492 0.518 0.545 0.666 0.521 0.615 0.583 0.816 0.531 0.416 0.213 0.000 0.000 0.000 0.000 0.000 0.000 0.000 0.000 0.000 0.000 0.000 0.000 0.000 0.000 0.000 0.000 0.000
0.450 0.445 0.570 0.811 0.698 0.563 0.467 0.358 0.366 0.317 0.237 0.291 0.582 0.447 0.256 0.221 0.155 0.197 0.219 0.173 0.194 0.305 0.364 0.348 0.534 0.560 0.428 0.527 0.701 0.574 0.424 0.533 0.630 0.452 0.610 0.547 0.304 0.687 0.531 0.374 0.367 0.444 0.714 0.742 0.675 0.767 0.708 0.747 0.541 0.544 0.352 0.454 0.549 0.413 0.649 0.595 0.530 0.429 0.268 0.000 0.000 0.000 0.000 0.000 0.000 0.000 0.000 0.000 0.000 0.000 0.000 0.000 0.000 0.000 0.000 0.000 0.000
0.448 0.532 0.712 0.478 0.367 0.411 0.493 0.695 0.600 0.369 0.276 0.401 0.556 0.517 0.386 0.347 0.423 0.149 0.250 0.305 0.342 0.520 0.499 0.464 0.586 0.552 0.466 0.470 0.621 0.733 0.624 0.439 0.786 0.606 0.697 0.578 0.476 0.496 0.879 0.582 0.648 0.497 0.672 0.460 0.600 0.531 0.673 0.467 0.803 0.915 0.474 0.524 0.440 0.682 0.779 0.390 0.481 0.349 0.110 0.000 0.000 0.000 0.000 0.000 0.000 0.000 0.000 0.000 0.000 0.000 0.000 0.000 0.000 0.000 0.000 0.000 0.000
0.396 0.537 0.774 0.485 0.446 0.344 0.395 0.392 0.439 0.493 0.426 0.277 0.309 0.318 0.376 0.251 0.457 0.121 0.117 0.160 0.294 0.365 0.409 0.419 0.528 0.516 0.451 0.488 0.548 0.345 0.769 0.717 0.801 0.494 0.445 0.510 0.656 0.490 0.771 0.550 0.473 0.594 0.624 0.444 0.505 0.468 0.786 0.253 0.467 0.454 0.636 0.729 0.689 0.789 0.480 0.401 0.385 0.296 0.000 0.000 0.000 0.000 0.000 0.000 0.000 0.000 0.000 0.000 0.000 0.000 0.000 0.000 0.000 0.000 0.000 0.000 0.000
0.519 0.519 0.532 0.755 0.465 0.467 0.431 0.401 0.506 0.411 0.414 0.354 0.462 0.273 0.246 0.116 0.232 0.385 0.187 0.169 0.244 0.293 0.417 0.388 0.350 0.509 0.431 0.426 0.509 0.397 0.505 0.718 0.616 0.492 0.559 0.515 0.587 0.620 0.876 0.747 0.826 0.479 0.386 0.381 0.829 0.967 0.920 0.794 0.586 0.431 0.522 0.522 0.588 0.575 0.632 0.509 0.394 0.210 0.000 0.000 0.000 0.000 0.000 0.000 0.000 0.000 0.000 0.000 0.000 0.000 0.000 0.000 0.000 0.000 0.000 0.000 0.000
0.494 0.434 0.489 0.906 0.681 0.670 0.756 0.749 0.617 0.647 0.410 0.404 0.245 0.229 0.373 0.312 0.128 0.207 0.257 0.453 0.296 0.508 0.418 0.586 0.431 0.307 0.444 0.342 0.357 0.419 0.511 0.804 0.567 0.436 0.482 0.444 0.325 0.582 0.766 0.484 0.399 0.933 0.650 0.838 0.475 0.544 0.782 0.772 0.937 0.761 0.930 0.897 0.647 0.734 0.474 0.451 0.374 0.127 0.000 0.000 0.000 0.000 0.000 0.000 0.000 0.000 0.000 0.000 0.000 0.000 0.000 0.000 0.000 0.000 0.000 0.000 0.000
0.523 0.495 0.591 0.663 0.847 0.535 0.524 0.380 0.305 0.231 0.310 0.233 0.343 0.306 0.343 0.408 0.309 0.254 0.330 0.156 0.212 0.383 0.406 0.519 0.601 0.562 0.386 0.426 0.481 0.486 0.407 0.838 0.797 0.380 0.587 0.418 0.493 0.442 0.736 0.447 0.436 0.447 0.363 0.840 0.965 0.895 0.758 0.527 0.509 0.587 0.706 0.658 0.593 0.678 0.517 0.416 0.319 0.092 0.000 0.000 0.000 0.000 0.000 0.000 0.000 0.000 0.000 0.000 0.000 0.000 0.000 0.000 0.000 0.000 0.000 0.000 0.000
0.533 0.553 0.811 0.653 0.588 0.567 0.374 0.475 0.464 0.263 0.182 0.263 0.283 0.157 0.254 0.282 0.306 0.145 0.284 0.343 0.270 0.334 0.329 0.495 0.577 0.460 0.542 0.622 0.451 0.436 0.514 0.438 0.915 0.640 0.480 0.580 0.541 0.470 0.415 0.777 0.397 0.504 0.535 0.665 0.594 0.886 0.894 1.025 0.668 0.713 0.536 0.811 0.763 0.718 0.442 0.403 0.280 0.125 0.000 0.000 0.000 0.000 0.000 0.000 0.000 0.000 0.000 0.000 0.000 0.000 0.000 0.000 0.000 0.000 0.000 0.000 0.000
0.540 0.556 0.641 0.642 0.634 0.558 0.358 0.408 0.627 0.470 0.392 0.421 0.307 0.235 0.250 0.358 0.401 0.302 0.322 0.352 0.371 0.452 0.542 0.418 0.445 0.528 0.364 0.503 0.362 0.359 0.332 0.451 0.656 0.638 0.595 0.471 0.394 0.519 0.557 0.534 0.902 0.569 0.519 0.767 0.635 0.602 0.638 0.796 0.551 0.693 0.758 0.653 0.530 0.548 0.527 0.580 0.293 0.043 0.000 0.000 0.000 0.000 0.000 0.000 0.000 0.000 0.000 0.000 0.000 0.000 0.000 0.000 0.000 0.000 0.000 0.000 0.000
0.554 0.531 0.544 0.600 0.552 0.568 0.454 0.420 0.308 0.312 0.494 0.313 0.279 0.352 0.393 0.489 0.220 0.306 0.179 0.310 0.344 0.357 0.245 0.305 0.490 0.408 0.379 0.557 0.405 0.400 0.434 0.455 0.747 0.748 0.486 0.496 0.549 0.497 0.357 0.490 0.713 0.853 0.745 0.859 0.835 0.937 0.582 0.556 0.433 0.528 0.695 0.452 0.593 0.438 0.380 0.390 0.265 0.021 0.000 0.000 0.000 0.000 0.000 0.000 0.000 0.000 0.000 0.000 0.000 0.000 0.000 0.000 0.000 0.000 0.000 0.000 0.000
0.369 0.450 0.523 0.479 0.493 0.532 0.615 0.594 0.485 0.436 0.341 0.388 0.342 0.313 0.300 0.428 0.436 0.476 0.463 0.451 0.369 0.321 0.221 0.275 0.357 0.430 0.413 0.476 0.352 0.366 0.397 0.427 0.313 0.803 0.521 0.460 0.425 0.467 0.494 0.414 0.397 0.848 0.543 0.681 0.662 0.685 0.631 0.479 0.408 0.521 0.520 0.540 0.466 0.544 0.535 0.351 0.229 0.019 0.000 0.000 0.000 0.000 0.000 0.000 0.000 0.000 0.000 0.000 0.000 0.000 0.000 0.000 0.000 0.000 0.000 0.000 0.000
0.453 0.426 0.491 0.499 0.492 0.589 0.719 0.559 0.618 0.378 0.242 0.229 0.210 0.113 0.349 0.246 0.435 0.407 0.362 0.589 0.596 0.362 0.306 0.223 0.428 0.382 0.333 0.666 0.408 0.536 0.447 0.471 0.434 0.902 0.485 0.533 0.515 0.471 0.397 0.424 0.529 0.988 0.554 0.390 0.655 0.501 0.656 0.537 0.439 0.614 0.512 0.519 0.451 0.373 0.363 0.294 0.167 0.000 0.000 0.000 0.000 0.000 0.000 0.000 0.000 0.000 0.000 0.000 0.000 0.000 0.000 0.000 0.000 0.000 0.000 0.000 0.000
0.456 0.664 0.590 0.559 0.337 0.652 0.355 0.428 0.647 0.392 0.423 0.402 0.168 0.194 0.192 0.150 0.278 0.298 0.253 0.433 0.425 0.675 0.647 0.455 0.570 0.331 0.661 0.440 0.359 0.445 0.502 0.464 0.431 0.828 0.452 0.701 0.335 0.350 0.454 0.607 0.595 0.947 0.705 0.769 0.593 0.628 0.727 0.476 0.712 0.672 0.518 0.431 0.540 0.443 0.474 0.308 0.132 0.000 0.000 0.000 0.000 0.000 0.000 0.000 0.000 0.000 0.000 0.000 0.000 0.000 0.000 0.000 0.000 0.000 0.000 0.000 0.000
0.520 0.446 0.480 0.492 0.368 0.566 0.422 0.538 0.442 0.631 0.757 0.517 0.399 0.349 0.480 0.326 0.168 0.567 0.597 0.379 0.217 0.268 0.398 0.588 0.695 0.645 0.709 0.589 0.407 0.353 0.365 0.583 0.402 0.851 0.491 0.539 0.243 0.486 0.434 0.420 0.678 0.712 0.485 0.775 0.653 0.766 0.528 0.457 0.634 0.541 0.520 0.488 0.471 0.462 0.452 0.411 0.246 0.044 0.000 0.000 0.000 0.000 0.000 0.000 0.000 0.000 0.000 0.000 0.000 0.000 0.000 0.000 0.000 0.000 0.000 0.000 0.000
0.868 0.559 0.385 0.620 0.561 0.391 0.450 0.587 0.376 0.440 0.446 0.439 0.549 0.558 0.410 0.199 0.257 0.361 0.329 0.530 0.528 0.524 0.509 0.330 0.419 0.404 0.619 0.402 0.453 0.288 0.326 0.522 0.556 0.972 0.546 0.526 0.392 0.534 0.574 0.442 0.694 0.672 0.607 0.696 0.601 0.789 0.567 0.578 0.662 0.416 0.533 0.544 0.511 0.364 0.378 0.345 0.234 0.139 0.000 0.000 0.000 0.000 0.000 0.000 0.000 0.000 0.000 0.000 0.000 0.000 0.000 0.000 0.000 0.000 0.000 0.000 0.000
0.823 0.493 0.358 0.596 0.285 0.392 0.619 0.396 0.331 0.330 0.466 0.402 0.254 0.315 0.452 0.482 0.373 0.368 0.245 0.317 0.335 0.309 0.373 0.492 0.392 0.444 0.669 0.390 0.478 0.315 0.367 0.539 0.366 0.693 0.584 0.512 0.532 0.566 0.452 0.498 0.861 0.525 0.500 0.866 0.716 1.000 0.394 0.584 0.520 0.574 0.387 0.406 0.390 0.360 0.281 0.281 0.223 0.072 0.000 0.000 0.000 0.000 0.000 0.000 0.000 0.000 0.000 0.000 0.000 0.000 0.000 0.000 0.000 0.000 0.000 0.000 0.000
0.547 0.575 0.654 0.754 0.358 0.349 0.629 0.392 0.335 0.436 0.226 0.389 0.431 0.294 0.252 0.370 0.497 0.505 0.482 0.407 0.334 0.330 0.364 0.302 0.354 0.686 0.415 0.375 0.496 0.349 0.383 0.456 0.900 0.376 0.436 0.691 0.482 0.468 0.491 0.602 0.750 0.802 0.412 0.657 0.850 0.858 0.638 0.718 0.557 0.580 0.421 0.490 0.370 0.388 0.323 0.221 0.074 0.000 0.000 0.000 0.000 0.000 0.000 0.000 0.000 0.000 0.000 0.000 0.000 0.000 0.000 0.000 0.000 0.000 0.000 0.000 0.000
