Data/res-0330.Qx
ncols         434
nrows         491
xllcorner     1194547.500000
yllcorner     -584471.000000
cellsize      25.000000
NODATA_value  -9999.000000
[rows 170 to 203 of 491, columns 228 to 303 of 434]
0.000 0.000 0.000 0.000 0.000 0.000 0.000 0.000 0.000 0.001 0.003 0.004 0.003 0.002 0.002 0.003 0.006 0.004 0.004 0.005 0.004 0.005 0.004 0.003 0.002 0.004 0.001 0.002 0.005 0.003 0.008 0.002 0.004 0.004 0.004 0.002 0.003 0.008 0.005 0.002 0.001 0.002 -0.014 0.003 0.009 0.012 0.018 0.010 0.009 0.004 0.005 0.012 0.013 0.005 0.002 0.000 -0.002 -0.016 -0.000 0.002 0.003 0.002 0.012 0.010 0.010 0.008 0.010 0.006 0.005 0.004 0.004 0.009 0.023 0.000 0.001 0.010
0.000 0.000 0.000 0.000 0.000 0.000 0.000 0.000 0.000 0.001 0.006 0.007 0.007 0.004 0.004 0.006 0.004 0.002 0.002 0.002 0.002 0.003 0.003 0.003 0.003 0.002 0.006 0.004 0.005 0.002 0.000 0.002 0.002 0.003 0.005 0.003 0.003 0.003 0.003 0.003 0.003 -0.011 -0.004 0.002 0.005 0.006 0.004 0.008 0.008 0.007 0.005 0.010 0.011 0.033 0.020 -0.007 -0.032 -0.007 0.006 0.005 0.003 0.011 0.011 0.014 0.016 0.006 0.006 0.005 0.006 0.007 0.006 0.006 0.009 0.034 0.022 0.005
0.000 0.000 0.000 0.000 0.000 0.000 0.000 0.000 0.002 0.005 0.005 0.009 0.003 0.004 0.005 0.005 0.004 0.002 0.002 0.004 0.003 0.002 0.002 0.005 0.004 0.003 0.007 0.002 0.002 0.003 0.001 0.004 0.005 0.005 0.003 0.005 0.003 0.002 0.002 0.002 0.002 -0.004 -0.001 0.000 0.000 0.001 0.006 0.007 0.007 0.001 0.001 0.000 0.000 0.009 0.015 0.001 -0.003 -0.004 -0.001 0.003 0.004 0.001 0.004 0.003 0.001 0.003 0.006 0.007 0.005 0.005 0.000 -0.000 0.000 0.009 0.021 0.001
0.000 0.000 0.000 0.000 0.000 0.000 0.000 0.000 0.003 0.005 0.005 0.002 0.003 0.003 0.004 0.005 0.004 0.005 0.006 0.004 0.003 0.003 0.004 0.003 0.006 0.008 0.010 0.001 0.001 0.004 0.006 0.022 0.022 0.016 0.003 0.002 0.003 0.001 0.001 0.002 0.003 -0.000 0.019 0.019 0.019 0.013 0.008 0.006 0.009 0.002 0.002 0.001 -0.001 0.002 0.004 0.003 -0.000 -0.000 0.000 0.000 0.001 0.001 0.003 0.004 0.008 0.012 0.009 0.011 0.001 0.002 0.006 0.002 0.003 0.005 0.003 0.004
0.000 0.000 0.000 0.000 0.000 0.000 0.001 0.003 0.004 0.004 0.003 0.004 0.006 0.006 0.006 0.002 0.002 0.005 0.005 0.014 0.013 0.005 0.001 0.001 0.002 0.001 0.000 0.005 0.002 0.003 0.005 0.005 0.005 0.006 0.001 0.002 0.001 0.000 -0.004 0.001 0.001 0.002 0.001 0.002 0.001 0.006 0.010 0.002 0.001 0.019 0.006 -0.005 -0.009 -0.002 0.002 0.012 0.033 0.016 0.004 0.005 -0.000 -0.000 0.004 0.002 0.002 0.003 0.003 0.002 0.006 0.005 0.010 0.013 0.014 0.013 0.006 0.013
0.000 0.000 0.000 0.000 0.000 0.002 0.004 0.006 0.007 0.007 0.007 0.010 0.006 0.006 0.006 0.009 0.017 0.016 0.013 0.005 0.005 0.013 0.005 0.002 0.003 0.004 0.006 0.018 0.012 0.003 0.003 0.003 0.002 0.003 0.010 0.002 -0.004 -0.003 0.000 0.000 0.000 0.002 0.004 0.003 0.002 0.001 0.000 0.003 0.005 0.002 0.003 -0.017 -0.022 -0.029 -0.013 0.011 0.030 0.049 0.050 0.014 0.000 0.001 0.001 0.003 -0.006 -0.001 0.003 0.003 0.014 0.016 0.003 0.001 0.001 0.001 0.006 0.036
0.000 0.000 0.000 0.001 0.004 0.006 0.007 0.008 0.011 0.009 0.009 0.008 0.008 0.009 0.008 0.007 0.004 0.004 0.002 0.000 0.000 0.001 0.007 0.007 0.009 0.009 0.007 0.011 0.011 0.004 0.004 0.004 0.006 0.009 0.021 -0.004 -0.012 -0.004 0.000 0.000 0.000 -0.004 0.001 0.002 0.008 0.010 -0.001 0.001 0.002 0.000 -0.008 -0.027 -0.026 -0.018 0.004 0.007 0.006 0.006 0.008 0.040 0.025 0.012 0.005 0.006 0.002 0.001 0.003 0.002 0.001 -0.000 0.002 0.002 0.002 0.007 0.024 0.016
0.000 0.001 0.002 0.004 0.006 0.007 0.008 0.008 0.011 0.007 0.007 0.005 0.005 0.004 0.007 0.004 0.002 0.001 0.001 0.003 0.003 0.005 0.011 0.003 0.001 0.001 0.001 0.000 0.001 0.001 0.003 0.004 0.003 0.002 0.003 0.002 -0.000 0.000 0.001 0.002 -0.000 0.000 0.002 0.003 0.000 0.000 0.000 0.000 0.000 0.000 -0.009 -0.003 -0.000 0.005 0.004 0.004 0.004 0.004 0.003 0.002 0.015 0.000 0.003 0.003 0.013 0.013 0.011 0.014 0.016 -0.002 0.001 0.004 0.009 0.022 0.009 0.009
0.001 0.001 0.002 0.003 0.005 0.005 0.004 0.004 0.002 0.003 0.003 0.003 0.002 0.004 0.005 0.003 0.002 0.002 0.003 0.004 0.005 0.006 0.005 0.014 0.004 0.001 0.001 0.001 0.002 0.007 0.007 0.007 0.008 0.007 0.008 0.017 0.018 0.012 0.003 0.004 -0.002 0.003 0.002 0.002 0.003 0.003 0.013 0.008 0.000 -0.004 -0.005 -0.001 0.000 0.001 0.006 0.008 0.004 0.006 0.003 0.003 0.007 0.002 0.003 0.005 0.007 0.005 0.004 0.003 0.002 0.003 0.010 0.020 0.027 0.012 0.010 0.006
0.001 0.001 0.001 0.002 0.003 0.004 0.003 0.004 0.002 0.002 0.004 0.005 0.007 0.005 0.003 0.004 0.003 0.003 0.002 0.002 0.000 0.000 0.001 0.004 0.012 0.005 0.001 0.000 0.001 0.003 0.004 0.004 0.003 0.001 0.002 0.012 0.035 0.035 0.042 0.029 0.032 0.029 0.016 0.004 0.004 0.004 0.006 0.015 -0.003 -0.018 -0.003 0.016 0.004 0.005 0.008 0.012 0.012 0.007 0.004 0.006 0.021 0.039 0.001 0.002 0.006 0.004 0.007 0.005 0.004 0.015 0.021 0.014 0.001 0.001 0.005 0.008
0.000 0.000 0.001 0.000 0.001 0.001 0.001 0.002 0.002 0.003 0.003 0.005 0.004 0.005 0.004 0.005 0.004 0.004 0.004 0.002 0.002 0.002 0.002 0.004 0.007 0.010 0.001 0.001 0.001 0.006 0.002 0.002 0.004 -0.002 -0.008 0.006 0.008 0.012 0.016 0.024 0.035 0.053 0.057 0.007 -0.000 0.000 0.001 -0.000 -0.004 -0.019 0.001 0.016 0.031 0.022 0.016 0.016 0.011 0.011 0.002 0.001 0.004 0.005 0.017 0.018 0.017 0.008 0.008 0.011 0.009 0.014 0.009 0.001 0.002 0.002 0.003 0.004
0.002 0.003 0.003 0.001 0.001 0.001 0.003 0.003 0.004 0.005 0.004 0.002 0.002 0.008 0.006 0.007 0.008 0.004 0.004 0.004 0.004 0.003 0.003 0.000 0.000 0.008 0.003 0.003 0.003 0.008 0.004 0.003 0.003 -0.006 0.001 0.001 0.000 0.001 0.000 0.002 0.002 0.007 0.019 0.005 0.000 0.000 0.000 -0.000 -0.003 -0.002 0.002 0.003 0.007 0.005 0.003 0.002 0.003 0.004 0.006 0.001 -0.000 -0.014 0.008 0.005 0.003 0.004 0.005 0.009 0.023 0.029 0.032 0.037 0.034 0.024 0.015 0.014
0.000 0.001 0.001 0.001 0.001 0.001 0.005 0.004 0.004 0.005 0.005 0.007 0.009 0.004 0.004 0.008 0.007 0.002 0.003 0.004 0.005 0.000 0.000 -0.000 0.000 0.000 0.006 0.003 0.005 0.004 0.009 0.009 0.004 0.002 0.001 0.001 0.001 0.001 0.001 -0.000 0.000 0.001 0.001 0.042 0.002 0.002 0.001 -0.006 -0.000 0.000 0.003 0.004 0.007 0.009 0.012 0.012 0.004 -0.002 0.013 0.009 -0.013 -0.002 0.003 0.003 0.003 0.011 0.011 0.014 0.007 0.003 0.003 0.004 0.002 0.009 0.020 0.019
0.000 0.000 0.001 0.001 0.001 0.002 0.001 0.002 0.003 0.003 0.003 0.003 0.004 0.006 0.007 0.006 0.008 0.019 0.020 0.021 0.020 0.006 0.000 -0.000 0.000 -0.002 0.003 0.002 0.003 0.007 0.009 0.010 0.012 0.002 0.001 0.000 0.001 0.002 0.002 0.001 0.000 0.001 0.003 0.033 0.027 0.002 0.001 -0.000 0.001 0.013 0.003 0.004 0.003 0.003 0.009 0.005 0.002 0.001 0.002 0.004 -0.005 0.000 0.003 0.009 0.006 0.007 0.007 0.000 0.000 0.000 0.000 0.000 0.001 0.002 0.002 0.001
0.000 0.001 0.001 0.001 0.002 0.004 0.002 0.003 0.004 0.005 0.007 0.008 0.007 0.006 0.007 0.009 0.008 0.009 0.009 0.009 0.011 0.023 0.015 0.006 0.005 0.002 0.003 0.005 0.004 0.003 0.003 0.005 0.004 0.014 0.010 0.006 0.006 0.004 0.005 0.004 0.002 0.000 0.001 0.001 0.013 0.003 -0.000 -0.011 0.003 0.021 0.029 0.011 0.005 0.003 0.003 0.006 0.002 0.003 0.002 -0.000 0.016 0.013 0.002 0.003 0.006 0.003 -0.000 0.001 0.000 0.000 0.000 0.000 0.000 0.002 0.002 0.000
0.000 0.003 0.004 0.006 0.005 0.004 0.003 0.003 0.006 0.004 0.005 0.005 0.005 0.007 0.005 0.003 0.004 0.004 0.003 0.002 0.002 0.007 0.021 0.026 0.011 0.002 0.001 0.002 0.003 0.002 0.004 0.003 0.004 0.012 0.012 0.018 0.018 0.016 0.011 0.006 0.005 0.010 0.010 0.010 0.018 0.012 -0.013 -0.001 0.008 0.009 0.007 0.004 0.006 0.005 0.002 0.003 -0.002 0.003 0.002 0.004 0.005 0.013 0.014 0.008 0.009 0.005 -0.000 0.000 0.000 0.001 0.002 0.002 0.011 0.011 0.009 0.005
0.000 0.002 0.003 0.005 0.005 0.005 0.004 0.006 0.006 0.006 0.007 0.006 0.006 0.003 0.004 0.003 0.004 0.003 0.000 0.000 0.000 0.001 0.001 0.006 0.012 0.002 0.001 0.002 0.002 0.002 0.002 0.003 0.003 0.004 0.006 0.005 0.004 0.007 0.006 0.016 0.003 0.001 -0.000 0.002 0.010 -0.005 -0.002 0.001 0.002 0.002 0.004 0.012 0.005 0.008 0.003 -0.012 0.005 0.006 0.004 0.006 0.002 0.006 0.003 0.008 0.012 0.013 0.002 0.000 0.000 0.000 0.027 0.025 0.027 0.022 0.027 0.022
0.002 0.002 0.003 0.005 0.006 0.008 0.014 0.013 0.007 0.005 0.004 0.005 0.005 0.005 0.004 0.003 0.003 0.003 0.006 0.002 0.001 0.002 0.002 0.005 0.009 0.010 0.003 0.004 0.003 0.001 0.001 0.003 0.004 -0.002 0.003 0.002 0.002 0.001 0.002 0.002 0.001 0.000 0.000 0.000 -0.002 -0.006 0.002 0.005 0.006 0.011 0.007 0.014 0.007 0.010 0.005 -0.005 0.006 0.009 0.008 0.008 0.013 0.011 0.000 0.001 0.002 0.013 0.010 0.017 0.029 0.030 0.002 0.003 0.003 0.001 0.002 0.002
-0.000 0.000 0.003 0.003 0.005 0.004 0.004 0.001 0.003 0.003 0.005 0.007 0.013 0.012 0.009 0.005 0.001 0.001 0.001 0.002 0.002 0.001 0.000 0.000 0.004 0.020 0.022 0.019 0.022 0.029 0.030 0.029 0.008 0.001 0.006 0.004 0.004 0.002 0.002 0.002 -0.000 0.002 0.001 -0.003 -0.004 0.002 0.004 0.005 0.006 0.004 0.006 0.007 0.020 0.025 0.012 0.001 0.003 0.007 0.007 0.005 0.019 0.018 0.001 0.000 0.000 0.003 0.025 0.020 0.007 0.005 0.002 0.001 0.002 0.003 0.003 0.005
0.001 0.001 0.004 0.002 0.001 0.001 0.001 0.001 0.005 0.007 0.006 0.015 0.008 0.008 0.015 0.019 0.018 0.014 0.013 0.011 0.003 0.001 0.001 0.001 0.001 0.009 0.020 0.015 0.013 0.010 0.008 0.003 0.004 0.001 0.004 0.006 0.005 0.007 0.004 0.002 0.000 -0.000 -0.001 0.000 -0.002 0.017 0.021 0.011 0.011 0.008 0.008 0.007 0.005 0.002 0.004 0.010 0.001 0.008 0.014 0.003 0.003 0.006 0.005 0.001 0.001 0.003 0.006 0.000 0.001 0.004 0.007 0.004 0.005 0.005 0.008 0.008
0.004 0.005 0.000 0.002 0.000 0.004 0.003 0.008 0.008 0.009 0.013 0.006 0.006 0.013 0.013 0.012 0.015 0.018 0.018 0.018 0.003 0.004 0.000 0.000 0.001 0.001 0.003 0.005 0.004 0.004 0.003 0.002 0.002 0.005 0.007 0.009 0.003 0.004 0.007 0.005 0.004 -0.002 -0.003 0.001 -0.009 0.011 0.023 0.008 0.010 0.013 0.008 0.008 0.008 0.001 -0.002 0.008 0.001 0.002 0.002 0.002 0.002 0.002 0.009 0.006 0.007 0.008 0.009 0.010 0.009 0.001 0.001 0.005 0.006 0.010 0.015 0.016
0.000 0.000 0.000 0.002 0.002 0.002 0.004 0.012 0.009 0.007 0.008 0.003 0.004 0.002 0.001 0.002 0.002 0.004 0.006 0.009 0.025 0.001 0.001 0.000 -0.000 0.001 0.001 0.002 0.002 0.002 0.001 0.001 0.003 0.011 0.009 0.008 0.015 0.008 0.007 0.007 0.009 0.000 -0.000 -0.000 0.001 0.001 -0.000 0.022 0.006 0.003 0.003 0.002 0.004 -0.003 0.004 0.023 0.031 0.016 0.004 0.001 0.006 -0.000 0.002 0.000 0.000 0.000 0.000 0.004 0.006 0.007 0.007 0.007 0.007 0.025 0.020 0.015
0.000 0.000 0.002 0.001 0.004 0.003 0.005 0.002 0.004 0.004 0.003 0.002 0.005 0.004 0.002 0.001 0.001 0.000 0.000 0.003 0.002 0.002 0.000 0.001 0.000 0.000 0.001 0.002 0.002 0.002 0.001 -0.004 -0.000 0.003 0.004 0.003 0.002 0.007 0.012 0.018 0.016 0.003 0.002 -0.000 0.003 0.002 0.003 0.004 0.010 0.006 0.004 0.000 -0.005 -0.010 0.007 0.011 0.023 0.009 0.010 0.028 0.022 -0.002 0.000 0.000 0.000 0.004 0.002 0.000 0.000 0.009 0.035 0.033 0.030 0.007 0.004 0.013
0.001 0.001 0.001 0.004 0.008 0.007 0.005 0.006 0.005 0.005 0.014 0.011 0.004 0.001 0.000 0.000 0.000 0.000 0.000 0.000 0.001 0.019 0.001 0.001 0.000 -0.000 -0.000 0.003 0.003 0.002 0.000 -0.009 0.002 0.003 0.004 0.006 0.003 0.004 0.004 0.002 0.015 0.020 0.013 -0.001 0.029 0.036 0.006 0.008 0.011 0.005 0.007 -0.003 0.005 0.007 0.003 0.002 -0.000 -0.010 0.003 0.001 -0.001 -0.023 0.001 0.013 0.011 0.008 0.005 0.006 0.006 0.008 0.002 0.005 0.006 0.006 0.007 0.009
0.003 0.003 0.007 0.005 0.001 0.003 0.002 0.004 0.003 0.003 0.001 0.002 0.002 0.001 0.000 0.000 0.000 0.000 0.000 0.000 0.001 0.000 0.002 0.002 -0.000 -0.000 0.002 0.003 0.003 0.001 -0.001 0.000 0.001 0.005 0.005 0.006 0.006 0.006 0.007 0.008 0.016 0.018 0.011 0.007 0.014 0.016 0.046 0.032 0.015 0.009 0.009 0.010 0.006 0.006 0.007 0.002 -0.025 0.001 0.002 -0.002 -0.003 -0.001 0.000 0.000 0.001 0.001 0.005 0.007 0.008 0.028 0.007 0.000 0.000 0.000 0.004 0.002
0.003 0.004 0.003 0.002 0.002 0.004 0.009 0.001 0.002 0.000 0.001 0.001 0.001 0.000 0.000 0.000 0.000 0.000 0.000 0.001 0.004 -0.013 -0.001 -0.001 0.001 0.000 -0.000 0.000 0.001 -0.000 -0.003 0.006 0.002 0.002 0.002 0.004 0.005 0.004 0.004 0.002 0.000 0.003 0.008 0.012 0.015 0.016 0.013 0.015 0.011 0.010 0.013 0.011 0.012 0.007 -0.004 -0.017 -0.000 0.002 -0.003 -0.000 0.000 0.008 0.005 0.000 0.001 0.003 0.013 0.032 0.029 0.006 0.006 0.003 0.002 0.000 -0.000 0.004
0.001 0.003 0.003 0.004 0.006 0.005 0.002 0.002 0.004 0.006 0.000 0.001 0.001 0.001 0.001 0.000 0.000 0.000 0.000 0.000 0.000 -0.003 -0.001 -0.000 0.002 0.001 0.001 0.001 0.001 0.001 0.006 0.012 0.019 0.011 0.005 0.004 0.006 0.005 0.006 -0.001 -0.001 -0.001 0.011 0.021 0.010 0.007 0.007 0.009 0.004 0.006 0.006 0.006 0.006 -0.006 -0.018 0.001 0.005 0.002 0.000 0.000 -0.000 -0.004 0.003 0.007 0.007 0.022 0.023 0.008 0.007 0.006 0.007 0.008 0.003 0.001 0.000 0.000
0.001 0.002 0.003 0.003 0.003 0.003 0.005 0.006 0.011 0.007 -0.002 0.000 0.000 -0.000 0.000 0.003 -0.000 -0.000 -0.000 0.000 0.000 -0.003 -0.000 0.000 0.000 0.002 0.003 0.004 0.003 0.004 0.005 0.006 0.006 0.010 0.013 0.005 0.003 0.003 0.002 0.000 -0.004 0.003 0.003 0.002 0.015 0.009 0.012 0.005 0.004 0.005 0.006 0.004 -0.007 -0.011 0.002 0.002 0.004 0.003 -0.000 0.000 0.001 0.001 0.009 0.020 0.031 0.017 0.007 0.006 0.003 0.001 0.001 0.002 0.001 0.005 0.000 -0.001
0.009 0.005 0.006 0.012 0.012 0.008 0.004 -0.000 0.000 0.000 0.000 0.000 0.001 0.002 0.002 0.001 0.004 0.001 0.001 0.001 0.000 0.000 0.001 0.001 0.001 0.003 0.008 0.007 0.005 0.005 0.005 0.004 0.003 0.004 0.005 -0.000 0.003 0.003 0.001 -0.001 0.003 0.008 0.005 0.003 0.002 0.002 0.003 0.002 0.006 0.005 -0.008 -0.013 -0.016 0.003 0.023 0.013 0.017 -0.004 -0.000 -0.001 0.003 0.027 0.032 0.025 0.018 0.006 0.001 0.001 0.003 0.007 0.000 -0.001 0.000 -0.000 -0.004 -0.006
0.000 0.002 0.004 0.002 0.000 0.002 0.001 0.000 -0.000 -0.001 0.001 0.001 0.002 0.001 0.000 0.001 0.002 0.000 0.000 0.000 -0.000 0.025 0.001 0.003 0.003 0.007 0.004 0.005 0.004 0.003 0.007 0.006 0.005 0.003 0.002 0.000 0.003 0.003 -0.007 0.001 0.002 0.008 0.006 0.004 0.004 0.005 0.002 -0.004 0.004 -0.001 -0.001 0.007 0.002 0.003 0.003 0.002 -0.001 -0.007 -0.001 -0.005 -0.012 0.010 0.008 -0.000 0.000 0.008 0.012 0.012 0.001 0.001 -0.001 0.002 0.004 -0.001 -0.004 -0.003
0.000 0.003 0.001 0.001 0.001 0.008 0.007 0.009 0.002 0.003 0.001 0.000 0.000 0.000 0.000 0.000 0.000 0.005 0.001 -0.000 -0.000 0.005 0.023 0.012 0.012 0.007 0.002 0.001 0.004 0.003 0.003 0.005 0.012 0.016 -0.000 0.000 0.001 0.001 -0.002 0.001 0.002 0.002 0.004 0.006 0.004 0.001 -0.009 0.010 0.007 -0.003 0.004 0.004 0.025 0.023 0.004 0.003 -0.006 0.000 -0.002 -0.009 -0.003 0.001 0.000 0.003 -0.000 0.000 -0.000 0.000 0.007 0.006 0.016 0.017 0.018 0.004 0.000 0.000
0.001 0.002 0.002 0.001 0.008 0.001 0.003 0.003 0.002 0.001 0.001 0.001 -0.000 0.000 0.000 0.000 0.000 0.001 0.001 -0.001 0.001 0.005 0.008 0.007 0.005 0.003 0.004 0.002 0.002 0.000 0.002 0.000 0.000 0.002 0.005 0.009 0.005 0.002 0.002 0.002 0.002 0.003 0.007 0.005 0.004 -0.001 0.001 0.002 0.001 0.009 0.008 0.005 0.009 0.010 -0.002 0.002 -0.003 -0.001 -0.008 -0.013 -0.000 0.001 0.003 0.002 0.004 0.002 0.003 0.003 0.006 0.009 0.009 0.002 0.001 0.010 0.003 0.005
0.005 0.004 0.003 0.006 -0.000 0.000 0.001 0.001 0.003 0.004 0.004 0.003 0.004 0.002 0.000 0.000 0.000 0.000 0.001 -0.000 0.000 0.000 0.000 0.004 0.003 0.002 0.002 0.001 0.001 0.002 0.003 0.002 0.001 0.004 0.011 0.012 0.012 0.008 0.005 0.005 0.003 0.004 0.007 0.004 0.004 0.012 0.003 0.000 -0.001 0.008 0.016 0.019 0.021 0.018 0.002 0.001 0.002 0.007 -0.020 0.000 -0.000 0.000 0.000 0.000 0.002 0.004 0.008 0.008 0.007 0.003 0.004 0.002 0.001 0.004 0.000 0.002
0.002 0.002 0.005 0.004 -0.001 0.001 -0.002 0.002 0.003 0.000 0.001 0.001 0.002 0.005 0.000 0.000 0.000 0.000 0.002 0.008 0.002 0.000 -0.001 0.003 0.004 0.006 0.004 0.005 0.003 0.006 0.005 0.005 0.002 0.001 0.004 0.008 0.012 0.019 0.037 0.004 0.004 0.005 0.006 0.007 0.004 0.004 -0.002 -0.005 0.002 0.006 0.003 0.005 0.003 0.003 0.015 -0.000 0.002 -0.008 0.000 0.003 0.007 0.015 0.025 0.042 0.039 0.039 0.033 0.023 0.001 0.001 0.001 0.008 0.003 0.010 0.029 0.020
