Data/res-0330.Qy
ncols         433
nrows         492
xllcorner     1194560.000000
yllcorner     -584483.500000
cellsize      25.000000
NODATA_value  -9999.000000
[rows 340 to 373 of 492, columns 228 to 303 of 433]
0.000 0.016 0.101 -0.000 0.009 0.019 0.028 0.103 0.098 0.047 0.050 0.073 0.055 0.068 0.132 0.055 0.078 0.103 0.046 0.050 0.071 0.054 0.038 0.043 0.020 0.020 0.001 0.003 0.005 0.025 0.014 0.041 0.164 0.083 0.027 0.005 0.054 0.069 0.075 0.087 0.053 0.068 0.052 0.087 0.085 0.084 0.069 0.087 0.093 0.164 0.121 0.122 0.132 0.133 0.152 0.151 0.156 0.183 0.177 0.185 0.133 0.094 0.071 0.089 0.051 0.035 0.040 0.043 0.051 0.039 0.045 0.040 0.029 0.012 0.006 0.003
0.000 0.014 0.083 0.000 0.017 0.025 0.036 0.079 0.133 0.058 0.054 0.068 0.081 0.070 0.111 0.055 0.069 0.100 0.050 0.054 0.054 0.063 0.037 0.033 0.024 0.014 0.002 0.003 0.024 0.016 0.012 0.037 0.143 0.098 0.030 0.006 0.056 0.084 0.077 0.107 0.043 0.054 0.086 0.078 0.105 0.066 0.067 0.091 0.078 0.185 0.105 0.118 0.120 0.142 0.126 0.160 0.173 0.195 0.178 0.173 0.100 0.097 0.072 0.097 0.053 0.037 0.046 0.056 0.045 0.044 0.057 0.042 0.023 0.009 0.005 0.005
0.000 0.085 0.012 -0.000 0.019 0.025 0.042 0.083 0.124 0.079 0.060 0.087 0.136 0.078 0.071 0.042 0.039 0.091 0.048 0.061 0.049 0.056 0.042 0.028 0.022 0.015 0.005 0.016 0.028 0.014 0.014 0.019 0.086 0.134 0.053 0.027 0.042 0.101 0.058 0.100 0.048 0.055 0.161 0.065 0.078 0.061 0.086 0.132 0.053 0.108 0.118 0.121 0.126 0.148 0.109 0.162 0.162 0.182 0.189 0.182 0.107 0.075 0.075 0.097 0.084 0.059 0.041 0.047 0.037 0.053 0.047 0.037 0.022 0.005 0.005 0.010
0.000 0.086 0.011 0.000 0.021 0.028 0.050 0.102 0.102 0.092 0.120 0.119 0.106 0.057 0.057 0.049 0.099 0.051 0.051 0.029 0.037 0.040 0.048 0.022 0.019 0.029 0.005 0.011 0.026 0.016 0.033 0.036 0.056 0.082 0.081 0.038 0.048 0.101 0.052 0.105 0.073 0.136 0.092 0.074 0.107 0.128 0.036 0.049 0.057 0.101 0.113 0.125 0.105 0.161 0.125 0.127 0.171 0.187 0.204 0.164 0.104 0.080 0.079 0.101 0.094 0.060 0.049 0.066 0.033 0.070 0.021 0.024 0.010 0.004 0.013 0.009
0.001 0.074 0.026 0.006 0.015 0.041 0.058 0.162 0.052 0.086 0.097 0.138 0.112 0.076 0.057 0.093 0.056 0.029 0.051 0.032 0.041 0.020 0.067 0.016 0.015 0.020 0.008 0.024 0.019 0.052 0.017 0.035 0.038 0.064 0.080 0.073 0.074 0.082 0.100 0.146 0.093 0.049 0.064 0.074 0.118 0.083 0.052 0.054 0.058 0.095 0.126 0.104 0.113 0.163 0.135 0.119 0.181 0.166 0.189 0.176 0.105 0.083 0.106 0.086 0.101 0.054 0.054 0.056 0.033 0.093 0.008 0.012 0.012 0.009 0.009 0.006
0.018 0.065 0.031 0.027 0.018 0.053 0.046 0.142 0.058 0.086 0.101 0.124 0.118 0.089 0.050 0.090 0.060 0.027 0.047 0.031 0.033 0.021 0.100 0.004 0.009 0.012 0.010 0.022 0.016 0.055 0.022 0.035 0.026 0.064 0.080 0.113 0.065 0.217 0.026 0.095 0.071 0.062 0.060 0.070 0.141 0.038 0.072 0.068 0.055 0.073 0.146 0.095 0.205 0.084 0.103 0.145 0.153 0.175 0.195 0.178 0.122 0.081 0.092 0.087 0.105 0.059 0.065 0.048 0.033 0.065 0.012 0.019 0.012 0.007 0.007 0.004
0.040 0.054 0.028 0.046 0.046 0.031 0.054 0.112 0.090 0.074 0.125 0.080 0.102 0.119 0.047 0.098 0.068 0.018 0.036 0.032 0.028 0.020 0.094 0.011 0.025 0.002 0.027 0.008 0.026 0.036 0.022 0.033 0.018 0.085 0.063 0.251 0.042 0.108 0.043 0.068 0.078 0.141 0.057 0.072 0.069 0.035 0.085 0.080 0.056 0.063 0.144 0.143 0.146 0.083 0.100 0.174 0.141 0.204 0.208 0.135 0.130 0.078 0.092 0.096 0.100 0.071 0.061 0.053 0.046 0.021 0.016 0.013 0.009 0.009 0.011 0.005
0.052 0.047 0.027 0.055 0.048 0.035 0.075 0.106 0.104 0.108 0.073 0.070 0.091 0.165 0.083 0.048 0.042 0.020 0.041 0.031 0.033 0.018 0.098 0.011 0.005 0.001 0.030 0.014 0.016 0.046 0.026 0.043 0.103 0.019 0.076 0.206 0.056 0.104 0.067 0.052 0.059 0.174 0.079 0.054 0.057 0.056 0.072 0.081 0.048 0.116 0.114 0.139 0.099 0.114 0.126 0.182 0.130 0.192 0.202 0.132 0.130 0.080 0.115 0.092 0.089 0.080 0.057 0.055 0.022 0.017 0.013 0.005 0.006 0.009 0.006 0.005
0.076 0.035 0.027 0.062 0.053 0.049 0.098 0.097 0.111 0.079 0.075 0.064 0.113 0.154 0.074 0.045 0.038 0.063 0.035 0.012 0.016 0.008 0.096 0.024 0.006 0.001 0.012 0.028 0.001 0.061 0.023 0.097 0.045 0.022 0.102 0.141 0.176 0.080 0.073 0.076 0.050 0.151 0.065 0.053 0.074 0.070 0.082 0.075 0.104 0.072 0.107 0.053 0.114 0.125 0.139 0.180 0.125 0.219 0.245 0.150 0.141 0.128 0.029 0.071 0.078 0.089 0.041 0.033 0.026 0.022 0.007 0.005 0.002 0.002 0.003 -0.000
0.096 0.015 0.025 0.039 0.045 0.150 0.064 0.084 0.109 0.087 0.083 0.123 0.089 0.117 0.077 0.063 0.063 0.030 0.006 0.003 0.007 0.003 0.095 0.023 0.005 0.001 0.011 0.029 0.001 0.085 0.055 0.064 0.040 0.080 0.101 0.086 0.254 0.076 0.041 0.053 0.045 0.142 0.085 0.065 0.053 0.094 0.117 0.060 0.071 0.059 0.093 0.039 0.176 0.119 0.133 0.180 0.237 0.274 0.186 0.090 0.102 0.086 0.039 0.087 0.082 0.072 0.065 0.017 0.009 0.018 0.005 0.012 0.003 -0.002 -0.006 0.000
0.085 0.012 0.030 0.036 0.048 0.162 0.068 0.090 0.111 0.105 0.070 0.177 0.076 0.100 0.152 0.009 0.026 0.031 0.004 0.005 -0.010 -0.005 0.080 0.033 0.007 0.002 0.005 0.040 0.023 0.084 0.051 0.056 0.043 0.082 0.115 0.068 0.251 0.074 0.045 0.069 0.064 0.109 0.082 0.064 0.044 0.128 0.096 0.067 0.095 0.056 0.134 0.094 0.067 0.120 0.139 0.204 0.272 0.229 0.213 0.056 0.089 0.088 0.099 0.058 0.058 0.061 0.063 0.016 0.009 -0.005 0.004 0.010 0.007 0.001 -0.004 0.001
0.038 0.012 0.038 0.035 0.055 0.136 0.104 0.153 0.105 0.094 0.068 0.142 0.083 0.113 0.128 0.011 0.033 0.041 0.001 -0.002 -0.014 0.001 0.045 0.035 0.010 0.007 0.014 0.046 0.036 0.078 0.050 0.063 0.051 0.058 0.124 0.061 0.262 0.097 0.048 0.061 0.080 0.083 0.073 0.121 0.054 0.109 0.076 0.072 0.067 0.057 0.086 0.117 0.072 0.166 0.181 0.349 0.108 0.172 0.209 0.073 0.085 0.097 0.097 0.087 0.046 0.038 0.041 0.015 0.011 0.001 -0.003 0.003 0.003 0.000 0.001 0.000
0.029 0.042 0.039 0.053 0.060 0.114 0.108 0.196 0.090 0.082 0.082 0.108 0.096 0.108 0.098 0.015 0.053 0.012 0.005 0.017 0.003 -0.002 0.020 0.031 0.014 0.009 0.048 0.041 0.065 0.027 0.056 0.072 0.055 0.092 0.115 0.096 0.193 0.108 0.054 0.068 0.100 0.080 0.048 0.116 0.058 0.116 0.066 0.103 0.048 0.057 0.058 0.149 0.086 0.145 0.200 0.309 0.123 0.161 0.199 0.095 0.090 0.076 0.101 0.088 0.054 0.040 0.034 0.005 -0.000 0.000 0.000 0.000 0.000 0.000 0.000 0.000
0.039 0.044 0.069 0.074 0.057 0.089 0.095 0.195 0.114 0.066 0.095 0.088 0.092 0.096 0.095 0.035 0.012 0.006 0.025 0.017 -0.000 0.006 0.015 0.039 0.023 0.018 0.035 0.039 0.053 0.028 0.069 0.104 0.055 0.077 0.131 0.133 0.116 0.195 0.019 0.049 0.094 0.057 0.043 0.123 0.071 0.082 0.075 0.114 0.064 0.063 0.114 0.160 0.096 0.104 0.276 0.162 0.196 0.153 0.127 0.133 0.090 0.064 0.115 0.091 0.074 0.016 0.000 0.000 0.000 0.000 0.000 0.000 0.000 0.000 0.000 0.000
0.034 0.051 0.107 0.064 0.071 0.108 0.094 0.139 0.134 0.077 0.074 0.119 0.082 0.083 0.080 0.024 0.011 0.005 0.043 0.000 0.000 0.011 0.014 0.045 0.034 0.025 0.034 0.039 0.043 0.036 0.113 0.102 0.062 0.032 0.117 0.140 0.097 0.203 0.039 0.052 0.090 0.055 0.085 0.062 0.092 0.056 0.120 0.144 0.046 0.036 0.120 0.154 0.098 0.101 0.302 0.160 0.201 0.157 0.130 0.107 0.127 0.112 0.091 0.066 0.016 0.000 0.000 0.000 0.000 0.000 0.000 0.000 0.000 0.000 0.000 0.000
0.035 0.052 0.120 0.068 0.117 0.139 0.066 0.088 0.152 0.117 0.047 0.077 0.098 0.078 0.068 0.022 0.014 0.016 0.029 0.000 0.000 0.025 0.019 0.043 0.026 0.027 0.042 0.046 0.054 0.074 0.106 0.072 0.040 0.028 0.136 0.096 0.171 0.068 0.154 0.045 0.110 0.030 0.086 0.053 0.143 0.067 0.119 0.184 0.023 0.169 0.086 0.094 0.106 0.137 0.193 0.191 0.133 0.160 0.162 0.102 0.137 0.149 0.048 0.021 0.000 0.000 0.000 0.000 0.000 0.000 0.000 0.000 0.000 0.000 0.000 0.000
0.045 0.065 0.116 0.060 0.152 0.119 0.067 0.097 0.106 0.153 0.052 0.053 0.100 0.068 0.051 0.053 0.035 0.010 -0.002 0.000 0.030 0.016 0.012 0.031 0.030 0.038 0.039 0.056 0.051 0.039 0.138 0.073 0.048 0.025 0.131 0.089 0.167 0.065 0.172 0.065 0.074 0.041 0.048 0.163 0.054 0.079 0.122 0.172 0.027 0.195 0.114 0.130 0.104 0.168 0.132 0.204 0.127 0.146 0.160 0.161 0.117 0.088 0.036 0.000 0.000 0.000 0.000 0.000 0.000 0.000 0.000 0.000 0.000 0.000 0.000 0.000
0.044 0.059 0.129 0.053 0.134 0.178 0.086 0.068 0.088 0.154 0.060 0.058 0.066 0.048 0.079 0.061 0.036 0.001 0.001 0.040 0.014 0.002 0.002 0.021 0.011 0.066 0.023 0.067 0.054 0.042 0.065 0.150 0.046 0.017 0.163 0.122 0.070 0.152 0.100 0.113 0.065 0.036 0.036 0.157 0.053 0.147 0.103 0.144 0.131 0.158 0.133 0.108 0.100 0.136 0.135 0.210 0.125 0.144 0.158 0.182 0.106 0.060 0.004 0.000 0.000 0.000 0.000 0.000 0.000 0.000 0.000 0.000 0.000 0.000 0.000 0.000
0.086 0.068 0.077 0.061 0.123 0.178 0.093 0.042 0.147 0.121 0.064 0.063 0.078 0.023 0.036 0.089 0.077 0.016 0.008 0.000 -0.006 -0.000 0.002 0.007 0.017 0.062 0.023 0.088 0.052 0.051 0.045 0.162 0.055 0.065 0.117 0.115 0.061 0.177 0.124 0.039 0.094 0.042 0.079 0.077 0.093 0.166 0.097 0.148 0.151 0.156 0.132 0.129 0.164 0.071 0.132 0.191 0.104 0.216 0.160 0.149 0.085 0.014 0.000 0.000 0.000 0.000 0.000 0.000 0.000 0.000 0.000 0.000 0.000 0.000 0.000 0.000
0.101 0.089 0.051 0.090 0.110 0.224 0.143 0.047 0.062 0.092 0.060 0.075 0.061 0.022 0.024 0.099 0.064 0.016 0.007 0.002 0.000 -0.006 0.001 0.005 0.026 0.050 0.035 0.088 0.080 0.048 0.062 0.115 0.086 0.066 0.081 0.154 0.062 0.150 0.118 0.032 0.095 0.098 0.058 0.063 0.103 0.236 0.087 0.155 0.132 0.236 0.051 0.108 0.139 0.070 0.157 0.148 0.118 0.324 0.088 0.130 0.057 -0.000 0.000 0.000 0.000 0.000 0.000 0.000 0.000 0.000 0.000 0.000 0.000 0.000 0.000 0.000
0.084 0.086 0.049 0.085 0.131 0.227 0.127 0.075 0.060 0.083 0.070 0.069 0.053 0.040 0.044 0.052 0.038 0.035 0.002 -0.014 0.000 0.000 0.002 0.017 0.038 0.056 0.050 0.074 0.076 0.055 0.062 0.111 0.036 0.110 0.066 0.227 0.082 0.071 0.092 0.068 0.075 0.169 0.088 0.057 0.075 0.183 0.092 0.141 0.124 0.299 0.020 0.125 0.104 0.104 0.150 0.117 0.305 0.152 0.102 0.105 0.036 0.000 0.000 0.000 0.000 0.000 0.000 0.000 0.000 0.000 0.000 0.000 0.000 0.000 0.000 0.000
0.090 0.063 0.074 0.074 0.152 0.173 0.145 0.093 0.056 0.085 0.072 0.090 0.055 0.032 0.030 0.056 0.027 0.016 0.000 -0.021 0.000 0.000 0.003 0.020 0.035 0.081 0.071 0.052 0.077 0.063 0.056 0.086 0.039 0.099 0.185 0.143 0.083 0.068 0.085 0.079 0.066 0.186 0.097 0.089 0.121 0.077 0.078 0.134 0.113 0.311 0.022 0.149 0.105 0.155 0.154 0.187 0.195 0.143 0.105 0.099 0.006 0.000 0.000 0.000 0.000 0.000 0.000 0.000 0.000 0.000 0.000 0.000 0.000 0.000 0.000 0.000
0.082 0.058 0.103 0.129 0.094 0.119 0.208 0.095 0.078 0.066 0.058 0.103 0.066 0.033 0.048 0.007 0.005 -0.003 0.000 -0.000 -0.012 -0.003 -0.000 0.021 0.035 0.090 0.080 0.067 0.046 0.089 0.050 0.056 0.062 0.097 0.220 0.140 0.074 0.099 0.088 0.036 0.098 0.208 0.087 0.057 0.102 0.075 0.081 0.126 0.145 0.242 0.143 0.109 0.081 0.155 0.161 0.205 0.206 0.118 0.099 0.069 -0.000 0.000 0.000 0.000 0.000 0.000 0.000 0.000 0.000 0.000 0.000 0.000 0.000 0.000 0.000 0.000
0.061 0.076 0.081 0.101 0.083 0.114 0.219 0.202 0.115 0.117 0.048 0.029 0.004 0.009 0.000 0.001 0.002 -0.000 -0.023 0.000 0.005 0.023 0.000 0.006 0.043 0.056 0.094 0.070 0.040 0.081 0.056 0.056 0.082 0.073 0.233 0.148 0.062 0.106 0.078 0.043 0.099 0.189 0.087 0.068 0.096 0.051 0.171 0.093 0.152 0.321 0.128 0.106 0.123 0.158 0.138 0.142 0.195 0.106 0.084 0.043 0.000 0.000 0.000 0.000 0.000 0.000 0.000 0.000 0.000 0.000 0.000 0.000 0.000 0.000 0.000 0.000
0.068 0.087 0.080 0.102 0.087 0.139 0.206 0.166 0.146 0.048 0.046 0.029 0.015 0.002 0.007 0.040 -0.000 -0.013 -0.022 -0.005 -0.000 -0.013 0.000 0.011 0.058 0.045 0.084 0.100 0.056 0.054 0.078 0.071 0.063 0.062 0.095 0.265 0.066 0.108 0.073 0.095 0.096 0.104 0.112 0.077 0.100 0.056 0.231 0.141 0.184 0.215 0.128 0.108 0.164 0.125 0.149 0.128 0.191 0.083 0.074 0.029 0.000 0.000 0.000 0.000 0.000 0.000 0.000 0.000 0.000 0.000 0.000 0.000 0.000 0.000 0.000 0.000
0.073 0.087 0.096 0.100 0.101 0.144 0.160 0.146 0.135 0.046 0.054 0.009 0.004 0.001 0.025 0.019 0.000 0.004 -0.019 -0.025 0.000 0.015 0.009 0.012 0.050 0.039 0.082 0.089 0.089 0.052 0.107 0.052 0.056 0.044 0.084 0.200 0.161 0.101 0.099 0.062 0.093 0.076 0.126 0.074 0.121 0.108 0.219 0.174 0.189 0.173 0.195 0.081 0.140 0.117 0.188 0.112 0.115 0.077 0.067 0.024 0.000 0.000 0.000 0.000 0.000 0.000 0.000 0.000 0.000 0.000 0.000 0.000 0.000 0.000 0.000 0.000
0.075 0.090 0.105 0.113 0.112 0.131 0.140 0.112 0.118 0.052 0.082 0.024 0.012 0.010 -0.002 -0.010 -0.005 -0.001 0.002 -0.006 0.000 0.001 0.019 0.042 0.075 0.009 0.029 0.081 0.074 0.055 0.114 0.052 0.053 0.043 0.092 0.178 0.190 0.096 0.091 0.063 0.118 0.049 0.088 0.148 0.132 0.092 0.245 0.186 0.196 0.183 0.161 0.084 0.129 0.194 0.091 0.131 0.092 0.062 0.060 0.016 0.000 0.000 0.000 0.000 0.000 0.000 0.000 0.000 0.000 0.000 0.000 0.000 0.000 0.000 0.000 0.000
0.094 0.142 0.107 0.071 0.102 0.139 0.111 0.099 0.100 0.063 0.064 0.031 0.030 0.015 -0.002 0.005 0.021 -0.000 -0.081 -0.002 -0.011 -0.000 0.040 0.058 0.051 0.012 0.026 0.068 0.081 0.063 0.119 0.052 0.056 0.069 0.095 0.046 0.284 0.105 0.091 0.071 0.093 0.054 0.087 0.078 0.339 0.108 0.168 0.182 0.186 0.179 0.122 0.084 0.147 0.154 0.111 0.114 0.091 0.068 0.051 0.008 0.000 0.000 0.000 0.000 0.000 0.000 0.000 0.000 0.000 0.000 0.000 0.000 0.000 0.000 0.000 0.000
0.152 0.134 0.088 0.071 0.108 0.141 0.122 0.091 0.098 0.082 0.050 0.048 0.028 0.011 0.012 0.008 0.000 -0.014 -0.000 -0.042 0.001 -0.001 -0.011 0.033 0.030 0.015 0.018 0.080 0.086 0.058 0.116 0.053 0.057 0.071 0.087 0.041 0.309 0.098 0.089 0.066 0.087 0.064 0.079 0.076 0.375 0.161 0.082 0.230 0.135 0.206 0.117 0.084 0.159 0.140 0.131 0.109 0.072 0.067 0.039 0.000 0.000 0.000 0.000 0.000 0.000 0.000 0.000 0.000 0.000 0.000 0.000 0.000 0.000 0.000 0.000 0.000
0.108 0.173 0.099 0.091 0.078 0.149 0.170 0.047 0.156 0.034 0.044 0.024 -0.006 0.005 0.010 -0.002 0.000 0.014 0.000 -0.009 0.000 0.004 0.021 -0.011 0.000 0.008 0.005 0.117 0.058 0.067 0.128 0.057 0.061 0.064 0.078 0.056 0.298 0.089 0.131 0.036 0.052 0.070 0.074 0.113 0.363 0.152 0.083 0.223 0.145 0.225 0.106 0.085 0.188 0.136 0.093 0.104 0.069 0.066 0.036 -0.000 0.000 0.000 0.000 0.000 0.000 0.000 0.000 0.000 0.000 0.000 0.000 0.000 0.000 0.000 0.000 0.000
0.103 0.117 0.187 0.106 0.105 0.104 0.121 0.044 0.141 0.051 0.074 0.023 -0.013 -0.004 -0.035 0.000 0.004 0.006 0.001 0.005 0.002 0.006 0.065 0.002 0.008 0.015 -0.007 0.066 0.029 0.147 0.092 0.065 0.052 0.053 0.084 0.052 0.283 0.087 0.133 0.018 0.059 0.089 0.079 0.155 0.263 0.104 0.239 0.182 0.222 0.145 0.102 0.180 0.111 0.116 0.083 0.095 0.069 0.067 0.031 0.000 0.000 0.000 0.000 0.000 0.000 0.000 0.000 0.000 0.000 0.000 0.000 0.000 0.000 0.000 0.000 0.000
0.110 0.107 0.185 0.135 0.113 0.074 0.117 0.060 0.095 0.088 0.118 0.029 0.022 -0.023 -0.052 -0.033 0.002 -0.039 -0.015 -0.001 0.059 0.008 0.010 0.003 0.013 0.074 0.032 0.055 0.044 0.129 0.046 0.073 0.028 0.041 0.095 0.040 0.268 0.095 0.120 0.017 0.090 0.079 0.075 0.203 0.204 0.105 0.241 0.179 0.281 0.122 0.102 0.217 0.080 0.102 0.093 0.096 0.050 0.045 0.031 0.005 0.000 0.000 0.000 0.000 0.000 0.000 0.000 0.000 0.000 0.000 0.000 0.000 0.000 0.000 0.000 0.000
0.131 0.091 0.127 0.198 0.083 0.051 0.209 0.012 0.068 0.130 0.088 0.045 0.038 -0.013 -0.021 -0.007 -0.048 -0.145 -0.001 0.008 0.072 0.011 0.034 0.029 0.015 0.019 0.022 0.053 0.048 0.118 0.046 0.072 0.027 0.044 0.151 0.056 0.167 0.105 0.103 0.047 0.103 0.073 0.078 0.238 0.135 0.111 0.245 0.193 0.346 0.073 0.164 0.150 0.104 0.085 0.091 0.078 0.064 0.028 0.021 0.005 0.000 0.000 0.000 0.000 0.000 0.000 0.000 0.000 0.000 0.000 0.000 0.000 0.000 0.000 0.000 0.000
0.136 0.077 0.108 0.147 0.084 0.035 0.199 0.028 0.061 0.169 0.075 0.053 0.060 0.006 -0.081 -0.008 -0.019 -0.008 -0.067 -0.033 0.002 0.006 0.040 0.033 0.023 0.044 0.019 0.037 0.073 0.071 0.047 0.078 0.029 0.054 0.129 0.090 0.095 0.110 0.111 0.093 0.079 0.070 0.095 0.232 0.136 0.079 0.217 0.251 0.346 0.074 0.178 0.127 0.131 0.074 0.087 0.071 0.063 0.036 0.010 0.000 0.000 0.000 0.000 0.000 0.000 0.000 0.000 0.000 0.000 0.000 0.000 0.000 0.000 0.000 0.000 0.000
