Data/res-0030.Qx
ncols         434
nrows         491
xllcorner     1194547.500000
yllcorner     -584471.000000
cellsize      25.000000
NODATA_value  -9999.000000
[rows 204 to 237 of 491, columns 231 to 307 of 434]
0.003 -0.001 -0.007 -0.013 -0.026 -0.000 0.000 0.007 0.006 0.000 0.000 0.008 0.000 0.000 0.000 0.000 0.000 -0.002 0.113 0.000 0.000 0.000 0.000 0.000 0.000 0.000 0.000 0.000 0.000 0.028 0.174 0.271 0.000 0.000 0.000 0.000 -0.103 0.038 0.039 0.000 0.000 0.002 0.041 0.037 0.010 0.000 0.000 0.006 -0.001 0.014 0.003 -0.089 0.288 0.451 0.140 0.000 0.000 0.000 0.351 0.348 0.000 0.000 0.000 0.000 0.000 0.306 0.305 0.304 0.260 0.000 0.000 0.000 0.000 0.380 0.289 0.896 0.000
-0.028 0.069 0.007 0.013 -0.062 -0.004 0.005 0.000 0.000 0.000 0.000 0.000 0.000 0.000 0.000 0.000 0.000 0.000 0.096 0.000 0.000 0.000 0.000 0.000 0.000 0.000 0.000 0.000 0.013 0.307 0.160 0.000 0.000 0.000 0.000 0.000 0.000 0.002 0.000 0.000 0.000 -0.000 0.048 0.000 0.000 0.000 0.002 0.000 0.000 0.068 0.088 0.127 0.469 0.580 0.490 0.534 0.534 0.533 0.158 0.000 0.000 0.000 0.000 0.000 0.000 0.000 0.000 0.000 0.000 0.000 0.000 0.000 0.000 0.120 0.480 0.000 0.000
0.075 0.006 0.007 -0.015 -0.021 -0.133 0.003 0.000 0.000 0.000 0.000 0.000 0.040 0.000 0.000 0.000 0.000 0.210 0.000 0.000 0.000 0.000 0.000 0.000 0.000 0.000 0.000 0.000 0.324 0.000 0.000 0.000 0.000 0.000 0.000 0.000 0.000 0.000 0.000 0.000 0.000 0.023 -0.028 0.073 0.102 0.121 0.186 0.188 0.206 0.325 0.405 0.257 0.292 0.000 0.000 0.000 0.000 0.000 0.000 0.000 0.000 0.000 0.000 0.000 0.000 0.000 0.000 0.000 0.000 0.000 0.000 0.000 0.000 0.000 0.132 0.003 0.002
-0.003 0.020 -0.005 0.001 -0.018 -0.010 0.000 0.000 0.000 0.000 0.000 0.000 0.057 0.000 0.000 0.085 0.142 0.000 0.000 0.000 0.000 0.000 0.000 0.000 0.029 0.090 0.338 0.338 0.000 0.000 0.000 0.000 0.000 0.000 0.000 0.000 0.008 0.000 0.000 0.002 0.053 0.164 0.234 0.257 0.455 0.885 0.926 0.958 0.990 1.021 1.132 0.944 0.006 0.000 0.000 0.000 0.000 0.000 0.000 0.000 0.000 0.000 0.000 0.000 0.000 0.000 0.000 0.000 0.000 0.000 0.000 0.000 0.111 0.404 0.000 0.000 0.000
0.021 0.016 -0.000 0.009 -0.004 -0.010 0.000 0.000 0.000 0.000 0.195 0.253 0.164 0.260 0.260 0.175 0.069 0.000 0.000 0.000 0.000 0.000 0.020 0.026 0.072 0.223 0.000 0.000 0.000 0.000 0.000 0.000 0.000 0.000 0.000 0.000 0.192 0.000 0.000 0.226 0.370 0.231 0.124 0.044 0.081 0.027 0.071 0.125 0.081 -0.007 -0.008 0.000 0.000 0.000 0.000 0.000 0.000 0.000 0.000 0.000 0.000 0.000 0.000 0.000 0.000 0.000 0.000 0.000 0.004 0.001 -0.000 0.047 -0.066 0.000 0.000 0.000 0.000
0.063 0.076 0.068 0.038 0.032 0.019 -0.008 0.000 0.000 0.000 -0.036 0.000 0.000 0.000 0.000 0.000 0.015 0.011 0.000 0.000 0.000 0.085 0.188 0.115 0.048 0.003 0.000 0.000 0.000 0.000 0.000 0.000 0.000 0.000 0.000 0.000 0.129 0.191 0.219 0.113 0.000 0.000 -0.001 -0.115 0.086 -0.105 0.021 0.001 0.001 -0.022 -0.089 -0.002 0.000 0.000 0.000 0.000 0.000 0.001 0.032 0.054 0.062 0.056 0.000 0.000 0.000 0.000 0.000 0.000 0.050 0.050 0.049 0.000 0.000 -0.350 -0.048 -0.056 -0.057
0.095 0.034 0.046 0.075 0.092 0.064 0.044 0.111 0.069 0.076 -0.002 0.000 0.000 0.072 0.217 0.432 0.466 0.470 0.481 0.348 0.280 0.212 0.309 0.366 0.190 0.019 0.000 0.000 0.000 0.000 0.000 0.000 0.000 0.000 0.000 0.041 0.143 0.134 0.105 -0.019 -0.101 0.000 0.000 -0.014 0.246 0.042 -0.201 -0.116 -0.025 0.092 0.070 0.048 0.079 0.084 0.115 0.114 0.076 0.116 0.084 0.061 0.052 0.057 0.013 0.007 0.000 0.000 0.000 0.057 0.001 0.000 0.000 0.000 0.000 0.000 -0.009 0.000 0.000
0.050 0.049 0.030 0.008 0.006 0.007 0.050 0.593 0.636 0.630 0.468 0.376 0.275 0.352 0.206 0.000 0.000 0.000 0.000 0.258 0.325 0.308 0.088 0.098 0.266 0.268 0.264 0.000 0.000 0.000 0.039 0.393 0.417 0.200 0.057 0.008 0.000 0.000 0.000 0.000 0.000 0.000 0.000 0.000 -0.000 0.004 0.000 -0.161 -0.065 0.256 0.160 0.079 0.045 0.038 0.006 0.006 0.043 0.000 0.000 0.000 -0.000 -0.000 0.096 0.101 0.040 0.027 0.027 0.000 0.000 0.000 0.000 0.000 0.000 -0.013 -0.000 -0.001 -0.002
0.031 0.021 0.025 0.009 0.031 0.031 0.049 -0.000 0.013 0.013 0.093 0.090 0.190 0.042 0.043 0.024 0.013 0.000 0.000 0.000 0.000 0.000 0.000 0.000 0.000 0.000 0.000 0.188 0.269 0.509 0.469 0.115 0.092 0.234 0.436 0.443 0.012 0.004 0.002 0.000 0.000 -0.028 0.003 0.003 -0.142 0.013 0.000 0.000 -0.080 0.031 0.000 0.000 0.000 0.000 0.000 0.000 0.000 0.000 0.000 0.000 0.000 0.000 0.002 0.001 0.068 0.079 0.078 0.034 0.045 0.045 0.045 0.000 0.000 0.000 -0.224 0.000 -0.000
0.014 0.042 0.038 0.021 0.076 0.115 0.401 -0.019 0.000 0.000 0.000 0.000 0.000 0.000 0.000 0.009 0.020 0.033 0.018 0.000 0.000 0.000 0.000 0.000 0.000 0.000 0.000 0.077 0.094 0.000 0.000 0.000 0.000 0.074 0.015 0.014 0.021 0.028 0.030 0.036 0.119 0.109 0.190 0.382 0.081 0.007 0.010 0.060 0.020 0.000 0.000 0.000 0.000 0.000 0.000 0.000 0.000 0.000 0.000 0.000 0.000 0.000 0.000 0.000 0.000 0.000 0.000 0.013 0.000 0.000 0.000 0.043 0.060 0.059 -0.024 -0.053 0.079
0.115 0.071 0.086 0.115 0.219 0.622 0.158 0.016 0.000 0.000 0.000 0.000 0.000 0.000 0.000 0.000 0.000 0.000 0.003 0.000 0.000 0.000 0.000 0.000 0.001 0.001 0.001 0.000 -0.097 0.000 0.000 0.000 0.000 0.000 0.000 0.000 0.000 0.000 0.000 -0.005 0.098 0.074 -0.012 0.069 0.013 0.004 0.001 0.115 0.039 -0.587 -0.155 0.001 0.000 0.000 0.000 0.000 0.000 0.000 0.000 0.000 0.000 0.000 0.000 0.000 0.000 0.000 0.000 0.000 0.000 0.000 0.000 0.000 0.000 0.000 0.000 0.133 0.000
0.074 0.059 0.126 0.350 0.388 0.065 0.064 0.054 0.035 0.035 0.012 0.010 0.000 0.000 0.000 0.000 0.000 -0.000 0.011 -0.087 0.000 0.000 0.000 0.000 0.000 0.000 0.000 0.000 0.000 0.008 0.051 0.051 0.034 0.013 0.000 0.000 0.000 0.000 0.000 0.000 0.030 0.036 0.009 -0.215 -0.070 0.012 0.006 0.000 0.000 -0.021 -0.170 0.000 0.000 0.000 0.000 0.000 0.000 0.000 0.000 0.000 0.000 0.000 0.000 0.000 0.000 0.000 0.000 0.000 0.000 0.000 0.000 0.001 0.000 0.000 0.080 0.000 0.000
0.296 0.387 0.453 0.311 0.136 0.000 0.000 0.000 0.002 0.002 0.025 0.008 0.000 0.000 0.000 0.000 0.000 0.000 0.000 0.001 0.079 0.079 0.079 0.034 0.000 0.000 0.000 -0.000 0.011 0.025 0.000 0.000 0.017 0.038 0.040 0.012 0.011 0.000 0.000 0.000 0.031 0.000 0.000 -0.034 -0.196 0.093 0.173 0.022 0.022 0.001 -0.099 -0.119 -0.096 -0.000 0.005 0.005 0.000 0.000 0.000 0.000 -0.000 0.000 0.000 0.000 0.000 0.000 0.000 0.000 0.000 0.000 -0.000 -0.003 -0.012 -0.023 -0.105 0.000 0.000
0.248 0.186 0.089 0.022 -0.000 0.000 0.000 0.000 0.000 0.000 0.000 0.019 0.019 0.000 0.000 0.000 0.000 0.000 0.000 0.009 0.000 0.000 0.000 0.045 0.000 0.000 0.000 0.000 0.003 -0.002 0.000 0.000 0.000 0.000 0.009 0.000 0.001 0.029 0.148 0.290 0.040 0.000 0.000 -0.001 -0.025 0.015 0.002 0.000 0.000 0.015 -0.028 -0.230 -0.254 -0.351 0.000 0.000 0.000 -0.006 0.000 0.000 -0.011 -0.006 0.002 0.002 0.002 0.002 -0.002 0.000 0.000 0.000 -0.001 -0.002 -0.010 0.000 0.000 0.000 0.000
0.103 0.076 0.058 0.012 -0.002 0.000 0.000 0.000 0.000 0.000 0.000 0.000 0.018 0.000 0.000 0.000 0.000 0.000 0.009 -0.006 -0.162 0.000 0.000 0.000 0.029 0.040 0.074 0.074 0.059 -0.091 0.000 0.000 0.000 -0.000 0.000 0.025 0.023 0.008 0.113 0.000 0.000 0.025 0.025 0.019 -0.117 -0.005 -0.000 0.000 0.000 0.005 0.104 0.000 0.000 0.000 -0.357 -0.357 -0.358 -0.352 -0.236 -0.124 -0.057 -0.016 0.019 0.061 0.080 0.086 0.050 0.000 0.000 0.000 0.000 0.000 0.000 0.000 0.000 -0.000 -0.000
0.009 0.021 -0.003 0.000 -0.012 0.000 0.000 0.000 0.000 0.000 0.000 0.000 0.000 0.015 0.000 0.000 0.000 0.004 0.000 0.000 0.000 -0.058 0.001 0.008 0.057 0.046 0.000 0.000 0.000 -0.036 0.000 0.000 0.000 0.000 0.001 0.014 0.179 0.365 0.141 0.070 0.000 0.000 0.001 -0.010 -0.061 -0.263 0.000 0.000 0.000 0.000 0.000 0.000 0.000 0.000 0.000 0.000 0.000 0.000 -0.028 -0.029 -0.005 0.010 0.025 0.031 0.046 0.049 0.058 0.000 0.000 0.000 0.000 0.000 0.000 0.000 0.000 0.010 0.009
0.006 0.007 0.002 0.012 -0.013 0.000 0.000 0.000 0.000 0.000 0.000 0.000 0.000 0.009 0.000 0.000 0.001 0.000 0.000 0.000 0.053 -0.050 -0.008 0.000 0.000 0.000 0.000 0.000 0.000 0.081 0.000 0.000 0.000 0.000 0.000 0.000 0.008 0.000 0.000 0.114 0.072 0.001 0.000 0.000 0.000 -0.020 -0.043 0.000 0.000 0.242 0.000 0.000 0.000 0.000 0.000 0.000 0.000 0.012 0.021 0.010 0.009 0.030 0.046 0.041 0.039 0.044 0.060 0.000 0.000 0.000 0.000 0.369 0.369 0.348 0.342 0.000 0.000
0.019 0.017 0.004 0.001 -0.001 0.000 0.000 0.000 0.000 0.000 0.000 -0.000 -0.001 0.004 0.023 0.023 0.043 0.039 0.034 0.018 0.001 0.000 -0.034 0.000 0.000 0.002 0.000 0.000 0.000 0.000 0.000 0.000 -0.000 0.000 0.000 0.006 -0.028 0.103 0.266 0.194 0.269 0.017 0.015 0.632 0.911 0.530 0.203 0.152 0.138 0.000 0.000 0.000 0.000 0.000 0.000 0.000 0.001 0.080 0.083 0.059 0.059 0.050 0.058 0.059 0.060 0.047 0.057 0.267 0.353 0.375 0.370 0.000 0.000 0.020 0.024 0.000 0.000
0.006 0.006 0.006 0.007 0.030 0.000 0.000 0.000 0.000 0.000 0.000 0.000 -0.004 0.003 0.000 0.000 0.000 0.000 0.000 0.012 0.035 0.062 0.044 0.002 0.004 0.002 0.016 0.065 0.217 0.061 -0.000 -0.000 -0.000 0.000 0.000 0.000 -0.051 -0.244 -0.000 0.006 0.118 0.496 0.657 0.285 0.016 0.018 0.081 0.122 0.135 0.014 0.008 0.000 0.000 0.000 0.000 0.123 0.163 0.117 0.088 0.068 0.061 0.059 0.062 0.081 0.108 0.104 0.125 0.157 0.071 0.048 0.000 0.000 0.000 0.000 0.000 0.000 0.000
0.023 0.019 0.014 0.030 0.000 0.000 0.000 0.000 0.000 0.000 0.000 0.000 0.000 0.000 0.000 0.000 0.000 0.000 0.015 0.029 0.032 0.146 0.097 0.010 0.000 0.000 0.036 0.153 0.001 0.001 -0.000 -0.000 -0.000 0.002 0.001 0.017 -0.028 -0.147 -0.226 0.013 0.009 0.089 -0.062 0.004 0.009 0.002 0.043 0.000 0.000 0.000 0.005 0.013 0.015 0.036 0.063 0.081 0.080 0.081 0.077 0.070 0.065 0.065 0.060 0.074 0.115 0.123 0.100 0.000 0.000 0.000 0.000 0.000 0.000 0.000 0.000 0.000 0.000
0.020 0.027 0.052 0.002 0.000 0.000 0.000 0.000 0.000 0.000 0.000 0.000 0.003 0.003 0.002 0.001 0.000 0.000 0.002 0.000 0.057 0.009 0.009 0.143 0.126 0.112 0.159 0.000 0.000 0.000 0.000 0.000 0.000 0.008 0.010 0.016 0.000 0.000 -0.117 -0.124 -0.194 0.008 0.000 0.000 0.025 0.029 0.000 0.000 0.000 0.000 -0.001 -0.002 -0.004 -0.020 0.001 0.097 0.122 0.137 0.121 0.108 0.074 0.056 0.042 0.033 0.006 0.000 0.000 0.000 0.000 0.000 0.000 0.000 0.000 0.043 0.038 0.028 0.009
0.020 0.029 0.035 0.038 0.008 0.006 0.010 0.010 0.001 0.001 0.000 0.000 0.003 0.011 0.019 0.019 0.000 0.000 -0.003 -0.001 0.100 0.000 0.000 0.051 0.077 0.090 0.007 0.000 0.000 0.000 0.000 0.000 0.000 0.001 0.000 0.012 0.000 0.000 0.214 -0.002 0.000 0.000 0.000 -0.311 0.000 0.000 -0.035 0.000 0.000 -0.000 0.000 0.000 0.000 -0.007 -0.009 0.105 0.138 0.130 0.142 0.118 0.086 0.064 0.058 0.076 0.000 0.000 0.000 0.000 0.000 0.000 0.027 0.046 0.046 0.000 0.000 0.000 0.000
0.038 0.020 0.001 0.003 0.037 0.026 0.000 0.000 0.000 0.000 0.000 0.000 0.000 0.001 0.001 0.001 0.001 0.003 -0.000 -0.004 0.033 0.043 0.076 0.000 0.000 0.000 0.000 0.000 0.000 0.000 -0.007 0.000 0.000 0.013 0.011 0.056 0.226 0.422 -0.003 -0.006 0.022 -0.310 0.000 0.000 0.000 0.000 0.019 -0.017 0.000 0.000 0.000 0.000 0.000 0.000 -0.047 0.157 0.196 0.180 0.156 0.134 0.093 0.073 0.041 0.000 0.000 0.000 0.000 0.021 0.021 0.020 0.020 0.000 0.000 0.000 0.000 0.000 0.000
0.083 0.052 0.020 0.018 0.009 0.005 0.009 0.009 0.003 0.000 0.000 0.000 0.000 0.008 0.008 0.011 0.011 0.333 0.348 0.342 0.006 0.006 0.031 0.000 0.000 -0.000 0.000 0.000 0.000 0.000 0.000 0.003 0.006 0.000 0.000 0.060 0.171 -0.000 0.000 0.009 -0.011 0.000 0.000 0.000 -0.220 0.062 0.000 0.000 0.000 0.000 0.000 0.000 -0.001 0.001 0.000 0.240 0.251 0.212 0.164 0.098 0.096 0.088 0.062 0.013 0.000 0.000 0.000 0.000 0.000 0.000 0.000 0.000 0.000 0.000 0.000 0.000 0.000
0.027 0.014 0.000 0.000 0.005 -0.019 0.000 0.000 0.002 0.005 0.000 0.000 0.017 0.343 0.344 0.342 0.354 0.029 0.000 0.000 0.054 0.029 0.000 0.000 0.000 0.000 0.000 0.000 0.004 0.005 0.006 0.001 0.001 -0.009 0.080 0.100 0.001 -0.021 0.004 0.007 0.002 0.050 -0.007 0.095 0.052 0.000 0.000 0.000 0.000 0.000 0.000 -0.000 -0.000 0.027 0.946 0.151 0.000 0.000 0.000 0.074 0.064 0.043 0.036 0.027 0.022 0.022 0.022 0.000 0.000 -0.000 0.009 0.000 0.000 0.000 0.000 0.000 0.000
0.026 0.014 0.023 0.044 0.035 0.000 0.000 0.019 0.000 0.000 0.000 0.000 0.318 0.006 0.005 0.004 -0.000 0.000 0.003 0.003 0.025 0.045 0.000 0.000 0.000 0.000 0.012 0.013 0.009 0.008 0.007 0.003 0.006 -0.000 0.045 -0.080 -0.275 -0.269 -0.138 0.008 0.015 0.134 0.036 0.138 0.114 -0.001 0.000 0.000 0.000 0.000 0.000 0.000 0.000 -0.029 0.000 0.000 0.000 0.000 0.002 0.001 0.042 0.030 0.026 0.023 0.000 0.000 0.000 0.000 0.000 0.023 0.056 0.000 0.000 0.000 0.001 0.000 0.000
0.035 0.053 0.073 0.289 0.319 0.393 0.393 0.263 0.260 0.223 0.017 0.011 0.005 0.000 0.000 -0.000 -0.004 0.000 0.000 0.000 0.002 0.003 0.000 0.000 0.000 -0.000 -0.000 0.000 0.000 0.000 0.001 0.001 -0.004 0.123 0.006 -0.009 -0.006 0.003 -0.134 -0.088 0.266 0.358 0.374 0.170 0.103 0.228 0.225 0.042 0.000 0.000 0.000 0.003 0.000 0.000 0.000 0.000 0.000 0.000 0.004 0.107 0.030 0.024 0.023 0.036 0.000 0.000 0.000 0.010 0.010 -0.015 0.063 0.144 0.095 0.064 0.000 0.000 0.000
0.194 0.252 0.235 0.003 0.000 0.000 0.000 0.100 0.133 0.168 0.366 0.373 0.026 0.003 0.010 0.017 0.014 0.009 0.009 0.000 0.000 0.000 0.020 0.003 0.000 0.000 -0.004 0.000 0.000 0.000 -0.001 0.000 0.000 -0.001 -0.015 -0.032 -0.013 -0.006 -0.006 -0.074 0.050 0.071 0.000 0.000 0.000 0.006 0.008 0.191 0.215 0.000 0.000 0.120 0.265 0.403 0.000 0.000 0.000 -0.000 0.210 0.087 -0.037 -0.007 0.000 -0.000 0.000 0.000 -0.000 0.000 0.000 0.000 0.159 0.141 0.189 0.220 0.135 0.000 0.000
0.060 0.021 0.021 0.015 0.000 0.000 0.000 0.011 0.013 0.011 0.025 0.025 0.043 0.023 0.013 0.000 0.000 0.000 0.000 0.000 0.000 0.000 0.000 0.018 0.021 0.021 0.004 0.000 0.000 0.000 -0.000 0.026 0.059 -0.044 -0.014 -0.021 -0.036 -0.058 -0.026 -0.130 -0.480 0.028 -0.006 0.000 -0.000 0.000 0.000 0.000 0.000 0.215 0.135 0.256 0.261 0.305 0.000 0.000 0.000 0.000 0.042 0.061 0.000 0.000 0.000 -0.069 0.003 0.000 0.000 0.056 0.085 0.102 0.000 0.000 0.000 0.000 0.130 0.004 0.004
0.020 0.002 0.002 0.000 0.000 0.000 0.000 0.000 0.000 0.001 0.000 0.000 0.000 0.011 0.021 0.028 0.028 0.000 0.000 0.004 0.000 0.000 0.000 0.000 0.000 0.000 0.008 0.007 0.000 0.000 0.000 0.039 0.007 -0.016 -0.036 -0.035 -0.007 -0.000 -0.008 0.018 -0.027 0.147 0.506 0.500 0.499 0.025 0.015 0.014 0.000 0.000 0.146 0.462 0.445 0.263 0.020 0.057 0.260 0.260 0.000 0.000 0.267 -0.000 -0.000 0.000 0.000 0.105 0.177 0.147 0.077 0.072 -0.001 0.000 0.000 0.000 0.019 0.172 0.172
0.000 0.000 0.000 0.003 0.000 0.000 0.000 0.000 0.000 0.000 0.000 0.000 0.000 0.005 0.001 0.000 0.000 0.002 0.002 0.007 0.007 0.007 0.003 0.000 0.000 0.000 0.000 0.000 0.007 0.002 0.002 0.000 0.000 -0.000 0.000 0.000 -0.038 -0.010 -0.010 0.075 0.010 0.047 0.001 0.005 0.005 0.121 0.134 0.093 0.037 0.037 0.173 0.035 0.000 0.000 0.000 -0.037 0.000 0.000 0.000 0.000 0.000 0.039 0.038 0.000 0.000 0.090 0.147 0.128 0.056 0.037 -0.015 0.008 0.010 0.010 0.001 0.012 0.006
0.000 0.000 0.000 0.000 0.003 0.000 0.000 0.000 0.000 0.000 0.000 0.000 0.000 0.001 0.000 0.000 0.000 0.011 0.007 0.006 0.000 0.000 0.006 0.000 0.000 0.000 0.000 0.000 0.000 0.042 0.043 -0.024 -0.024 0.004 0.000 0.000 0.000 -0.039 -0.002 0.044 1.216 0.466 0.087 0.082 0.049 0.129 0.087 0.038 0.000 0.000 0.454 0.096 0.000 0.000 0.000 0.000 0.000 0.000 0.000 0.000 0.000 0.000 0.000 0.318 0.323 0.131 0.000 0.000 0.035 0.030 0.009 0.000 0.000 0.000 0.014 0.103 0.047
0.000 0.000 0.000 0.000 0.000 0.000 0.000 0.000 0.000 0.000 0.000 0.000 0.000 0.002 0.000 0.000 0.000 0.006 0.000 0.000 0.010 0.010 0.008 0.007 0.000 0.000 0.000 0.000 0.030 0.001 0.000 0.000 0.000 -0.019 -0.014 -0.000 0.000 0.000 0.002 0.065 0.236 0.001 0.000 0.000 0.035 0.066 0.112 0.071 0.188 0.539 0.065 0.000 0.000 0.000 0.000 0.243 0.003 0.002 0.000 0.000 -0.000 0.000 0.000 -0.001 0.000 0.000 0.000 0.000 0.034 0.030 0.021 0.003 0.000 0.000 0.013 0.012 0.070
0.000 0.000 0.000 0.000 0.000 0.000 0.000 0.000 0.000 0.000 0.000 0.000 0.000 0.000 0.000 0.006 0.006 0.013 0.006 0.000 0.000 0.000 0.000 0.001 0.003 0.000 0.000 0.000 0.002 0.000 0.000 0.000 0.000 -0.012 -0.020 -0.034 -0.010 0.075 0.029 0.076 0.000 0.000 0.000 0.000 0.000 -0.000 0.405 0.544 0.533 0.182 0.000 0.000 0.000 0.248 0.248 0.000 0.000 0.000 0.000 0.000 0.000 0.202 0.158 0.000 0.000 0.000 0.000 -0.000 0.012 0.000 0.000 0.000 0.000 0.000 0.025 0.031 0.010
