Data/res-0330.Qx
ncols         434
nrows         491
xllcorner     1194547.500000
yllcorner     -584471.000000
cellsize      25.000000
NODATA_value  -9999.000000
[rows 238 to 271 of 491, columns 304 to 379 of 434]
0.029 0.007 0.003 0.005 0.012 0.016 0.012 0.013 0.008 0.010 0.001 -0.000 -0.006 -0.007 -0.015 -0.025 -0.001 -0.002 -0.004 -0.002 -0.000 -0.001 -0.006 -0.008 -0.001 -0.003 -0.002 0.000 -0.001 -0.001 -0.021 -0.000 -0.000 -0.011 -0.012 -0.013 -0.019 -0.028 -0.026 -0.007 -0.005 -0.002 -0.003 -0.002 -0.004 -0.005 -0.006 -0.012 -0.011 -0.002 -0.001 -0.001 -0.000 -0.000 0.000 0.000 0.000 0.000 0.000 0.000 0.000 0.000 0.000 0.000 0.000 0.000 0.000 0.000 0.000 0.000 0.000 0.000 0.000 0.000 0.000 0.000
0.003 0.011 0.002 0.009 0.011 0.013 0.016 0.017 0.013 0.012 0.010 0.003 0.005 -0.004 -0.001 -0.002 -0.003 0.004 -0.000 -0.001 -0.014 -0.016 -0.002 -0.002 -0.003 -0.008 -0.000 -0.001 -0.002 -0.002 -0.003 -0.004 -0.007 -0.006 -0.006 -0.005 -0.007 -0.003 -0.002 -0.003 -0.002 -0.001 -0.004 -0.005 -0.005 -0.007 -0.005 -0.003 -0.006 -0.002 0.003 0.002 0.001 -0.003 0.000 0.000 0.000 0.000 0.000 0.000 0.000 0.000 0.000 0.000 0.000 0.000 0.000 0.000 0.000 0.000 0.000 0.000 0.000 0.000 0.000 0.000
0.003 0.015 -0.001 0.007 0.011 0.014 0.018 0.020 0.023 0.017 0.017 0.006 0.011 0.012 -0.000 0.005 -0.004 -0.005 -0.006 -0.010 -0.009 -0.004 -0.002 -0.005 -0.008 -0.006 -0.001 -0.002 -0.010 -0.032 -0.009 -0.011 -0.017 -0.009 -0.009 -0.009 -0.005 -0.002 -0.003 -0.002 -0.004 -0.011 -0.004 -0.003 -0.003 -0.003 -0.003 -0.003 -0.000 -0.002 -0.002 -0.001 -0.002 -0.002 0.000 0.000 0.000 0.000 0.000 0.000 0.000 0.000 0.000 0.000 0.000 0.000 0.000 0.000 0.000 0.000 0.000 0.000 0.000 0.000 0.000 0.000
0.015 0.013 0.010 0.013 0.016 0.016 0.016 0.024 0.023 0.020 0.019 0.021 0.015 0.016 0.011 0.017 -0.003 -0.013 -0.027 -0.031 -0.024 -0.009 -0.012 -0.011 -0.006 -0.006 -0.005 -0.005 -0.003 -0.003 -0.004 -0.021 -0.015 -0.006 -0.008 -0.011 -0.015 -0.016 -0.009 -0.010 -0.006 0.001 -0.000 -0.005 -0.005 -0.002 -0.003 0.001 0.005 -0.001 -0.002 -0.001 -0.003 0.000 0.000 0.000 0.000 0.000 0.000 0.000 0.000 0.000 0.000 0.000 0.000 0.000 0.000 0.000 0.000 0.000 0.000 0.000 0.000 0.000 0.000 0.000
0.022 0.016 0.020 0.017 0.022 0.018 0.024 0.021 0.021 0.028 0.017 0.022 0.023 0.018 0.022 0.016 0.018 0.009 -0.004 -0.008 -0.013 -0.007 -0.019 -0.003 -0.002 -0.028 -0.001 -0.001 -0.011 -0.012 -0.025 -0.003 -0.000 -0.000 -0.010 -0.012 -0.009 -0.003 -0.006 -0.003 -0.001 -0.000 -0.004 -0.003 -0.002 -0.001 -0.000 0.002 0.008 0.007 -0.000 -0.002 -0.002 0.000 0.000 0.000 0.000 0.000 0.000 0.000 0.000 0.000 0.000 0.000 0.000 0.000 0.000 0.000 0.000 0.000 0.000 0.000 0.000 0.000 0.000 0.000
0.031 0.030 0.026 0.028 0.026 0.029 0.026 0.024 0.023 0.024 0.022 0.024 0.021 0.027 0.029 0.042 0.032 0.002 0.002 -0.015 -0.004 -0.001 -0.009 -0.007 -0.014 -0.000 -0.001 -0.006 -0.015 -0.004 0.000 0.000 -0.000 -0.014 -0.015 -0.010 0.000 0.000 -0.000 -0.001 -0.000 -0.007 -0.009 -0.005 0.003 -0.002 0.001 0.000 -0.000 0.002 0.001 -0.000 -0.001 0.000 0.000 0.000 0.000 0.000 0.000 0.000 0.000 0.000 0.000 0.000 0.000 0.000 0.000 0.000 0.000 0.000 0.000 0.000 0.000 0.000 0.000 0.000
0.036 0.042 0.040 0.044 0.040 0.037 0.035 0.032 0.029 0.024 0.023 0.022 0.026 0.022 0.025 0.028 0.020 0.003 0.002 -0.000 0.000 -0.033 -0.002 -0.004 -0.009 -0.006 -0.004 -0.006 -0.003 0.000 0.005 -0.000 0.000 -0.001 -0.000 -0.000 0.000 0.000 -0.004 -0.002 -0.001 -0.003 -0.006 -0.002 -0.001 -0.004 0.000 -0.001 -0.002 -0.001 0.002 -0.001 -0.000 0.000 0.000 0.000 0.000 0.000 0.000 0.000 0.000 0.000 0.000 0.000 0.000 0.000 0.000 0.000 0.000 0.000 0.000 0.000 0.000 0.000 0.000 0.000
0.036 0.035 0.039 0.044 0.044 0.041 0.045 0.033 0.031 0.029 0.022 0.025 0.024 0.022 0.021 0.019 0.015 0.008 0.000 0.004 -0.007 0.000 0.000 -0.006 -0.007 -0.000 0.000 -0.004 0.000 -0.000 -0.001 -0.007 -0.015 -0.011 0.003 0.007 0.001 0.000 -0.000 0.000 -0.016 -0.015 -0.005 -0.003 -0.002 -0.002 -0.001 -0.002 -0.006 -0.007 -0.006 -0.003 -0.001 0.000 0.000 0.000 0.000 0.000 0.000 0.000 0.000 0.000 0.000 0.000 0.000 0.000 0.000 0.000 0.000 0.000 0.000 0.000 0.000 0.000 0.000 0.000
0.037 0.038 0.045 0.043 0.043 0.038 0.035 0.030 0.032 0.029 0.025 0.024 0.026 0.020 0.023 0.020 0.017 0.018 0.003 0.004 -0.010 -0.012 -0.023 -0.032 -0.013 -0.000 0.000 -0.013 -0.001 -0.006 -0.003 -0.003 -0.005 -0.001 -0.000 0.000 -0.003 -0.003 -0.013 -0.028 -0.016 -0.016 -0.010 -0.013 -0.020 -0.011 -0.011 -0.008 -0.009 -0.009 -0.010 -0.007 -0.003 0.000 0.000 0.000 0.000 0.000 0.000 0.000 0.000 0.000 0.000 0.000 0.000 0.000 0.000 0.000 0.000 0.000 0.000 0.000 0.000 0.000 0.000 0.000
0.045 0.046 0.052 0.044 0.047 0.045 0.035 0.036 0.027 0.025 0.027 0.024 0.025 0.020 0.025 0.020 0.024 0.030 0.035 -0.006 -0.016 -0.016 -0.033 -0.011 -0.009 -0.010 -0.020 -0.033 -0.030 -0.019 -0.015 -0.008 -0.001 0.004 -0.003 -0.008 -0.007 -0.031 -0.009 -0.009 -0.010 -0.004 -0.003 -0.009 -0.009 -0.008 -0.010 -0.009 -0.007 -0.009 -0.003 -0.002 0.000 0.000 0.000 0.000 0.000 0.000 0.000 0.000 0.000 0.000 0.000 0.000 0.000 0.000 0.000 0.000 0.000 0.000 0.000 0.000 0.000 0.000 0.000 0.000
0.019 0.024 0.032 0.040 0.056 0.042 0.034 0.029 0.028 0.021 0.025 0.024 0.025 0.022 0.024 0.019 0.027 0.019 0.017 0.005 -0.002 -0.008 0.000 0.000 0.000 -0.000 0.002 -0.003 -0.010 -0.007 -0.005 0.000 0.002 0.000 -0.019 -0.016 -0.010 -0.000 -0.000 -0.007 -0.014 -0.018 -0.019 -0.015 -0.012 -0.014 -0.011 -0.008 -0.008 -0.005 -0.002 -0.001 0.000 0.000 0.000 0.000 0.000 0.000 0.000 0.000 0.000 0.000 0.000 0.000 0.000 0.000 0.000 0.000 0.000 0.000 0.000 0.000 0.000 0.000 0.000 0.000
0.007 0.012 0.013 0.023 0.025 0.034 0.029 0.017 0.020 0.019 0.018 0.017 0.021 0.026 0.025 0.018 0.024 0.025 0.026 0.026 0.013 -0.001 0.006 -0.000 0.000 -0.003 0.005 0.005 -0.002 -0.000 -0.000 -0.000 0.000 -0.029 0.002 -0.001 -0.001 -0.005 -0.014 -0.011 -0.010 -0.007 -0.007 -0.024 -0.023 -0.016 -0.014 -0.019 -0.015 -0.007 -0.006 0.000 0.000 0.000 0.000 0.000 0.000 0.000 0.000 0.000 0.000 0.000 0.000 0.000 0.000 0.000 0.000 0.000 0.000 0.000 0.000 0.000 0.000 0.000 0.000 0.000
0.019 0.030 0.020 0.029 0.017 0.011 0.011 0.011 0.013 0.012 0.014 0.017 0.018 0.018 0.021 0.022 0.023 0.021 0.027 0.025 0.013 0.003 -0.010 -0.004 -0.004 0.000 0.000 0.016 -0.001 -0.000 0.000 0.000 0.000 -0.000 0.000 -0.002 -0.019 -0.011 -0.016 -0.019 -0.024 -0.028 -0.036 -0.023 -0.019 -0.019 -0.021 -0.012 -0.008 -0.006 -0.000 0.000 0.000 0.000 0.000 0.000 0.000 0.000 0.000 0.000 0.000 0.000 0.000 0.000 0.000 0.000 0.000 0.000 0.000 0.000 0.000 0.000 0.000 0.000 0.000 0.000
0.005 0.002 0.004 0.005 -0.002 -0.006 -0.001 0.006 0.003 0.013 0.007 0.011 0.017 0.015 0.019 0.021 0.023 0.021 0.025 0.022 0.017 0.006 -0.000 -0.000 0.000 0.000 0.000 0.031 -0.000 0.000 0.000 0.000 0.000 0.010 0.010 -0.013 -0.018 -0.009 -0.022 -0.017 -0.022 -0.025 -0.023 -0.015 -0.014 -0.016 -0.015 -0.010 -0.004 -0.001 0.000 0.000 0.000 0.000 0.000 0.000 0.000 0.000 0.000 0.000 0.000 0.000 0.000 0.000 0.000 0.000 0.000 0.000 0.000 0.000 0.000 0.000 0.000 0.000 0.000 0.000
0.014 0.008 0.008 -0.006 -0.013 -0.011 -0.004 -0.001 0.005 0.003 0.002 0.017 0.011 0.015 0.018 0.021 0.021 0.026 0.025 0.029 0.030 0.029 0.015 0.000 0.000 0.000 0.000 0.000 0.033 0.000 0.000 0.000 -0.014 0.000 0.000 -0.005 -0.000 -0.001 -0.009 -0.014 -0.015 -0.014 -0.008 -0.010 -0.010 -0.009 -0.003 -0.000 0.000 0.000 0.000 0.000 0.000 0.000 0.000 0.000 0.000 0.000 0.000 0.000 0.000 0.000 0.000 0.000 0.000 0.000 0.000 0.000 0.000 0.000 0.000 0.000 0.000 0.000 0.000 0.000
0.009 0.015 0.009 -0.011 -0.011 -0.012 -0.006 -0.002 0.003 0.006 0.006 0.010 0.013 0.015 0.017 0.020 0.026 0.028 0.029 0.032 0.037 0.043 0.045 0.035 0.027 0.019 0.009 -0.011 0.010 0.002 0.000 0.000 -0.003 0.002 -0.011 0.002 -0.004 -0.008 -0.027 -0.030 -0.017 -0.003 -0.004 -0.008 -0.006 -0.005 0.000 0.000 0.000 0.000 0.000 0.000 0.000 0.000 0.000 0.000 0.000 0.000 0.000 0.000 0.000 0.000 0.000 0.000 0.000 0.000 0.000 0.000 0.000 0.000 0.000 0.000 0.000 0.000 0.000 0.000
0.004 0.003 0.004 -0.007 -0.012 -0.008 -0.005 -0.002 0.000 0.001 0.010 0.008 0.014 0.013 0.021 0.022 0.027 0.027 0.030 0.036 0.039 0.048 0.049 0.047 0.037 0.031 0.017 0.018 0.017 0.032 0.017 0.005 0.004 -0.007 -0.004 -0.003 -0.008 -0.030 -0.008 -0.006 -0.002 -0.001 -0.008 -0.011 -0.006 -0.000 0.000 0.000 0.000 0.000 0.000 0.000 0.000 0.000 0.000 0.000 0.000 0.000 0.000 0.000 0.000 0.000 0.000 0.000 0.000 0.000 0.000 0.000 0.000 0.000 0.000 0.000 0.000 0.000 0.000 0.000
0.009 0.005 -0.005 -0.008 -0.006 -0.007 -0.001 -0.004 0.001 0.003 0.006 0.008 0.013 0.016 0.017 0.023 0.026 0.028 0.033 0.036 0.041 0.045 0.048 0.044 0.040 0.027 0.026 0.022 0.025 0.024 0.018 0.012 0.004 0.006 0.002 -0.005 -0.003 -0.012 -0.003 -0.002 0.000 0.000 -0.001 -0.001 -0.003 0.000 0.000 0.000 0.000 0.000 0.000 0.000 0.000 0.000 0.000 0.000 0.000 0.000 0.000 0.000 0.000 0.000 0.000 0.000 0.000 0.000 0.000 0.000 0.000 0.000 0.000 0.000 0.000 0.000 0.000 0.000
0.008 0.003 -0.008 -0.008 -0.003 -0.004 -0.004 -0.003 0.001 0.004 0.008 0.008 0.010 0.016 0.021 0.018 0.026 0.027 0.031 0.037 0.037 0.042 0.044 0.041 0.036 0.033 0.026 0.028 0.024 0.021 0.019 0.017 0.010 0.010 0.004 0.007 0.001 0.011 0.007 0.002 0.001 -0.007 -0.003 -0.001 -0.001 0.000 0.000 0.000 0.000 0.000 0.000 0.000 0.000 0.000 0.000 0.000 0.000 0.000 0.000 0.000 0.000 0.000 0.000 0.000 0.000 0.000 0.000 0.000 0.000 0.000 0.000 0.000 0.000 0.000 0.000 0.000
0.009 -0.005 -0.014 -0.006 -0.003 -0.010 -0.002 -0.000 0.001 0.002 0.007 0.008 0.012 0.013 0.018 0.022 0.024 0.025 0.033 0.032 0.038 0.036 0.039 0.036 0.034 0.033 0.028 0.025 0.029 0.021 0.021 0.020 0.023 0.012 0.009 0.010 0.013 0.012 0.015 0.014 0.007 0.004 -0.003 -0.001 0.000 0.000 0.000 0.000 0.000 0.000 0.000 0.000 0.000 0.000 0.000 0.000 0.000 0.000 0.000 0.000 0.000 0.000 0.000 0.000 0.000 0.000 0.000 0.000 0.000 0.000 0.000 0.000 0.000 0.000 0.000 0.000
0.000 -0.004 -0.009 -0.005 -0.008 -0.003 -0.005 0.003 0.001 0.001 0.008 0.008 0.016 0.010 0.019 0.022 0.019 0.029 0.032 0.028 0.035 0.039 0.033 0.033 0.036 0.025 0.032 0.027 0.025 0.024 0.026 0.020 0.019 0.017 0.015 0.015 0.012 0.015 0.015 0.016 0.010 0.005 0.004 0.000 -0.000 0.000 0.000 0.000 0.000 0.000 0.000 0.000 0.000 0.000 0.000 0.000 0.000 0.000 0.000 0.000 0.000 0.000 0.000 0.000 0.000 0.000 0.000 0.000 0.000 0.000 0.000 0.000 0.000 0.000 0.000 0.000
-0.002 -0.009 -0.003 -0.005 -0.006 -0.000 -0.001 -0.000 0.001 0.008 0.006 0.009 0.012 0.012 0.018 0.019 0.018 0.029 0.027 0.028 0.031 0.034 0.036 0.032 0.033 0.028 0.031 0.027 0.028 0.024 0.024 0.021 0.021 0.022 0.015 0.017 0.015 0.014 0.017 0.012 0.015 0.010 0.006 0.004 0.000 0.000 0.000 0.000 0.000 0.000 0.000 0.000 0.000 0.000 0.000 0.000 0.000 0.000 0.000 0.000 0.000 0.000 0.000 0.000 0.000 0.000 0.000 0.000 0.000 0.000 0.000 0.000 0.000 0.000 0.000 0.000
0.002 -0.002 -0.003 -0.005 -0.000 -0.000 -0.003 0.002 0.005 0.002 0.009 0.009 0.008 0.012 0.018 0.014 0.022 0.023 0.024 0.029 0.028 0.029 0.033 0.027 0.031 0.029 0.026 0.028 0.024 0.025 0.026 0.020 0.022 0.023 0.017 0.019 0.015 0.018 0.018 0.017 0.012 0.010 0.009 0.005 0.003 0.000 0.000 0.000 0.000 0.000 0.000 0.000 0.000 0.000 0.000 0.000 0.000 0.000 0.000 0.000 0.000 0.000 0.000 0.000 0.000 0.000 0.000 0.000 0.000 0.000 0.000 0.000 0.000 0.000 0.000 0.000
-0.004 0.001 -0.003 0.001 -0.005 0.004 -0.002 0.003 -0.000 0.005 0.005 0.011 0.009 0.016 0.013 0.020 0.017 0.019 0.021 0.027 0.024 0.031 0.024 0.030 0.024 0.025 0.026 0.026 0.019 0.023 0.023 0.020 0.024 0.014 0.022 0.012 0.023 0.017 0.018 0.016 0.014 0.015 0.008 0.009 0.004 0.000 0.000 0.000 0.000 0.000 0.000 0.000 0.000 0.000 0.000 0.000 0.000 0.000 0.000 0.000 0.000 0.000 0.000 0.000 0.000 0.000 0.000 0.000 0.000 0.000 0.000 0.000 0.000 0.000 0.000 0.000
0.001 -0.003 -0.001 -0.002 -0.000 -0.001 0.002 0.002 0.002 0.000 0.011 0.006 0.012 0.009 0.016 0.013 0.022 0.017 0.023 0.021 0.026 0.027 0.021 0.029 0.023 0.023 0.023 0.021 0.022 0.024 0.020 0.021 0.017 0.024 0.017 0.019 0.020 0.018 0.020 0.013 0.016 0.016 0.012 0.014 0.009 0.004 0.000 0.000 0.000 0.000 0.000 0.000 0.000 0.000 0.000 0.000 0.000 0.000 0.000 0.000 0.000 0.000 0.000 0.000 0.000 0.000 0.000 0.000 0.000 0.000 0.000 0.000 0.000 0.000 0.000 0.000
-0.002 -0.003 0.001 -0.002 -0.004 0.000 -0.000 0.000 0.000 0.006 0.004 0.011 0.006 0.016 0.007 0.017 0.018 0.018 0.017 0.021 0.021 0.024 0.024 0.020 0.026 0.023 0.020 0.022 0.021 0.020 0.019 0.022 0.026 0.014 0.022 0.018 0.016 0.021 0.015 0.020 0.015 0.014 0.016 0.015 0.011 0.009 0.001 0.000 0.000 0.000 0.000 0.000 0.000 0.000 0.000 0.000 0.000 0.000 0.000 0.000 0.000 0.000 0.000 0.000 0.000 0.000 0.000 0.000 0.000 0.000 0.000 0.000 0.000 0.000 0.000 0.000
-0.005 -0.003 -0.004 -0.004 -0.000 -0.005 -0.002 0.001 0.001 0.006 0.004 0.004 0.008 0.012 0.013 0.009 0.015 0.015 0.018 0.023 0.018 0.020 0.022 0.025 0.015 0.025 0.020 0.022 0.020 0.019 0.021 0.019 0.018 0.019 0.018 0.020 0.019 0.013 0.018 0.017 0.015 0.016 0.018 0.017 0.010 0.012 0.007 0.002 0.000 0.000 0.000 0.000 0.000 0.000 0.000 0.000 0.000 0.000 0.000 0.000 0.000 0.000 0.000 0.000 0.000 0.000 0.000 0.000 0.000 0.000 0.000 0.000 0.000 0.000 0.000 0.000
-0.002 -0.006 -0.008 -0.001 -0.003 -0.005 0.002 -0.004 0.002 0.002 -0.001 0.008 0.010 0.003 0.012 0.014 0.011 0.013 0.015 0.016 0.020 0.014 0.021 0.017 0.021 0.017 0.019 0.018 0.017 0.021 0.017 0.018 0.017 0.018 0.017 0.015 0.017 0.020 0.013 0.020 0.015 0.019 0.012 0.015 0.017 0.011 0.010 0.003 0.001 0.000 0.000 0.000 0.000 0.000 0.000 0.000 0.000 0.000 0.000 0.000 0.000 0.000 0.000 0.000 0.000 0.000 0.000 0.000 0.000 0.000 0.000 0.000 0.000 0.000 0.000 0.000
-0.004 -0.008 -0.008 -0.002 -0.009 -0.005 -0.003 0.001 -0.001 -0.004 0.006 0.003 0.001 0.009 0.008 0.008 0.009 0.014 0.018 0.010 0.018 0.014 0.018 0.014 0.016 0.016 0.019 0.013 0.019 0.014 0.014 0.018 0.018 0.014 0.017 0.014 0.017 0.018 0.013 0.015 0.020 0.016 0.013 0.018 0.017 0.014 0.015 0.010 0.004 0.002 0.001 0.000 0.000 0.000 0.000 0.000 0.000 0.000 0.000 0.000 0.000 0.000 0.000 0.000 0.000 0.000 0.000 0.000 0.000 0.000 0.000 0.000 0.000 0.000 0.000 0.000
-0.007 -0.008 -0.009 -0.010 -0.006 -0.008 -0.003 -0.007 -0.001 -0.000 0.002 0.004 0.002 0.001 0.008 0.010 0.007 0.011 0.009 0.016 0.015 0.011 0.018 0.011 0.014 0.015 0.013 0.017 0.014 0.014 0.014 0.014 0.016 0.018 0.012 0.016 0.014 0.015 0.016 0.014 0.017 0.016 0.016 0.018 0.014 0.018 0.015 0.016 0.010 0.007 0.003 0.000 -0.000 -0.000 0.000 0.000 0.000 0.000 0.000 0.000 0.000 0.000 0.000 0.000 0.000 0.000 0.000 0.000 0.000 0.000 0.000 0.000 0.000 0.000 0.000 0.000
-0.009 -0.012 -0.009 -0.013 -0.004 -0.006 -0.008 -0.004 -0.004 -0.002 -0.003 -0.000 0.001 0.002 0.004 0.007 0.005 0.009 0.012 0.011 0.011 0.013 0.010 0.016 0.012 0.015 0.014 0.010 0.014 0.016 0.010 0.013 0.015 0.014 0.012 0.015 0.012 0.015 0.016 0.010 0.019 0.019 0.014 0.019 0.016 0.016 0.018 0.015 0.011 0.011 0.002 0.004 0.001 0.001 0.001 0.000 0.000 0.000 0.000 0.000 0.000 0.000 0.000 0.000 0.000 0.000 0.000 0.000 0.000 0.000 0.000 0.000 0.000 0.000 0.000 0.000
-0.008 -0.011 -0.012 -0.010 -0.012 -0.005 -0.010 -0.007 -0.005 -0.003 -0.003 -0.002 -0.002 0.004 0.001 0.002 0.005 0.009 0.009 0.008 0.008 0.013 0.010 0.012 0.010 0.011 0.012 0.009 0.015 0.012 0.016 0.008 0.013 0.012 0.015 0.007 0.013 0.014 0.015 0.014 0.015 0.014 0.017 0.017 0.017 0.015 0.017 0.015 0.014 0.013 0.009 0.005 0.002 0.001 0.002 -0.000 0.000 0.000 0.000 0.000 0.000 0.000 0.000 0.000 0.000 0.000 0.000 0.000 0.000 0.000 0.000 0.000 0.000 0.000 0.000 0.000
-0.016 -0.010 -0.009 -0.011 -0.010 -0.010 -0.014 -0.004 -0.007 -0.009 -0.005 -0.003 0.001 -0.003 0.003 -0.001 0.005 0.009 0.003 0.011 0.006 0.005 0.013 0.004 0.011 0.010 0.013 0.009 0.011 0.009 0.011 0.010 0.014 0.012 0.013 0.010 0.009 0.014 0.015 0.011 0.014 0.014 0.016 0.016 0.016 0.016 0.015 0.018 0.011 0.015 0.007 0.010 0.006 0.002 0.001 0.001 0.001 0.001 0.000 -0.000 0.000 0.000 0.000 0.000 0.000 0.000 0.000 0.000 0.000 0.000 0.000 0.000 0.000 0.000 0.000 0.000
-0.013 -0.010 -0.016 -0.014 -0.006 -0.014 -0.008 -0.008 -0.008 -0.015 -0.004 -0.006 -0.004 -0.003 0.002 -0.003 0.009 0.003 0.002 0.008 0.008 0.005 0.009 0.009 0.007 0.008 0.007 0.008 0.011 0.010 0.008 0.010 0.009 0.008 0.011 0.013 0.011 0.013 0.010 0.014 0.013 0.015 0.015 0.014 0.015 0.015 0.016 0.014 0.016 0.009 0.013 0.008 0.006 0.008 0.000 0.003 0.002 0.001 0.000 -0.000 0.000 0.000 0.000 0.000 0.000 0.000 0.000 0.000 0.000 0.000 0.000 0.000 0.000 0.000 0.000 0.000
