Data/res-0031.wd
ncols         433
nrows         491
xllcorner     1194560.000000
yllcorner     -584471.000000
cellsize      25.000000
NODATA_value  -9999.000000
[rows 306 to 339 of 491, columns 77 to 153 of 433]
0.000 0.000 0.000 0.000 0.000 0.000 0.000 0.000 0.000 0.000 0.000 0.000 0.000 0.000 0.000 0.000 0.071 0.000 0.000 0.030 0.032 0.083 0.069 0.137 0.122 0.075 0.118 0.146 0.188 0.426 0.250 0.219 0.037 0.054 0.000 0.108 0.404 0.369 0.124 0.028 0.164 0.400 0.236 0.331 0.149 0.071 0.145 0.219 0.388 0.326 0.239 0.321 0.239 0.313 0.216 0.258 0.118 0.027 0.119 0.250 0.059 0.079 0.014 0.000 0.014 0.088 0.321 0.032 0.056 0.155 0.245 0.060 0.272 0.182 0.048 0.187 0.090
0.000 0.000 0.000 0.000 0.000 0.000 0.000 0.000 0.000 0.000 0.000 0.000 0.000 0.000 0.000 0.000 0.060 0.000 0.000 0.140 0.181 0.061 0.034 0.064 0.123 0.232 0.192 0.130 0.299 0.176 0.000 0.000 0.000 0.133 0.184 0.191 0.398 0.137 0.390 0.392 0.383 0.210 0.131 0.301 0.223 0.000 0.009 0.002 0.127 0.091 0.182 0.092 0.047 0.136 0.058 0.124 0.254 0.225 0.222 0.199 0.072 0.135 0.210 0.010 0.004 0.082 0.302 0.164 0.081 0.276 0.096 0.101 0.282 0.115 0.182 0.175 0.061
0.000 0.000 0.000 0.000 0.000 0.000 0.000 0.000 0.000 0.000 0.000 0.000 0.000 0.000 0.000 0.000 0.142 0.022 0.000 0.010 0.076 0.224 0.143 0.087 0.046 0.086 0.032 0.177 0.097 0.067 0.000 0.098 0.250 0.188 0.060 0.146 0.309 0.000 0.000 0.027 0.175 0.032 0.074 0.248 0.366 0.301 0.147 0.005 0.026 0.013 0.000 0.000 0.008 0.000 0.000 0.170 0.066 0.192 0.060 0.000 0.000 0.000 0.054 0.222 0.132 0.046 0.046 0.231 0.332 0.281 0.030 0.025 0.227 0.156 0.048 0.083 0.010
0.000 0.000 0.000 0.000 0.000 0.000 0.000 0.000 0.000 0.000 0.000 0.000 0.000 0.000 0.000 0.000 0.081 0.210 0.015 0.000 0.009 0.053 0.125 0.185 0.077 0.053 0.073 0.109 0.055 0.036 0.080 0.120 0.137 0.000 0.000 0.258 0.080 0.099 0.052 0.000 0.027 0.125 0.294 0.170 0.045 0.226 0.394 0.248 0.043 0.007 0.000 0.003 0.056 0.091 0.173 0.277 0.066 0.007 0.000 0.000 0.000 0.000 0.000 0.068 0.128 0.261 0.080 0.111 0.136 0.176 0.067 0.042 0.282 0.080 0.050 0.048 0.055
0.000 0.000 0.000 0.000 0.000 0.000 0.000 0.000 0.000 0.000 0.000 0.000 0.000 0.000 0.000 0.027 0.030 0.076 0.198 0.082 0.100 0.150 0.209 0.297 0.228 0.200 0.211 0.144 0.104 0.032 0.238 0.259 0.033 0.012 0.184 0.211 0.000 0.000 0.001 0.012 0.131 0.205 0.037 0.081 0.001 0.043 0.239 0.444 0.424 0.203 0.000 0.041 0.023 0.029 0.035 0.035 0.000 0.000 0.000 0.000 0.000 0.143 0.000 0.000 0.031 0.100 0.296 0.230 0.264 0.308 0.218 0.248 0.201 0.111 0.064 0.041 0.003
0.000 0.000 0.000 0.000 0.000 0.000 0.000 0.000 0.000 0.000 0.000 0.000 0.000 0.000 0.000 0.000 0.016 0.034 0.098 0.120 0.104 0.126 0.152 0.136 0.259 0.247 0.202 0.158 0.353 0.304 0.262 0.000 0.000 0.173 0.248 0.038 0.035 0.043 0.071 0.267 0.254 0.106 0.084 0.079 0.209 0.200 0.016 0.268 0.295 0.439 0.371 0.359 0.286 0.037 0.000 0.027 0.000 0.000 0.000 0.000 0.000 0.045 0.160 0.077 0.027 0.114 0.429 0.492 0.463 0.364 0.391 0.404 0.328 0.167 0.040 0.003 0.009
0.000 0.000 0.000 0.000 0.000 0.000 0.000 0.000 0.000 0.000 0.000 0.000 0.000 0.017 0.003 0.027 0.057 0.069 0.149 0.233 0.206 0.108 0.114 0.169 0.171 0.097 0.071 0.217 0.240 0.047 0.036 0.000 0.180 0.047 0.033 0.010 0.000 0.197 0.127 0.157 0.123 0.000 0.005 0.229 0.073 0.028 0.207 0.336 0.106 0.134 0.087 0.073 0.238 0.432 0.332 0.129 0.045 0.000 0.000 0.134 0.036 0.027 0.287 0.479 0.239 0.390 0.256 0.246 0.127 0.165 0.139 0.143 0.430 0.227 0.162 0.076 0.115
0.000 0.000 0.000 0.000 0.000 0.000 0.000 0.000 0.000 0.000 0.000 0.000 0.000 0.018 0.050 0.060 0.116 0.048 0.025 0.090 0.144 0.234 0.129 0.116 0.090 0.115 0.100 0.099 0.106 0.036 0.098 0.211 0.278 0.000 0.000 0.031 0.026 0.058 0.000 0.000 0.131 0.068 0.212 0.227 0.000 0.115 0.066 0.034 0.056 0.000 0.045 0.187 0.275 0.164 0.184 0.364 0.243 0.000 0.000 0.253 0.307 0.338 0.197 0.080 0.375 0.458 0.125 0.051 0.053 0.220 0.098 0.193 0.332 0.446 0.392 0.316 0.177
0.000 0.000 0.000 0.000 0.000 0.000 0.000 0.000 0.000 0.000 0.000 0.000 0.000 0.015 0.089 0.074 0.084 0.085 0.095 0.046 0.086 0.133 0.246 0.158 0.101 0.167 0.124 0.127 0.116 0.058 0.000 0.046 0.247 0.000 0.000 0.000 0.070 0.035 0.016 0.117 0.099 0.000 0.039 0.128 0.039 0.160 0.000 0.064 0.218 0.221 0.220 0.233 0.145 0.067 0.000 0.125 0.366 0.000 0.143 0.139 0.056 0.049 0.011 0.042 0.199 0.391 0.159 0.087 0.212 0.111 0.130 0.095 0.118 0.206 0.167 0.276 0.369
0.000 0.000 0.000 0.000 0.000 0.000 0.000 0.000 0.000 0.000 0.000 0.000 0.000 0.000 0.000 0.077 0.109 0.115 0.086 0.116 0.081 0.058 0.103 0.225 0.262 0.252 0.326 0.258 0.208 0.284 0.108 0.033 0.250 0.047 0.012 0.168 0.063 0.000 0.011 0.141 0.216 0.113 0.049 0.027 0.015 0.048 0.065 0.102 0.103 0.132 0.273 0.095 0.032 0.044 0.021 0.144 0.160 0.380 0.310 0.000 0.000 0.000 0.000 0.053 0.161 0.389 0.041 0.097 0.209 0.064 0.092 0.041 0.074 0.090 0.022 0.123 0.263
0.000 0.000 0.000 0.000 0.000 0.000 0.000 0.000 0.000 0.000 0.000 0.000 0.000 0.000 0.000 0.068 0.172 0.212 0.159 0.155 0.184 0.272 0.191 0.197 0.254 0.140 0.172 0.078 0.130 0.148 0.202 0.107 0.045 0.226 0.294 0.070 0.000 0.000 0.151 0.105 0.001 0.007 0.199 0.192 0.202 0.150 0.011 0.079 0.268 0.010 0.022 0.046 0.000 0.091 0.205 0.105 0.237 0.040 0.020 0.000 0.055 0.017 0.000 0.041 0.056 0.382 0.172 0.033 0.142 0.046 0.012 0.000 0.038 0.026 0.039 0.018 0.135
0.000 0.000 0.000 0.000 0.000 0.001 0.046 0.060 0.044 0.027 0.027 0.011 0.000 0.006 0.042 0.047 0.133 0.196 0.142 0.130 0.162 0.153 0.168 0.140 0.167 0.181 0.118 0.092 0.048 0.084 0.263 0.000 0.000 0.000 0.120 0.306 0.019 0.000 0.000 0.000 0.038 0.176 0.259 0.010 0.060 0.135 0.237 0.290 0.071 0.283 0.103 0.013 0.175 0.126 0.017 0.045 0.199 0.000 0.000 0.000 0.043 0.237 0.208 0.081 0.091 0.397 0.132 0.025 0.099 0.128 0.079 0.000 0.040 0.004 0.047 0.003 0.000
0.000 0.000 0.000 0.000 0.000 0.000 0.000 0.013 0.054 0.057 0.029 0.029 0.030 0.022 0.051 0.053 0.061 0.230 0.220 0.167 0.129 0.100 0.200 0.198 0.155 0.094 0.163 0.235 0.184 0.107 0.175 0.228 0.133 0.000 0.000 0.216 0.154 0.000 0.000 0.000 0.000 0.000 0.002 0.020 0.086 0.094 0.027 0.222 0.021 0.187 0.123 0.000 0.026 0.000 0.000 0.082 0.218 0.005 0.016 0.000 0.000 0.102 0.223 0.348 0.349 0.459 0.100 0.038 0.012 0.098 0.036 0.057 0.040 0.019 0.010 0.011 0.025
0.000 0.000 0.000 0.000 0.000 0.000 0.000 0.002 0.013 0.000 0.000 0.000 0.050 0.049 0.067 0.040 0.051 0.169 0.219 0.159 0.138 0.122 0.197 0.129 0.155 0.131 0.098 0.114 0.194 0.192 0.073 0.023 0.205 0.026 0.000 0.228 0.348 0.249 0.130 0.152 0.128 0.165 0.106 0.026 0.067 0.160 0.087 0.149 0.034 0.130 0.180 0.247 0.132 0.111 0.213 0.059 0.000 0.000 0.000 0.218 0.243 0.233 0.210 0.074 0.143 0.337 0.342 0.094 0.077 0.043 0.134 0.239 0.200 0.129 0.019 0.020 0.013
0.000 0.000 0.000 0.000 0.000 0.000 0.000 0.000 0.000 0.049 0.072 0.019 0.034 0.062 0.092 0.057 0.066 0.126 0.169 0.161 0.171 0.122 0.158 0.127 0.205 0.303 0.328 0.241 0.024 0.000 0.000 0.055 0.166 0.020 0.091 0.040 0.078 0.227 0.282 0.216 0.049 0.095 0.230 0.231 0.167 0.153 0.039 0.097 0.036 0.154 0.000 0.129 0.058 0.027 0.000 0.067 0.000 0.000 0.000 0.036 0.070 0.121 0.048 0.057 0.073 0.453 0.406 0.192 0.171 0.054 0.013 0.157 0.034 0.118 0.145 0.043 0.000
0.000 0.000 0.000 0.000 0.000 0.000 0.000 0.000 0.000 0.000 0.006 0.044 0.075 0.134 0.078 0.068 0.069 0.111 0.148 0.218 0.224 0.179 0.132 0.141 0.100 0.143 0.119 0.200 0.015 0.013 0.000 0.000 0.180 0.000 0.000 0.077 0.000 0.000 0.066 0.379 0.098 0.135 0.101 0.139 0.053 0.135 0.292 0.142 0.000 0.000 0.054 0.112 0.127 0.004 0.000 0.000 0.000 0.000 0.046 0.092 0.014 0.030 0.052 0.060 0.260 0.355 0.123 0.281 0.076 0.037 0.169 0.070 0.007 0.000 0.069 0.222 0.152
0.000 0.000 0.000 0.000 0.000 0.000 0.000 0.000 0.000 0.000 0.000 0.000 0.000 0.000 0.022 0.063 0.054 0.101 0.122 0.154 0.167 0.193 0.228 0.141 0.131 0.057 0.096 0.192 0.080 0.315 0.171 0.000 0.113 0.218 0.059 0.139 0.031 0.140 0.144 0.309 0.460 0.423 0.531 0.233 0.031 0.133 0.128 0.325 0.074 0.000 0.019 0.000 0.017 0.056 0.000 0.000 0.000 0.001 0.049 0.202 0.155 0.114 0.041 0.147 0.421 0.100 0.058 0.075 0.092 0.057 0.247 0.030 0.009 0.000 0.028 0.080 0.031
0.000 0.000 0.000 0.000 0.000 0.000 0.000 0.000 0.000 0.000 0.000 0.000 0.000 0.000 0.000 0.000 0.000 0.000 0.041 0.076 0.111 0.123 0.195 0.228 0.179 0.056 0.093 0.180 0.277 0.253 0.435 0.393 0.295 0.335 0.256 0.215 0.172 0.133 0.516 0.686 0.426 0.382 0.406 0.631 0.549 0.558 0.518 0.532 0.233 0.088 0.058 0.016 0.022 0.063 0.078 0.000 0.000 0.000 0.135 0.018 0.029 0.074 0.065 0.361 0.269 0.051 0.043 0.053 0.029 0.184 0.089 0.016 0.000 0.045 0.088 0.001 0.000
0.000 0.000 0.000 0.000 0.000 0.000 0.000 0.000 0.000 0.000 0.000 0.000 0.000 0.000 0.000 0.000 0.000 0.000 0.000 0.000 0.051 0.092 0.169 0.159 0.209 0.134 0.088 0.181 0.288 0.015 0.081 0.395 0.424 0.448 0.397 0.504 0.430 0.556 0.599 0.259 0.000 0.000 0.027 0.281 0.409 0.314 0.166 0.284 0.393 0.476 0.393 0.234 0.000 0.053 0.068 0.000 0.000 0.000 0.183 0.133 0.151 0.172 0.357 0.271 0.138 0.189 0.149 0.127 0.067 0.180 0.010 0.036 0.024 0.146 0.000 0.000 0.000
0.000 0.000 0.000 0.000 0.000 0.000 0.000 0.000 0.000 0.000 0.000 0.000 0.000 0.000 0.000 0.000 0.000 0.000 0.000 0.000 0.000 0.067 0.107 0.172 0.115 0.115 0.260 0.207 0.157 0.000 0.144 0.147 0.078 0.093 0.118 0.124 0.269 0.181 0.263 0.494 0.149 0.018 0.000 0.073 0.060 0.104 0.000 0.017 0.060 0.244 0.249 0.347 0.285 0.348 0.031 0.000 0.023 0.018 0.057 0.064 0.000 0.198 0.304 0.047 0.056 0.059 0.057 0.121 0.157 0.139 0.021 0.010 0.000 0.047 0.015 0.000 0.000
0.000 0.000 0.000 0.000 0.000 0.000 0.000 0.000 0.000 0.000 0.000 0.000 0.000 0.000 0.000 0.000 0.000 0.000 0.000 0.000 0.000 0.008 0.076 0.109 0.108 0.060 0.118 0.003 0.059 0.000 0.057 0.079 0.068 0.059 0.128 0.118 0.179 0.122 0.092 0.283 0.461 0.194 0.159 0.074 0.000 0.035 0.016 0.034 0.185 0.075 0.096 0.000 0.251 0.401 0.356 0.053 0.000 0.000 0.001 0.000 0.009 0.339 0.084 0.027 0.048 0.029 0.049 0.048 0.171 0.129 0.074 0.007 0.005 0.009 0.000 0.000 0.000
0.000 0.000 0.000 0.000 0.000 0.000 0.000 0.000 0.000 0.000 0.000 0.000 0.000 0.000 0.000 0.000 0.000 0.000 0.000 0.000 0.007 0.012 0.029 0.102 0.124 0.088 0.031 0.005 0.000 0.000 0.000 0.000 0.000 0.050 0.148 0.062 0.160 0.074 0.096 0.205 0.263 0.445 0.205 0.101 0.098 0.035 0.001 0.000 0.143 0.086 0.025 0.000 0.044 0.053 0.403 0.542 0.105 0.000 0.001 0.019 0.079 0.344 0.095 0.091 0.104 0.066 0.066 0.128 0.274 0.055 0.024 0.051 0.067 0.003 0.000 0.000 0.000
0.000 0.000 0.000 0.000 0.000 0.000 0.000 0.000 0.000 0.000 0.000 0.000 0.000 0.000 0.000 0.000 0.000 0.005 0.004 0.005 0.007 0.009 0.022 0.038 0.057 0.092 0.066 0.034 0.006 0.000 0.000 0.000 0.032 0.151 0.223 0.041 0.061 0.021 0.129 0.041 0.119 0.255 0.245 0.042 0.008 0.089 0.023 0.104 0.201 0.114 0.000 0.000 0.000 0.000 0.104 0.589 0.631 0.301 0.173 0.480 0.428 0.416 0.169 0.095 0.121 0.118 0.157 0.222 0.147 0.089 0.039 0.000 0.000 0.000 0.000 0.000 0.000
0.000 0.000 0.000 0.000 0.000 0.000 0.000 0.000 0.011 0.006 0.000 0.024 0.149 0.153 0.099 0.040 0.007 0.010 0.009 0.012 0.014 0.018 0.023 0.018 0.065 0.072 0.048 0.005 0.007 0.000 0.000 0.000 0.024 0.142 0.120 0.032 0.011 0.068 0.103 0.206 0.040 0.144 0.306 0.029 0.013 0.200 0.159 0.212 0.115 0.116 0.000 0.000 0.000 0.002 0.016 0.227 0.332 0.517 0.602 0.638 0.636 0.567 0.225 0.258 0.259 0.197 0.424 0.338 0.115 0.067 0.024 0.000 0.000 0.000 0.000 0.000 0.000
0.000 0.000 0.000 0.000 0.000 0.000 0.000 0.000 0.022 0.147 0.135 0.134 0.089 0.092 0.101 0.111 0.106 0.072 0.036 0.022 0.018 0.025 0.030 0.035 0.037 0.000 0.000 0.000 0.000 0.000 0.000 0.000 0.002 0.017 0.037 0.039 0.041 0.117 0.000 0.178 0.000 0.067 0.293 0.094 0.091 0.159 0.153 0.000 0.015 0.010 0.000 0.000 0.000 0.000 0.000 0.155 0.007 0.070 0.239 0.080 0.295 0.548 0.708 0.662 0.707 0.504 0.354 0.136 0.122 0.086 0.043 0.000 0.000 0.000 0.000 0.000 0.000
0.000 0.000 0.000 0.000 0.000 0.000 0.000 0.003 0.058 0.039 0.007 0.056 0.088 0.038 0.010 0.005 0.005 0.076 0.072 0.084 0.039 0.030 0.013 0.054 0.035 0.000 0.000 0.000 0.000 0.000 0.000 0.000 0.000 0.000 0.000 0.035 0.156 0.016 0.032 0.148 0.104 0.089 0.233 0.009 0.034 0.009 0.025 0.000 0.000 0.000 0.000 0.000 0.000 0.000 0.001 0.022 0.049 0.038 0.144 0.047 0.215 0.088 0.218 0.366 0.429 0.799 0.635 0.395 0.083 0.062 0.019 0.015 0.000 0.000 0.000 0.000 0.000
0.000 0.000 0.000 0.000 0.000 0.000 0.000 0.085 0.075 0.009 0.036 0.035 0.027 0.000 0.000 0.000 0.000 0.024 0.061 0.071 0.058 0.050 0.097 0.049 0.000 0.000 0.000 0.000 0.000 0.000 0.000 0.000 0.000 0.000 0.000 0.057 0.056 0.049 0.009 0.107 0.115 0.091 0.215 0.059 0.010 0.000 0.000 0.000 0.000 0.000 0.000 0.000 0.000 0.022 0.007 0.050 0.026 0.011 0.106 0.029 0.142 0.111 0.065 0.112 0.219 0.328 0.626 0.658 0.158 0.063 0.033 0.034 0.000 0.000 0.000 0.000 0.000
0.000 0.000 0.000 0.000 0.000 0.000 0.049 0.096 0.011 0.013 0.022 0.014 0.018 0.000 0.000 0.000 0.000 0.000 0.006 0.035 0.017 0.049 0.080 0.048 0.000 0.000 0.000 0.000 0.000 0.000 0.000 0.000 0.000 0.000 0.000 0.014 0.000 0.036 0.000 0.122 0.096 0.103 0.208 0.138 0.121 0.059 0.023 0.001 0.000 0.000 0.000 0.000 0.000 0.000 0.000 0.119 0.006 0.033 0.131 0.020 0.066 0.061 0.046 0.079 0.057 0.196 0.607 0.739 0.207 0.097 0.031 0.071 0.000 0.000 0.000 0.000 0.000
0.000 0.000 0.000 0.000 0.000 0.069 0.083 0.067 0.034 0.033 0.018 0.016 0.014 0.000 0.000 0.000 0.000 0.000 0.000 0.000 0.027 0.009 0.065 0.002 0.000 0.000 0.000 0.000 0.000 0.000 0.000 0.000 0.000 0.000 0.000 0.000 0.020 0.056 0.097 0.164 0.057 0.201 0.195 0.080 0.035 0.009 0.012 0.126 0.105 0.056 0.000 0.000 0.000 0.000 0.000 0.022 0.004 0.003 0.090 0.029 0.038 0.057 0.070 0.046 0.031 0.054 0.172 0.762 0.521 0.186 0.137 0.034 0.041 0.000 0.000 0.000 0.000
0.039 0.029 0.000 0.000 0.071 0.067 0.016 0.024 0.030 0.032 0.038 0.030 0.015 0.000 0.000 0.000 0.000 0.000 0.000 0.000 0.048 0.014 0.009 0.000 0.000 0.000 0.000 0.000 0.000 0.000 0.000 0.000 0.000 0.000 0.000 0.000 0.013 0.015 0.000 0.023 0.009 0.168 0.000 0.049 0.067 0.019 0.099 0.003 0.000 0.089 0.000 0.000 0.000 0.062 0.198 0.127 0.013 0.011 0.035 0.117 0.204 0.214 0.082 0.061 0.061 0.090 0.308 0.373 0.493 0.639 0.500 0.154 0.016 0.000 0.000 0.000 0.000
0.000 0.095 0.041 0.067 0.065 0.022 0.030 0.043 0.034 0.028 0.012 0.000 0.000 0.000 0.000 0.000 0.000 0.000 0.000 0.000 0.022 0.000 0.000 0.000 0.000 0.000 0.000 0.000 0.000 0.000 0.000 0.000 0.000 0.009 0.026 0.032 0.016 0.005 0.000 0.006 0.183 0.029 0.000 0.022 0.006 0.007 0.122 0.032 0.041 0.120 0.137 0.195 0.175 0.160 0.051 0.214 0.279 0.272 0.276 0.206 0.060 0.200 0.204 0.131 0.230 0.301 0.466 0.240 0.087 0.174 0.320 0.575 0.213 0.000 0.000 0.000 0.000
0.000 0.069 0.000 0.000 0.068 0.044 0.034 0.049 0.021 0.030 0.007 0.000 0.000 0.000 0.000 0.000 0.000 0.000 0.000 0.000 0.015 0.034 0.000 0.000 0.000 0.000 0.000 0.000 0.000 0.000 0.000 0.000 0.000 0.000 0.001 0.020 0.005 0.003 0.003 0.012 0.167 0.152 0.089 0.036 0.013 0.003 0.083 0.000 0.000 0.000 0.036 0.013 0.000 0.000 0.082 0.000 0.125 0.105 0.029 0.043 0.083 0.301 0.253 0.201 0.202 0.137 0.284 0.076 0.058 0.156 0.109 0.260 0.525 0.369 0.175 0.080 0.000
0.000 0.020 0.000 0.000 0.072 0.013 0.010 0.031 0.009 0.000 0.000 0.000 0.000 0.000 0.000 0.000 0.000 0.000 0.000 0.000 0.026 0.016 0.023 0.000 0.000 0.000 0.000 0.000 0.000 0.000 0.000 0.000 0.000 0.000 0.000 0.001 0.017 0.003 0.003 0.023 0.110 0.004 0.143 0.086 0.000 0.000 0.064 0.000 0.000 0.000 0.000 0.077 0.000 0.000 0.000 0.035 0.053 0.031 0.069 0.182 0.273 0.102 0.021 0.056 0.154 0.106 0.269 0.048 0.005 0.000 0.000 0.040 0.112 0.299 0.349 0.404 0.336
0.002 0.012 0.000 0.000 0.085 0.010 0.071 0.032 0.000 0.000 0.000 0.000 0.000 0.000 0.000 0.000 0.000 0.000 0.000 0.000 0.000 0.034 0.005 0.000 0.000 0.000 0.000 0.000 0.000 0.000 0.000 0.000 0.000 0.000 0.000 0.000 0.000 0.000 0.000 0.000 0.122 0.078 0.019 0.001 0.004 0.001 0.002 0.000 0.000 0.000 0.000 0.032 0.000 0.000 0.000 0.000 0.012 0.086 0.044 0.329 0.104 0.019 0.017 0.067 0.125 0.176 0.261 0.075 0.020 0.006 0.000 0.000 0.000 0.030 0.012 0.000 0.173
